run_seed,model,task,split,sequence_id,timestep,input,target,prediction,is_supervised
1710807515,fk_qslstm,ema,test,1000000,0,0.1951923370361328,0.11711540073156357,0.11734385788440704,True
1710807515,fk_qslstm,ema,test,1000000,1,-0.7004013061523438,-0.3265484869480133,-0.3192465901374817,True
1710807515,fk_qslstm,ema,test,1000000,2,-0.41920605301856995,-0.5127624273300171,-0.5152300000190735,True
1710807515,fk_qslstm,ema,test,1000000,3,-0.8913963437080383,-0.9450477361679077,-0.951174795627594,True
1710807515,fk_qslstm,ema,test,1000000,4,-0.08145847916603088,-0.8049132823944092,-0.8098154664039612,True
1710807515,fk_qslstm,ema,test,1000000,5,0.5771117210388184,-0.2976635694503784,-0.2966824173927307,True
1710807515,fk_qslstm,ema,test,1000000,6,0.3629365861415863,-0.020368898287415504,-0.02194228768348694,True
1710807515,fk_qslstm,ema,test,1000000,7,0.9568859338760376,0.5578364729881287,0.5523728728294373,True
1710807515,fk_qslstm,ema,test,1000000,8,-0.973996639251709,-0.1381288319826126,-0.13553136587142944,True
1710807515,fk_qslstm,ema,test,1000000,9,0.4812640845775604,0.1782553791999817,0.17563053965568542,True
1710807515,fk_qslstm,ema,test,1000000,10,0.13333722949028015,0.22260664403438568,0.22173337638378143,True
1710807515,fk_qslstm,ema,test,1000000,11,-0.9512094855308533,-0.3926403820514679,-0.3894890546798706,True
1710807515,fk_qslstm,ema,test,1000000,12,-0.2230726182460785,-0.4479558765888214,-0.4422825574874878,True
1710807515,fk_qslstm,ema,test,1000000,13,-0.3088279366493225,-0.5436614751815796,-0.5351999402046204,True
1710807515,fk_qslstm,ema,test,1000000,14,-0.19842639565467834,-0.5539849996566772,-0.5444251894950867,True
1710807515,fk_qslstm,ema,test,1000000,15,-0.5408509373664856,-0.7676985859870911,-0.7623191475868225,True
1710807515,fk_qslstm,ema,test,1000000,16,0.05389856919646263,-0.5818197131156921,-0.5764518976211548,True
1710807515,fk_qslstm,ema,test,1000000,17,0.4201917052268982,-0.21334074437618256,-0.21065109968185425,True
1710807515,fk_qslstm,ema,test,1000000,18,-0.6697974801063538,-0.5725510716438293,-0.5733838081359863,True
1710807515,fk_qslstm,ema,test,1000000,19,-0.6848318576812744,-0.868939995765686,-0.8763783574104309,True
1710807515,fk_qslstm,ema,test,1000000,20,0.5462455749511719,-0.36740460991859436,-0.369254469871521,True
1710807515,fk_qslstm,ema,test,1000000,21,-0.28257957100868225,-0.4634714424610138,-0.4634780287742615,True
1710807515,fk_qslstm,ema,test,1000000,22,0.24522008001804352,-0.22364510595798492,-0.22599726915359497,True
1710807515,fk_qslstm,ema,test,1000000,23,0.39072170853614807,0.055516939610242844,0.049543142318725586,True
1710807515,fk_qslstm,ema,test,1000000,24,-0.6071281433105469,-0.31986331939697266,-0.32407236099243164,True
1710807515,fk_qslstm,ema,test,1000000,25,-0.5501306056976318,-0.5859690308570862,-0.5924387574195862,True
1710807515,fk_qslstm,ema,test,1000000,26,0.762269139289856,-0.01141374185681343,-0.015567749738693237,True
1710807515,fk_qslstm,ema,test,1000000,27,-0.8243662118911743,-0.503750741481781,-0.506655752658844,True
1710807515,fk_qslstm,ema,test,1000000,28,0.028756797313690186,-0.3857465088367462,-0.38921570777893066,True
1710807515,fk_qslstm,ema,test,1000000,29,-0.4774235486984253,-0.5950513482093811,-0.5980225205421448,True
1710807515,fk_qslstm,ema,test,1000000,30,0.2182255983352661,-0.34510570764541626,-0.34789419174194336,True
1710807515,fk_qslstm,ema,test,1000000,31,-0.7400907278060913,-0.7201390266418457,-0.7268618941307068,True
1710807515,fk_qslstm,ema,test,1000001,0,-0.5220913290977478,-0.31325480341911316,-0.31086426973342896,True
1710807515,fk_qslstm,ema,test,1000001,1,-0.8877305388450623,-0.7832421660423279,-0.7888684868812561,True
1710807515,fk_qslstm,ema,test,1000001,2,-0.5095148086547852,-0.9323025941848755,-0.9502313733100891,True
1710807515,fk_qslstm,ema,test,1000001,3,-0.2634027898311615,-0.9038837552070618,-0.9193177819252014,True
1710807515,fk_qslstm,ema,test,1000001,4,0.17674575746059418,-0.6170595288276672,-0.6239305734634399,True
1710807515,fk_qslstm,ema,test,1000001,5,0.8145963549613953,-0.004889834672212601,-0.005953401327133179,True
1710807515,fk_qslstm,ema,test,1000001,6,-0.33691439032554626,-0.2060604989528656,-0.199945867061615,True
1710807515,fk_qslstm,ema,test,1000001,7,0.028461594134569168,-0.1477714478969574,-0.14164799451828003,True
1710807515,fk_qslstm,ema,test,1000001,8,-0.5414043068885803,-0.4430597424507141,-0.4366214871406555,True
1710807515,fk_qslstm,ema,test,1000001,9,0.729504406452179,0.0832548514008522,0.08737611770629883,True
1710807515,fk_qslstm,ema,test,1000001,10,-0.5451743602752686,-0.2605007290840149,-0.25352805852890015,True
1710807515,fk_qslstm,ema,test,1000001,11,0.5473229885101318,0.11999320238828659,0.1208963543176651,True
1710807515,fk_qslstm,ema,test,1000001,12,-0.6153038740158081,-0.2731877565383911,-0.2699764370918274,True
1710807515,fk_qslstm,ema,test,1000001,13,0.32257989048957825,-0.02500227466225624,-0.02638542652130127,True
1710807515,fk_qslstm,ema,test,1000001,14,-0.18616674840450287,-0.13170187175273895,-0.12887948751449585,True
1710807515,fk_qslstm,ema,test,1000001,15,0.35435470938682556,0.10725133866071701,0.10562364757061005,True
1710807515,fk_qslstm,ema,test,1000001,16,-0.6583674550056458,-0.3092193901538849,-0.3094192147254944,True
1710807515,fk_qslstm,ema,test,1000001,17,-0.6026984453201294,-0.6089945435523987,-0.6129171252250671,True
1710807515,fk_qslstm,ema,test,1000001,18,-0.6421162486076355,-0.8724654316902161,-0.879399836063385,True
1710807515,fk_qslstm,ema,test,1000001,19,0.4671851694583893,-0.41766121983528137,-0.419566810131073,True
1710807515,fk_qslstm,ema,test,1000001,20,0.08837393671274185,-0.2811046242713928,-0.28327298164367676,True
1710807515,fk_qslstm,ema,test,1000001,21,0.5570659637451172,0.10935588926076889,0.10290253162384033,True
1710807515,fk_qslstm,ema,test,1000001,22,-0.5001805424690247,-0.21262361109256744,-0.21505630016326904,True
1710807515,fk_qslstm,ema,test,1000001,23,0.1418735533952713,-0.0849747583270073,-0.08930999040603638,True
1710807515,fk_qslstm,ema,test,1000001,24,0.5984861850738525,0.29111191630363464,0.2849736213684082,True
1710807515,fk_qslstm,ema,test,1000001,25,-0.06829442083835602,0.19191287457942963,0.1880798190832138,True
1710807515,fk_qslstm,ema,test,1000001,26,-0.8314828276634216,-0.3453594148159027,-0.3485264182090759,True
1710807515,fk_qslstm,ema,test,1000001,27,0.455096960067749,-0.0032293573021888733,-0.007805943489074707,True
1710807515,fk_qslstm,ema,test,1000001,28,-0.982394278049469,-0.5920200347900391,-0.5918300747871399,True
1710807515,fk_qslstm,ema,test,1000001,29,0.3724408447742462,-0.25015154480934143,-0.24981999397277832,True
1710807515,fk_qslstm,ema,test,1000001,30,-0.5250232219696045,-0.5151351690292358,-0.5139857530593872,True
1710807515,fk_qslstm,ema,test,1000001,31,0.5159379243850708,-0.10254540294408798,-0.10310310125350952,True
1710807515,fk_qslstm,ema,test,1000002,0,-0.8907409310340881,-0.5344445705413818,-0.524279773235321,True
1710807515,fk_qslstm,ema,test,1000002,1,-0.64119952917099,-0.8122753500938416,-0.8204076886177063,True
1710807515,fk_qslstm,ema,test,1000002,2,-0.009248386137187481,-0.6553693413734436,-0.6661732792854309,True
1710807515,fk_qslstm,ema,test,1000002,3,0.8462951183319092,-0.016518397256731987,-0.01771014928817749,True
1710807515,fk_qslstm,ema,test,1000002,4,0.8497307896614075,0.4966237545013428,0.496189683675766,True
1710807515,fk_qslstm,ema,test,1000002,5,0.8208928108215332,0.8898347020149231,0.8942235112190247,True
1710807515,fk_qslstm,ema,test,1000002,6,-0.5170227885246277,0.40165406465530396,0.401477575302124,True
1710807515,fk_qslstm,ema,test,1000002,7,0.42236652970314026,0.5747431516647339,0.5737007856369019,True
1710807515,fk_qslstm,ema,test,1000002,8,0.06382060796022415,0.4980868995189667,0.49777981638908386,True
1710807515,fk_qslstm,ema,test,1000002,9,0.47714874148368835,0.6847587823867798,0.6868940591812134,True
1710807515,fk_qslstm,ema,test,1000002,10,0.9635756015777588,1.1259523630142212,1.1307446956634521,True
1710807515,fk_qslstm,ema,test,1000002,11,0.24048937857151031,1.0450555086135864,1.0475025177001953,True
1710807515,fk_qslstm,ema,test,1000002,12,0.8237231373786926,1.3302782773971558,1.3275058269500732,True
1710807515,fk_qslstm,ema,test,1000002,13,0.3647456169128418,1.2830699682235718,1.2816433906555176,True
1710807515,fk_qslstm,ema,test,1000002,14,0.8046392798423767,1.5092395544052124,1.4897165298461914,True
1710807515,fk_qslstm,ema,test,1000002,15,0.44246599078178406,1.4728713035583496,1.4556245803833008,True
1710807515,fk_qslstm,ema,test,1000002,16,0.8668885827064514,1.6984301805496216,1.6403820514678955,True
1710807515,fk_qslstm,ema,test,1000002,17,0.5597910284996033,1.6946187019348145,1.6304361820220947,True
1710807515,fk_qslstm,ema,test,1000002,18,0.739250659942627,1.7992453575134277,1.70859694480896,True
1710807515,fk_qslstm,ema,test,1000002,19,-0.22284826636314392,1.3056873083114624,1.3101153373718262,True
1710807515,fk_qslstm,ema,test,1000002,20,-0.3578968644142151,0.8298117518424988,0.861784040927887,True
1710807515,fk_qslstm,ema,test,1000002,21,-0.23248600959777832,0.524357795715332,0.5305062532424927,True
1710807515,fk_qslstm,ema,test,1000002,22,0.7988960146903992,0.8988238573074341,0.9047952890396118,True
1710807515,fk_qslstm,ema,test,1000002,23,0.8425582051277161,1.224593997001648,1.226916790008545,True
1710807515,fk_qslstm,ema,test,1000002,24,0.8588733077049255,1.4949991703033447,1.4710307121276855,True
1710807515,fk_qslstm,ema,test,1000002,25,-0.43912792205810547,0.9325225949287415,0.926311731338501,True
1710807515,fk_qslstm,ema,test,1000002,26,0.2823639214038849,0.9154364466667175,0.9127994179725647,True
1710807515,fk_qslstm,ema,test,1000002,27,0.13509812951087952,0.8134080171585083,0.8026219606399536,True
1710807515,fk_qslstm,ema,test,1000002,28,0.6714302897453308,1.0535845756530762,1.0473308563232422,True
1710807515,fk_qslstm,ema,test,1000002,29,0.5053495764732361,1.1460773944854736,1.1400671005249023,True
1710807515,fk_qslstm,ema,test,1000002,30,-0.5900839567184448,0.562811553478241,0.5492178201675415,True
1710807515,fk_qslstm,ema,test,1000002,31,0.3051818907260895,0.6333584189414978,0.6184499263763428,True
1710807515,fk_qslstm,ema,test,1000003,0,0.5308130383491516,0.31848782300949097,0.3179861307144165,True
1710807515,fk_qslstm,ema,test,1000003,1,0.901005208492279,0.7953934073448181,0.8028388619422913,True
1710807515,fk_qslstm,ema,test,1000003,2,-0.488423228263855,0.3432607650756836,0.3407421112060547,True
1710807515,fk_qslstm,ema,test,1000003,3,-0.39581501483917236,0.03711961209774017,0.033595263957977295,True
1710807515,fk_qslstm,ema,test,1000003,4,0.27268195152282715,0.1933048665523529,0.18812903761863708,True
1710807515,fk_qslstm,ema,test,1000003,5,0.03162217140197754,0.1736171990633011,0.17072464525699615,True
1710807515,fk_qslstm,ema,test,1000003,6,-0.04928915947675705,0.1093202605843544,0.10874643921852112,True
1710807515,fk_qslstm,ema,test,1000003,7,0.10753051191568375,0.15197451412677765,0.1515686810016632,True
1710807515,fk_qslstm,ema,test,1000003,8,0.5780867338180542,0.468431681394577,0.468058317899704,True
1710807515,fk_qslstm,ema,test,1000003,9,0.9136444330215454,0.922931969165802,0.9282310009002686,True
1710807515,fk_qslstm,ema,test,1000003,10,-0.9789911508560181,0.15095090866088867,0.159891739487648,True
1710807515,fk_qslstm,ema,test,1000003,11,0.3421711027622223,0.3260633647441864,0.32949647307395935,True
1710807515,fk_qslstm,ema,test,1000003,12,-0.35072198510169983,0.05041751638054848,0.058170586824417114,True
1710807515,fk_qslstm,ema,test,1000003,13,-0.34109315276145935,-0.1643218845129013,-0.1542990803718567,True
1710807515,fk_qslstm,ema,test,1000003,14,0.9501213431358337,0.4386152923107147,0.4434182047843933,True
1710807515,fk_qslstm,ema,test,1000003,15,0.9003323912620544,0.8910916447639465,0.8994143009185791,True
1710807515,fk_qslstm,ema,test,1000003,16,-0.7650089263916016,0.2538679540157318,0.25440987944602966,True
1710807515,fk_qslstm,ema,test,1000003,17,-0.09180489182472229,0.14801141619682312,0.14654366672039032,True
1710807515,fk_qslstm,ema,test,1000003,18,-0.7986226677894592,-0.3607644736766815,-0.3610500693321228,True
1710807515,fk_qslstm,ema,test,1000003,19,-0.15624237060546875,-0.38235700130462646,-0.3797803521156311,True
1710807515,fk_qslstm,ema,test,1000003,20,0.8865664601325989,0.22605428099632263,0.22574791312217712,True
1710807515,fk_qslstm,ema,test,1000003,21,0.13431435823440552,0.26143205165863037,0.25970903038978577,True
1710807515,fk_qslstm,ema,test,1000003,22,-0.47089335322380066,-0.07339037209749222,-0.07329785823822021,True
1710807515,fk_qslstm,ema,test,1000003,23,-0.40938514471054077,-0.30434340238571167,-0.3024159073829651,True
1710807515,fk_qslstm,ema,test,1000003,24,-0.2609451413154602,-0.4000418186187744,-0.395224928855896,True
1710807515,fk_qslstm,ema,test,1000003,25,-0.6923942565917969,-0.7354699969291687,-0.7351818680763245,True
1710807515,fk_qslstm,ema,test,1000003,26,0.18994440138339996,-0.4744093716144562,-0.4735105633735657,True
1710807515,fk_qslstm,ema,test,1000003,27,-0.03849947080016136,-0.402627170085907,-0.4012373685836792,True
1710807515,fk_qslstm,ema,test,1000003,28,0.47946110367774963,-0.03442507982254028,-0.03744024038314819,True
1710807515,fk_qslstm,ema,test,1000003,29,0.8015563488006592,0.45339372754096985,0.4483325779438019,True
1710807515,fk_qslstm,ema,test,1000003,30,0.10778485983610153,0.4273858964443207,0.42029187083244324,True
1710807515,fk_qslstm,ema,test,1000003,31,0.07080826163291931,0.38439369201660156,0.3765474855899811,True
1710807515,fk_qslstm,ema,test,1000004,0,-0.032783690840005875,-0.019670214504003525,-0.01849702000617981,True
1710807515,fk_qslstm,ema,test,1000004,1,0.02786005474627018,0.0009798606624826789,0.001428365707397461,True
1710807515,fk_qslstm,ema,test,1000004,2,0.8021678924560547,0.48208463191986084,0.47477057576179504,True
1710807515,fk_qslstm,ema,test,1000004,3,-0.879196286201477,-0.1418500542640686,-0.14251625537872314,True
1710807515,fk_qslstm,ema,test,1000004,4,-0.03480532765388489,-0.13436323404312134,-0.13401734828948975,True
1710807515,fk_qslstm,ema,test,1000004,5,-0.8717470169067383,-0.630538821220398,-0.6311802864074707,True
1710807515,fk_qslstm,ema,test,1000004,6,0.1930762529373169,-0.38858529925346375,-0.38732051849365234,True
1710807515,fk_qslstm,ema,test,1000004,7,0.3489045798778534,-0.10152549296617508,-0.10172048211097717,True
1710807515,fk_qslstm,ema,test,1000004,8,0.4415259063243866,0.18369515240192413,0.17965078353881836,True
1710807515,fk_qslstm,ema,test,1000004,9,-0.18446215987205505,0.03627882897853851,0.035979390144348145,True
1710807515,fk_qslstm,ema,test,1000004,10,-0.7392696142196655,-0.414538711309433,-0.4161948561668396,True
1710807515,fk_qslstm,ema,test,1000004,11,0.4393160939216614,-0.06804130971431732,-0.07104122638702393,True
1710807515,fk_qslstm,ema,test,1000004,12,0.7086552977561951,0.37076014280319214,0.3670615255832672,True
1710807515,fk_qslstm,ema,test,1000004,13,0.9830048084259033,0.8864110112190247,0.8858949542045593,True
1710807515,fk_qslstm,ema,test,1000004,14,0.0203168373554945,0.7213189005851746,0.7142990827560425,True
1710807515,fk_qslstm,ema,test,1000004,15,-0.8193800449371338,0.08542710542678833,0.0763334184885025,True
1710807515,fk_qslstm,ema,test,1000004,16,-0.769828200340271,-0.393555223941803,-0.4033554792404175,True
1710807515,fk_qslstm,ema,test,1000004,17,-0.8344540596008301,-0.8155166506767273,-0.8274644017219543,True
1710807515,fk_qslstm,ema,test,1000004,18,0.6472062468528748,-0.26408955454826355,-0.2669423222541809,True
1710807515,fk_qslstm,ema,test,1000004,19,-0.4353680908679962,-0.472492516040802,-0.472728967666626,True
1710807515,fk_qslstm,ema,test,1000004,20,0.15433943271636963,-0.28539034724235535,-0.28681647777557373,True
1710807515,fk_qslstm,ema,test,1000004,21,0.19877374172210693,-0.1090480387210846,-0.11192157864570618,True
1710807515,fk_qslstm,ema,test,1000004,22,0.717742919921875,0.3434073030948639,0.33773893117904663,True
1710807515,fk_qslstm,ema,test,1000004,23,0.8720855712890625,0.7979772090911865,0.7970506548881531,True
1710807515,fk_qslstm,ema,test,1000004,24,-0.4982125759124756,0.33945420384407043,0.33254456520080566,True
1710807515,fk_qslstm,ema,test,1000004,25,-0.7684493660926819,-0.18950624763965607,-0.19747501611709595,True
1710807515,fk_qslstm,ema,test,1000004,26,0.2511025667190552,-0.0009434705716557801,-0.008758306503295898,True
1710807515,fk_qslstm,ema,test,1000004,27,-0.9512385129928589,-0.571497917175293,-0.5753857493400574,True
1710807515,fk_qslstm,ema,test,1000004,28,-0.8108124732971191,-0.94368577003479,-0.9524374604225159,True
1710807515,fk_qslstm,ema,test,1000004,29,-0.6858333945274353,-1.166448712348938,-1.173720359802246,True
1710807515,fk_qslstm,ema,test,1000004,30,-0.9795531034469604,-1.5208908319473267,-1.4951987266540527,True
1710807515,fk_qslstm,ema,test,1000004,31,-0.49323493242263794,-1.5126535892486572,-1.4916865825653076,True
1710807515,fk_qslstm,ema,test,1000005,0,-0.037036385387182236,-0.02222183160483837,-0.021027803421020508,True
1710807515,fk_qslstm,ema,test,1000005,1,-0.43845322728157043,-0.2808493971824646,-0.27608996629714966,True
1710807515,fk_qslstm,ema,test,1000005,2,-0.29919442534446716,-0.404196172952652,-0.4049990773200989,True
1710807515,fk_qslstm,ema,test,1000005,3,-0.6908375024795532,-0.7378594279289246,-0.7431245446205139,True
1710807515,fk_qslstm,ema,test,1000005,4,0.06237498298287392,-0.5528625249862671,-0.5551385283470154,True
1710807515,fk_qslstm,ema,test,1000005,5,0.8390277624130249,0.06112661585211754,0.058992043137550354,True
1710807515,fk_qslstm,ema,test,1000005,6,-0.7257264256477356,-0.38653457164764404,-0.3870609402656555,True
1710807515,fk_qslstm,ema,test,1000005,7,-0.6971431374549866,-0.7275135517120361,-0.7350276112556458,True
1710807515,fk_qslstm,ema,test,1000005,8,-0.15838311612606049,-0.677040696144104,-0.6812845468521118,True
1710807515,fk_qslstm,ema,test,1000005,9,-0.5305354595184326,-0.8599538207054138,-0.8656745553016663,True
1710807515,fk_qslstm,ema,test,1000005,10,0.809234619140625,-0.20242229104042053,-0.20114034414291382,True
1710807515,fk_qslstm,ema,test,1000005,11,0.9795138835906982,0.42577049136161804,0.41975685954093933,True
1710807515,fk_qslstm,ema,test,1000005,12,-0.3408831059932709,0.13608652353286743,0.13125759363174438,True
1710807515,fk_qslstm,ema,test,1000005,13,0.904952347278595,0.6518406271934509,0.6464875936508179,True
1710807515,fk_qslstm,ema,test,1000005,14,0.10463060438632965,0.5842508673667908,0.5764952301979065,True
1710807515,fk_qslstm,ema,test,1000005,15,0.08792469650506973,0.5201555490493774,0.5111042857170105,True
1710807515,fk_qslstm,ema,test,1000005,16,0.7499048709869385,0.8660673499107361,0.8651940226554871,True
1710807515,fk_qslstm,ema,test,1000005,17,-0.32207873463630676,0.4996066391468048,0.49502143263816833,True
1710807515,fk_qslstm,ema,test,1000005,18,0.5369981527328491,0.7218841910362244,0.7202129364013672,True
1710807515,fk_qslstm,ema,test,1000005,19,-0.30885812640190125,0.3921924829483032,0.3897692561149597,True
1710807515,fk_qslstm,ema,test,1000005,20,-0.7141147255897522,-0.11471486836671829,-0.11657673120498657,True
1710807515,fk_qslstm,ema,test,1000005,21,-0.142192080616951,-0.17708714306354523,-0.17421585321426392,True
1710807515,fk_qslstm,ema,test,1000005,22,0.08704648166894913,-0.08944182842969894,-0.08467969298362732,True
1710807515,fk_qslstm,ema,test,1000005,23,-0.7832212448120117,-0.5414862036705017,-0.5391234159469604,True
1710807515,fk_qslstm,ema,test,1000005,24,0.30263572931289673,-0.2516075074672699,-0.250421941280365,True
1710807515,fk_qslstm,ema,test,1000005,25,0.07858435809612274,-0.15413539111614227,-0.1527707576751709,True
1710807515,fk_qslstm,ema,test,1000005,26,0.21586762368679047,0.006212261039763689,0.004281938076019287,True
1710807515,fk_qslstm,ema,test,1000005,27,0.8319998979568481,0.504169762134552,0.501011073589325,True
1710807515,fk_qslstm,ema,test,1000005,28,-0.10614091157913208,0.3396512567996979,0.335738867521286,True
1710807515,fk_qslstm,ema,test,1000005,29,0.25298020243644714,0.4235091209411621,0.41740262508392334,True
1710807515,fk_qslstm,ema,test,1000005,30,0.9257785081863403,0.8942744135856628,0.8949506282806396,True
1710807515,fk_qslstm,ema,test,1000005,31,-0.10208365321159363,0.6541693210601807,0.6492593884468079,True
1710807515,fk_qslstm,ema,test,1000006,0,0.41430026292800903,0.24858014285564423,0.24845710396766663,True
1710807515,fk_qslstm,ema,test,1000006,1,-0.8552823066711426,-0.31430524587631226,-0.30046164989471436,True
1710807515,fk_qslstm,ema,test,1000006,2,-0.6806896924972534,-0.659857988357544,-0.6618484854698181,True
1710807515,fk_qslstm,ema,test,1000006,3,-0.4185400903224945,-0.7790104746818542,-0.7830466628074646,True
1710807515,fk_qslstm,ema,test,1000006,4,0.9511492252349854,-0.05251883715391159,-0.05328178405761719,True
1710807515,fk_qslstm,ema,test,1000006,5,0.9138069152832031,0.5062690377235413,0.5025047063827515,True
1710807515,fk_qslstm,ema,test,1000006,6,0.6875483989715576,0.8175442814826965,0.8166909217834473,True
1710807515,fk_qslstm,ema,test,1000006,7,-0.7103101015090942,0.22784936428070068,0.222932368516922,True
1710807515,fk_qslstm,ema,test,1000006,8,0.9672708511352539,0.7626420259475708,0.7583534717559814,True
1710807515,fk_qslstm,ema,test,1000006,9,-0.40630820393562317,0.3663286864757538,0.358328640460968,True
1710807515,fk_qslstm,ema,test,1000006,10,0.9649872183799744,0.8720552921295166,0.8678701519966125,True
1710807515,fk_qslstm,ema,test,1000006,11,0.11962812393903732,0.7694211006164551,0.7613062858581543,True
1710807515,fk_qslstm,ema,test,1000006,12,0.7765222191810608,1.0814502239227295,1.0796048641204834,True
1710807515,fk_qslstm,ema,test,1000006,13,0.15588946640491486,0.9586938619613647,0.955790102481842,True
1710807515,fk_qslstm,ema,test,1000006,14,0.6298805475234985,1.144883394241333,1.1460695266723633,True
1710807515,fk_qslstm,ema,test,1000006,15,0.9818209409713745,1.5049992799758911,1.4768691062927246,True
1710807515,fk_qslstm,ema,test,1000006,16,0.6085052490234375,1.5691026449203491,1.5254371166229248,True
1710807515,fk_qslstm,ema,test,1000006,17,-0.6603817939758301,0.8590530157089233,0.8639369606971741,True
1710807515,fk_qslstm,ema,test,1000006,18,0.2922891080379486,0.8626158833503723,0.8757776618003845,True
1710807515,fk_qslstm,ema,test,1000006,19,-0.004316980950534344,0.6875025033950806,0.6884528398513794,True
1710807515,fk_qslstm,ema,test,1000006,20,0.21210965514183044,0.6772677898406982,0.6711182594299316,True
1710807515,fk_qslstm,ema,test,1000006,21,-0.23017597198486328,0.40370863676071167,0.39264512062072754,True
1710807515,fk_qslstm,ema,test,1000006,22,0.12918773293495178,0.4004795551300049,0.38838380575180054,True
1710807515,fk_qslstm,ema,test,1000006,23,0.07733528316020966,0.36678481101989746,0.35644280910491943,True
1710807515,fk_qslstm,ema,test,1000006,24,0.2883760631084442,0.466453492641449,0.4571987986564636,True
1710807515,fk_qslstm,ema,test,1000006,25,0.37178680300712585,0.5962348580360413,0.5891894102096558,True
1710807515,fk_qslstm,ema,test,1000006,26,-0.2863292396068573,0.3051903545856476,0.30025514960289,True
1710807515,fk_qslstm,ema,test,1000006,27,0.8316735625267029,0.7431564331054688,0.7437182664871216,True
1710807515,fk_qslstm,ema,test,1000006,28,-0.8926122784614563,0.0589577741920948,0.062121838331222534,True
1710807515,fk_qslstm,ema,test,1000006,29,-0.36098724603652954,-0.16942612826824188,-0.16458660364151,True
1710807515,fk_qslstm,ema,test,1000006,30,-0.46228083968162537,-0.4129094183444977,-0.4055657982826233,True
1710807515,fk_qslstm,ema,test,1000006,31,-0.896173894405365,-0.8680318593978882,-0.8653309941291809,True
1710807515,fk_qslstm,ema,test,1000007,0,0.7270273566246033,0.43621641397476196,0.4329887330532074,True
1710807515,fk_qslstm,ema,test,1000007,1,0.9624903202056885,0.9264673590660095,0.9352257251739502,True
1710807515,fk_qslstm,ema,test,1000007,2,0.04112537205219269,0.7658491134643555,0.7648869156837463,True
1710807515,fk_qslstm,ema,test,1000007,3,0.8962866067886353,1.1504511833190918,1.151872158050537,True
1710807515,fk_qslstm,ema,test,1000007,4,0.0354730486869812,0.9416447877883911,0.9396966099739075,True
1710807515,fk_qslstm,ema,test,1000007,5,-0.9436730146408081,0.18711203336715698,0.18525749444961548,True
1710807515,fk_qslstm,ema,test,1000007,6,-0.5680935382843018,-0.19116650521755219,-0.1933594048023224,True
1710807515,fk_qslstm,ema,test,1000007,7,0.3654102683067322,0.06631296128034592,0.06249716877937317,True
1710807515,fk_qslstm,ema,test,1000007,8,0.23087134957313538,0.19157317280769348,0.18700650334358215,True
1710807515,fk_qslstm,ema,test,1000007,9,0.24853433668613434,0.30237913131713867,0.296223521232605,True
1710807515,fk_qslstm,ema,test,1000007,10,-0.9453797340393066,-0.32532450556755066,-0.32588380575180054,True
1710807515,fk_qslstm,ema,test,1000007,11,-0.7322773933410645,-0.6996260285377502,-0.7054453492164612,True
1710807515,fk_qslstm,ema,test,1000007,12,0.8607423305511475,-0.04325546324253082,-0.04377257823944092,True
1710807515,fk_qslstm,ema,test,1000007,13,-0.9391566514968872,-0.5980983972549438,-0.5958890318870544,True
1710807515,fk_qslstm,ema,test,1000007,14,-0.45339635014533997,-0.7505165338516235,-0.7526645064353943,True
1710807515,fk_qslstm,ema,test,1000007,15,-0.8728901743888855,-1.1241472959518433,-1.1255559921264648,True
1710807515,fk_qslstm,ema,test,1000007,16,-0.7117655873298645,-1.3263771533966064,-1.3224549293518066,True
1710807515,fk_qslstm,ema,test,1000007,17,0.31537333130836487,-0.8718777894973755,-0.8772826790809631,True
1710807515,fk_qslstm,ema,test,1000007,18,0.1479552537202835,-0.6087290644645691,-0.6155305504798889,True
1710807515,fk_qslstm,ema,test,1000007,19,-0.641308605670929,-0.8717684149742126,-0.8827604651451111,True
1710807515,fk_qslstm,ema,test,1000007,20,0.24026651680469513,-0.5532548427581787,-0.5587500333786011,True
1710807515,fk_qslstm,ema,test,1000007,21,0.9639533162117004,0.1357681304216385,0.12804728746414185,True
1710807515,fk_qslstm,ema,test,1000007,22,-0.433674156665802,-0.1515899896621704,-0.1529858410358429,True
1710807515,fk_qslstm,ema,test,1000007,23,-0.7010157108306885,-0.5418814420700073,-0.5471522808074951,True
1710807515,fk_qslstm,ema,test,1000007,24,-0.8531123399734497,-0.9453725814819336,-0.9542283415794373,True
1710807515,fk_qslstm,ema,test,1000007,25,-0.7096145153045654,-1.182066798210144,-1.1890044212341309,True
1710807515,fk_qslstm,ema,test,1000007,26,-0.8609269857406616,-1.4622095823287964,-1.448901653289795,True
1710807515,fk_qslstm,ema,test,1000007,27,-0.27440109848976135,-1.3344082832336426,-1.335846185684204,True
1710807515,fk_qslstm,ema,test,1000007,28,-0.873932957649231,-1.5918864011764526,-1.5688717365264893,True
1710807515,fk_qslstm,ema,test,1000007,29,0.046274155378341675,-1.2457447052001953,-1.259450912475586,True
1710807515,fk_qslstm,ema,test,1000007,30,0.038759224116802216,-0.9733402132987976,-1.0012147426605225,True
1710807515,fk_qslstm,ema,test,1000007,31,-0.11593534052371979,-0.8482333421707153,-0.8702190518379211,True
1710807515,fk_qslstm,ema,test,1000008,0,-0.11288866400718689,-0.06773319840431213,-0.06618344783782959,True
1710807515,fk_qslstm,ema,test,1000008,1,-0.37973976135253906,-0.2820304036140442,-0.27816230058670044,True
1710807515,fk_qslstm,ema,test,1000008,2,-0.9424885511398315,-0.7911174297332764,-0.7973331809043884,True
1710807515,fk_qslstm,ema,test,1000008,3,0.04256855696439743,-0.6073528528213501,-0.6112339496612549,True
1710807515,fk_qslstm,ema,test,1000008,4,-0.2329527884721756,-0.6256539225578308,-0.6260716319084167,True
1710807515,fk_qslstm,ema,test,1000008,5,-0.7500529289245605,-0.9505549073219299,-0.9554675221443176,True
1710807515,fk_qslstm,ema,test,1000008,6,-0.6323035359382629,-1.1398260593414307,-1.1457529067993164,True
1710807515,fk_qslstm,ema,test,1000008,7,0.6162450909614563,-0.5421137809753418,-0.5407261252403259,True
1710807515,fk_qslstm,ema,test,1000008,8,-0.5275508165359497,-0.7502215504646301,-0.7531633973121643,True
1710807515,fk_qslstm,ema,test,1000008,9,0.1041644960641861,-0.5376785397529602,-0.5389078259468079,True
1710807515,fk_qslstm,ema,test,1000008,10,-0.3630576729774475,-0.6479774117469788,-0.6480296850204468,True
1710807515,fk_qslstm,ema,test,1000008,11,0.3507195711135864,-0.3079501986503601,-0.30699974298477173,True
1710807515,fk_qslstm,ema,test,1000008,12,-0.6242905259132385,-0.6209344863891602,-0.6225658059120178,True
1710807515,fk_qslstm,ema,test,1000008,13,0.8716941475868225,0.02626890130341053,0.023851335048675537,True
1710807515,fk_qslstm,ema,test,1000008,14,0.0008398173958994448,0.0215190127491951,0.02120131254196167,True
1710807515,fk_qslstm,ema,test,1000008,15,-0.8046275973320007,-0.4655613601207733,-0.46819907426834106,True
1710807515,fk_qslstm,ema,test,1000008,16,0.7830805778503418,0.0973992571234703,0.0936724841594696,True
1710807515,fk_qslstm,ema,test,1000008,17,0.07357517629861832,0.122064508497715,0.12020787596702576,True
1710807515,fk_qslstm,ema,test,1000008,18,0.8047453165054321,0.5804988145828247,0.5786498785018921,True
1710807515,fk_qslstm,ema,test,1000008,19,-0.29663994908332825,0.28641507029533386,0.2843203544616699,True
1710807515,fk_qslstm,ema,test,1000008,20,0.02547212690114975,0.24441532790660858,0.24154159426689148,True
1710807515,fk_qslstm,ema,test,1000008,21,0.42971915006637573,0.4533637464046478,0.4508286714553833,True
1710807515,fk_qslstm,ema,test,1000008,22,-0.6702562570571899,-0.03946276009082794,-0.03985080122947693,True
1710807515,fk_qslstm,ema,test,1000008,23,0.7043218016624451,0.3910228908061981,0.3890407383441925,True
1710807515,fk_qslstm,ema,test,1000008,24,-0.406595379114151,0.06886108219623566,0.07174691557884216,True
1710807515,fk_qslstm,ema,test,1000008,25,0.2806422710418701,0.22347423434257507,0.2229050099849701,True
1710807515,fk_qslstm,ema,test,1000008,26,0.06311669945716858,0.21664941310882568,0.21758514642715454,True
1710807515,fk_qslstm,ema,test,1000008,27,-0.8020570278167725,-0.307914674282074,-0.30601435899734497,True
1710807515,fk_qslstm,ema,test,1000008,28,0.01694229058921337,-0.23616637289524078,-0.23277735710144043,True
1710807515,fk_qslstm,ema,test,1000008,29,-0.9550257325172424,-0.7619485259056091,-0.759468138217926,True
1710807515,fk_qslstm,ema,test,1000008,30,-0.7758798599243164,-1.0750867128372192,-1.0765137672424316,True
1710807515,fk_qslstm,ema,test,1000008,31,-0.997714638710022,-1.4586981534957886,-1.4338650703430176,True
1710807515,fk_qslstm,ema,test,1000009,0,0.38196098804473877,0.2291765958070755,0.22909942269325256,True
1710807515,fk_qslstm,ema,test,1000009,1,0.8172725439071655,0.6737048029899597,0.6774449944496155,True
1710807515,fk_qslstm,ema,test,1000009,2,0.5660796165466309,0.8786116242408752,0.8797717690467834,True
1710807515,fk_qslstm,ema,test,1000009,3,-0.1749074012041092,0.5979448556900024,0.5945464372634888,True
1710807515,fk_qslstm,ema,test,1000009,4,0.038797881454229355,0.5016345977783203,0.4965437352657318,True
1710807515,fk_qslstm,ema,test,1000009,5,-0.6897544264793396,-0.012544970959424973,-0.01617005467414856,True
1710807515,fk_qslstm,ema,test,1000009,6,-0.36378002166748047,-0.22830398380756378,-0.22751301527023315,True
1710807515,fk_qslstm,ema,test,1000009,7,0.17698611319065094,-0.07645151764154434,-0.07450109720230103,True
1710807515,fk_qslstm,ema,test,1000009,8,0.15417465567588806,0.031343575567007065,0.03271967172622681,True
1710807515,fk_qslstm,ema,test,1000009,9,0.9806544184684753,0.6134675145149231,0.6119359135627747,True
1710807515,fk_qslstm,ema,test,1000009,10,0.33006975054740906,0.6888158917427063,0.684204638004303,True
1710807515,fk_qslstm,ema,test,1000009,11,0.7488533854484558,1.0003647804260254,1.0015138387680054,True
1710807515,fk_qslstm,ema,test,1000009,12,-0.27653273940086365,0.6343721151351929,0.6300348043441772,True
1710807515,fk_qslstm,ema,test,1000009,13,-0.36230459809303284,0.29011496901512146,0.2837085723876953,True
1710807515,fk_qslstm,ema,test,1000009,14,0.5751891136169434,0.5772054195404053,0.5736036896705627,True
1710807515,fk_qslstm,ema,test,1000009,15,0.8650393486022949,0.9807879328727722,0.985025942325592,True
1710807515,fk_qslstm,ema,test,1000009,16,0.00541719002649188,0.7878806591033936,0.7871719002723694,True
1710807515,fk_qslstm,ema,test,1000009,17,0.8371166586875916,1.1325745582580566,1.136286973953247,True
1710807515,fk_qslstm,ema,test,1000009,18,0.9193429946899414,1.4576654434204102,1.4383299350738525,True
1710807515,fk_qslstm,ema,test,1000009,19,-0.7166343331336975,0.7361517548561096,0.737679123878479,True
1710807515,fk_qslstm,ema,test,1000009,20,0.3578077256679535,0.8036060333251953,0.8097078204154968,True
1710807515,fk_qslstm,ema,test,1000009,21,-0.7231483459472656,0.20899581909179688,0.20506416261196136,True
1710807515,fk_qslstm,ema,test,1000009,22,0.8072842955589294,0.6515672206878662,0.6488356590270996,True
1710807515,fk_qslstm,ema,test,1000009,23,-0.540511429309845,0.19694694876670837,0.1916104555130005,True
1710807515,fk_qslstm,ema,test,1000009,24,0.2744975686073303,0.3222561180591583,0.3131723999977112,True
1710807515,fk_qslstm,ema,test,1000009,25,0.6148796677589417,0.6267327070236206,0.6220482587814331,True
1710807515,fk_qslstm,ema,test,1000009,26,0.7813727259635925,0.9702097773551941,0.972489595413208,True
1710807515,fk_qslstm,ema,test,1000009,27,0.6232491135597229,1.15011727809906,1.1528973579406738,True
1710807515,fk_qslstm,ema,test,1000009,28,-0.5963870882987976,0.5622615814208984,0.5606967210769653,True
1710807515,fk_qslstm,ema,test,1000009,29,0.7018430829048157,0.8709151148796082,0.8757014870643616,True
1710807515,fk_qslstm,ema,test,1000009,30,0.351675808429718,0.9077375531196594,0.9118996262550354,True
1710807515,fk_qslstm,ema,test,1000009,31,0.45699411630630493,1.0003864765167236,1.0054173469543457,True
1710807515,fk_qslstm,ema,test,1000010,0,-0.9375244379043579,-0.5625146627426147,-0.5495901107788086,True
1710807515,fk_qslstm,ema,test,1000010,1,0.618338406085968,-0.07900867611169815,-0.07754582166671753,True
1710807515,fk_qslstm,ema,test,1000010,2,0.39396801590919495,0.17317385971546173,0.1721099615097046,True
1710807515,fk_qslstm,ema,test,1000010,3,0.8510914444923401,0.6491939425468445,0.649086594581604,True
1710807515,fk_qslstm,ema,test,1000010,4,-0.5701930522918701,0.1772393435239792,0.17855709791183472,True
1710807515,fk_qslstm,ema,test,1000010,5,-0.8046571016311646,-0.34100276231765747,-0.34084999561309814,True
1710807515,fk_qslstm,ema,test,1000010,6,-0.3822103440761566,-0.5021284222602844,-0.49886226654052734,True
1710807515,fk_qslstm,ema,test,1000010,7,-0.6721013784408569,-0.8049635887145996,-0.8046944737434387,True
1710807515,fk_qslstm,ema,test,1000010,8,0.5195927023887634,-0.33221524953842163,-0.3274074196815491,True
1710807515,fk_qslstm,ema,test,1000010,9,-0.5752436518669128,-0.610918402671814,-0.6085173487663269,True
1710807515,fk_qslstm,ema,test,1000010,10,0.5127872228622437,-0.18106235563755035,-0.18008017539978027,True
1710807515,fk_qslstm,ema,test,1000010,11,-0.2967165410518646,-0.322879821062088,-0.3187890648841858,True
1710807515,fk_qslstm,ema,test,1000010,12,0.3616764545440674,-0.04129796847701073,-0.04211848974227905,True
1710807515,fk_qslstm,ema,test,1000010,13,0.8302640914916992,0.4651200771331787,0.4623889625072479,True
1710807515,fk_qslstm,ema,test,1000010,14,-0.15020127594470978,0.28197529911994934,0.2790510952472687,True
1710807515,fk_qslstm,ema,test,1000010,15,0.7860977649688721,0.6972388625144958,0.6969571113586426,True
1710807515,fk_qslstm,ema,test,1000010,16,0.31827449798583984,0.7487558126449585,0.7475575804710388,True
1710807515,fk_qslstm,ema,test,1000010,17,-0.2624620199203491,0.44152742624282837,0.43723320960998535,True
1710807515,fk_qslstm,ema,test,1000010,18,-0.8032014966011047,-0.12869897484779358,-0.13205549120903015,True
1710807515,fk_qslstm,ema,test,1000010,19,-0.5461049675941467,-0.4306221604347229,-0.43257105350494385,True
1710807515,fk_qslstm,ema,test,1000010,20,0.9186717867851257,0.20670533180236816,0.20373396575450897,True
1710807515,fk_qslstm,ema,test,1000010,21,0.17886923253536224,0.27268579602241516,0.26955294609069824,True
1710807515,fk_qslstm,ema,test,1000010,22,0.20601297914981842,0.3417564332485199,0.33669614791870117,True
1710807515,fk_qslstm,ema,test,1000010,23,-0.8564810752868652,-0.24048349261283875,-0.24219650030136108,True
1710807515,fk_qslstm,ema,test,1000010,24,-0.2525183856487274,-0.34389781951904297,-0.3423294425010681,True
1710807515,fk_qslstm,ema,test,1000010,25,0.9149256348609924,0.273837149143219,0.2727581262588501,True
1710807515,fk_qslstm,ema,test,1000010,26,0.1126665249466896,0.28666964173316956,0.28496599197387695,True
1710807515,fk_qslstm,ema,test,1000010,27,-0.4917809069156647,-0.06573284417390823,-0.06555616855621338,True
1710807515,fk_qslstm,ema,test,1000010,28,0.17572510242462158,0.05284878611564636,0.05132776498794556,True
1710807515,fk_qslstm,ema,test,1000010,29,-0.1890653520822525,-0.07116018235683441,-0.06791535019874573,True
1710807515,fk_qslstm,ema,test,1000010,30,0.6081460118293762,0.3079594671726227,0.3081607222557068,True
1710807515,fk_qslstm,ema,test,1000010,31,-0.5718879103660583,-0.09676516801118851,-0.09384864568710327,True
1710807515,fk_qslstm,ema,test,1000011,0,0.8895692825317383,0.5337415933609009,0.5242302417755127,True
1710807515,fk_qslstm,ema,test,1000011,1,-0.20101632177829742,0.3063834607601166,0.3116045296192169,True
1710807515,fk_qslstm,ema,test,1000011,2,-0.13662821054458618,0.16312985122203827,0.16229477524757385,True
1710807515,fk_qslstm,ema,test,1000011,3,0.19242951273918152,0.24596159160137177,0.24173018336296082,True
1710807515,fk_qslstm,ema,test,1000011,4,0.6786571145057678,0.6039635539054871,0.6022307276725769,True
1710807515,fk_qslstm,ema,test,1000011,5,-0.13778740167617798,0.4004983901977539,0.3977205455303192,True
1710807515,fk_qslstm,ema,test,1000011,6,0.6223443150520325,0.6938052773475647,0.6939722299575806,True
1710807515,fk_qslstm,ema,test,1000011,7,0.682307779788971,0.9644289016723633,0.9703844785690308,True
1710807515,fk_qslstm,ema,test,1000011,8,-0.3199574947357178,0.57956862449646,0.5798116326332092,True
1710807515,fk_qslstm,ema,test,1000011,9,-0.28406745195388794,0.2932144105434418,0.2921246886253357,True
1710807515,fk_qslstm,ema,test,1000011,10,-0.7611549496650696,-0.2221214473247528,-0.22207939624786377,True
1710807515,fk_qslstm,ema,test,1000011,11,-0.10864008218050003,-0.24288120865821838,-0.23885393142700195,True
1710807515,fk_qslstm,ema,test,1000011,12,0.03508288413286209,-0.17325523495674133,-0.16708821058273315,True
1710807515,fk_qslstm,ema,test,1000011,13,0.6071395874023438,0.22567957639694214,0.2278558313846588,True
1710807515,fk_qslstm,ema,test,1000011,14,0.30560287833213806,0.3639054000377655,0.36340391635894775,True
1710807515,fk_qslstm,ema,test,1000011,15,0.09210259467363358,0.3463858664035797,0.3445638418197632,True
1710807515,fk_qslstm,ema,test,1000011,16,0.7463744282722473,0.7249333262443542,0.7276251912117004,True
1710807515,fk_qslstm,ema,test,1000011,17,0.7258961796760559,1.01548433303833,1.0228526592254639,True
1710807515,fk_qslstm,ema,test,1000011,18,-0.33582162857055664,0.610894501209259,0.6119498014450073,True
1710807515,fk_qslstm,ema,test,1000011,19,-0.539498507976532,0.1650165170431137,0.16280674934387207,True
1710807515,fk_qslstm,ema,test,1000011,20,-0.4541282057762146,-0.1404636949300766,-0.13957905769348145,True
1710807515,fk_qslstm,ema,test,1000011,21,0.0712319165468216,-0.06963180750608444,-0.06707751750946045,True
1710807515,fk_qslstm,ema,test,1000011,22,0.197889506816864,0.0630282610654831,0.06437253952026367,True
1710807515,fk_qslstm,ema,test,1000011,23,-0.30229392647743225,-0.13095374405384064,-0.1260925531387329,True
1710807515,fk_qslstm,ema,test,1000011,24,-0.03351829946041107,-0.12487397342920303,-0.1197902262210846,True
1710807515,fk_qslstm,ema,test,1000011,25,-0.43485313653945923,-0.3608110547065735,-0.3543879985809326,True
1710807515,fk_qslstm,ema,test,1000011,26,-0.45655450224876404,-0.5625815391540527,-0.557799220085144,True
1710807515,fk_qslstm,ema,test,1000011,27,-0.04637962579727173,-0.47789299488067627,-0.4722774624824524,True
1710807515,fk_qslstm,ema,test,1000011,28,0.43041425943374634,-0.12406584620475769,-0.12223407626152039,True
1710807515,fk_qslstm,ema,test,1000011,29,-0.7926530241966248,-0.574844479560852,-0.5760859847068787,True
1710807515,fk_qslstm,ema,test,1000011,30,0.7750826478004456,0.005173996556550264,0.0024951696395874023,True
1710807515,fk_qslstm,ema,test,1000011,31,0.8964427709579468,0.5420048236846924,0.5381392240524292,True
1710807515,fk_qslstm,ema,test,1000012,0,0.24224548041820526,0.14534728229045868,0.1454647034406662,True
1710807515,fk_qslstm,ema,test,1000012,1,-0.46058908104896545,-0.1600756198167801,-0.15085625648498535,True
1710807515,fk_qslstm,ema,test,1000012,2,-0.825171947479248,-0.623163640499115,-0.6263058185577393,True
1710807515,fk_qslstm,ema,test,1000012,3,0.0009852844523265958,-0.4979397654533386,-0.4996798038482666,True
1710807515,fk_qslstm,ema,test,1000012,4,-0.23835839331150055,-0.5413668155670166,-0.5400523543357849,True
1710807515,fk_qslstm,ema,test,1000012,5,0.200590118765831,-0.31273940205574036,-0.31139081716537476,True
1710807515,fk_qslstm,ema,test,1000012,6,0.7987874746322632,0.2290809452533722,0.2266572117805481,True
1710807515,fk_qslstm,ema,test,1000012,7,0.006701952777802944,0.18728592991828918,0.18537995219230652,True
1710807515,fk_qslstm,ema,test,1000012,8,-0.01522547472268343,0.14069345593452454,0.13888943195343018,True
1710807515,fk_qslstm,ema,test,1000012,9,-0.04838895425200462,0.08352139592170715,0.08389538526535034,True
1710807515,fk_qslstm,ema,test,1000012,10,-0.44720736145973206,-0.2015073001384735,-0.19778972864151,True
1710807515,fk_qslstm,ema,test,1000012,11,-0.9213833808898926,-0.7140358686447144,-0.7136726975440979,True
1710807515,fk_qslstm,ema,test,1000012,12,-0.4890366494655609,-0.8646506667137146,-0.866162121295929,True
1710807515,fk_qslstm,ema,test,1000012,13,0.4065070152282715,-0.4478163421154022,-0.4448396563529968,True
1710807515,fk_qslstm,ema,test,1000012,14,0.7102112174034119,0.06787366420030594,0.06782345473766327,True
1710807515,fk_qslstm,ema,test,1000012,15,-0.18418040871620178,-0.05620931461453438,-0.052972495555877686,True
1710807515,fk_qslstm,ema,test,1000012,16,0.023569175973534584,-0.030825946480035782,-0.028658300638198853,True
1710807515,fk_qslstm,ema,test,1000012,17,-0.6460551619529724,-0.41229385137557983,-0.41064226627349854,True
1710807515,fk_qslstm,ema,test,1000012,18,-0.887294352054596,-0.8622117042541504,-0.8658480048179626,True
1710807515,fk_qslstm,ema,test,1000012,19,-0.12033303827047348,-0.7619691491127014,-0.7634676098823547,True
1710807515,fk_qslstm,ema,test,1000012,20,-0.8766578435897827,-1.1355700492858887,-1.1365776062011719,True
1710807515,fk_qslstm,ema,test,1000012,21,0.6683182716369629,-0.5074650645256042,-0.5026681423187256,True
1710807515,fk_qslstm,ema,test,1000012,22,0.930509626865387,0.15233370661735535,0.149959534406662,True
1710807515,fk_qslstm,ema,test,1000012,23,-0.8256513476371765,-0.37352386116981506,-0.37372827529907227,True
1710807515,fk_qslstm,ema,test,1000012,24,-0.28540706634521484,-0.47006332874298096,-0.47027724981307983,True
1710807515,fk_qslstm,ema,test,1000012,25,0.3437201976776123,-0.16981855034828186,-0.16950705647468567,True
1710807515,fk_qslstm,ema,test,1000012,26,0.9628726243972778,0.44186875224113464,0.4367554783821106,True
1710807515,fk_qslstm,ema,test,1000012,27,-0.07415829598903656,0.30900001525878906,0.3032420575618744,True
1710807515,fk_qslstm,ema,test,1000012,28,-0.04267174378037453,0.22159697115421295,0.21622127294540405,True
1710807515,fk_qslstm,ema,test,1000012,29,-0.770161509513855,-0.2848193347454071,-0.2884109616279602,True
1710807515,fk_qslstm,ema,test,1000012,30,-0.1942676305770874,-0.3444160223007202,-0.34426605701446533,True
1710807515,fk_qslstm,ema,test,1000012,31,-0.5799078941345215,-0.623477578163147,-0.6238462924957275,True
1710807515,fk_qslstm,ema,test,1000013,0,0.9286989569664001,0.557219386100769,0.545423150062561,True
1710807515,fk_qslstm,ema,test,1000013,1,-0.5974579453468323,0.08730071783065796,0.09358501434326172,True
1710807515,fk_qslstm,ema,test,1000013,2,-0.029803000390529633,0.05195877328515053,0.04937463998794556,True
1710807515,fk_qslstm,ema,test,1000013,3,0.2339216023683548,0.18191999197006226,0.17567279934883118,True
1710807515,fk_qslstm,ema,test,1000013,4,-0.30377307534217834,-0.03672786056995392,-0.03886285424232483,True
1710807515,fk_qslstm,ema,test,1000013,5,0.292667418718338,0.1462181657552719,0.14107537269592285,True
1710807515,fk_qslstm,ema,test,1000013,6,0.6857940554618835,0.5284509658813477,0.5250027179718018,True
1710807515,fk_qslstm,ema,test,1000013,7,-0.7878144979476929,-0.04992792382836342,-0.051813483238220215,True
1710807515,fk_qslstm,ema,test,1000013,8,0.8463135361671448,0.46784576773643494,0.46308404207229614,True
1710807515,fk_qslstm,ema,test,1000013,9,-0.6904292106628418,-0.03998089209198952,-0.041695982217788696,True
1710807515,fk_qslstm,ema,test,1000013,10,0.7327566742897034,0.4076693058013916,0.40309008955955505,True
1710807515,fk_qslstm,ema,test,1000013,11,-0.5898638367652893,-0.02778286673128605,-0.028448253870010376,True
1710807515,fk_qslstm,ema,test,1000013,12,0.9236509203910828,0.5319642424583435,0.52772456407547,True
1710807515,fk_qslstm,ema,test,1000013,13,-0.26518407464027405,0.26646095514297485,0.26325955986976624,True
1710807515,fk_qslstm,ema,test,1000013,14,0.322595477104187,0.40672603249549866,0.40086817741394043,True
1710807515,fk_qslstm,ema,test,1000013,15,-0.8345330357551575,-0.1753389835357666,-0.1773831844329834,True
1710807515,fk_qslstm,ema,test,1000013,16,-0.5608639121055603,-0.47678953409194946,-0.4795815944671631,True
1710807515,fk_qslstm,ema,test,1000013,17,0.5186615586280823,-0.07023469358682632,-0.07135012745857239,True
1710807515,fk_qslstm,ema,test,1000013,18,-0.7190874814987183,-0.48764023184776306,-0.488431453704834,True
1710807515,fk_qslstm,ema,test,1000013,19,-0.685943067073822,-0.8016780614852905,-0.8087748885154724,True
1710807515,fk_qslstm,ema,test,1000013,20,-0.48281553387641907,-0.9310317635536194,-0.9387877583503723,True
1710807515,fk_qslstm,ema,test,1000013,21,0.9513634443283081,-0.1740073412656784,-0.17558196187019348,True
1710807515,fk_qslstm,ema,test,1000013,22,0.46476295590400696,0.13965189456939697,0.13449199497699738,True
1710807515,fk_qslstm,ema,test,1000013,23,0.9131636023521423,0.6596196889877319,0.6542153358459473,True
1710807515,fk_qslstm,ema,test,1000013,24,0.07146713137626648,0.570576012134552,0.5623845458030701,True
1710807515,fk_qslstm,ema,test,1000013,25,-0.6319576501846313,0.0772862434387207,0.06884060800075531,True
1710807515,fk_qslstm,ema,test,1000013,26,0.392758309841156,0.29748398065567017,0.2880604863166809,True
1710807515,fk_qslstm,ema,test,1000013,27,0.6190239787101746,0.6094015836715698,0.6051435470581055,True
1710807515,fk_qslstm,ema,test,1000013,28,0.7614347338676453,0.9443820714950562,0.9470565319061279,True
1710807515,fk_qslstm,ema,test,1000013,29,0.8423522114753723,1.2609169483184814,1.2600247859954834,True
1710807515,fk_qslstm,ema,test,1000013,30,0.35128098726272583,1.2195022106170654,1.2192623615264893,True
1710807515,fk_qslstm,ema,test,1000013,31,-0.7932236194610596,0.49966755509376526,0.5029313564300537,True
1710807515,fk_qslstm,ema,test,1000014,0,0.5155291557312012,0.3093174695968628,0.30889594554901123,True
1710807515,fk_qslstm,ema,test,1000014,1,0.6698216795921326,0.6493470072746277,0.6557137966156006,True
1710807515,fk_qslstm,ema,test,1000014,2,0.810612142086029,1.0058448314666748,1.011868953704834,True
1710807515,fk_qslstm,ema,test,1000014,3,-0.6846610307693481,0.3938792943954468,0.3922797441482544,True
1710807515,fk_qslstm,ema,test,1000014,4,0.15150441229343414,0.4060060977935791,0.40067586302757263,True
1710807515,fk_qslstm,ema,test,1000014,5,0.5608595609664917,0.6613206267356873,0.6601822972297668,True
1710807515,fk_qslstm,ema,test,1000014,6,-0.059850893914699554,0.4931459426879883,0.4907015562057495,True
1710807515,fk_qslstm,ema,test,1000014,7,0.739116907119751,0.8379868865013123,0.8418291807174683,True
1710807515,fk_qslstm,ema,test,1000014,8,0.8560318350791931,1.1840085983276367,1.1886067390441895,True
1710807515,fk_qslstm,ema,test,1000014,9,-0.6240324378013611,0.5727874040603638,0.5732923150062561,True
1710807515,fk_qslstm,ema,test,1000014,10,0.946535587310791,1.0261512994766235,1.0325908660888672,True
1710807515,fk_qslstm,ema,test,1000014,11,-0.39354294538497925,0.5847952961921692,0.5815368890762329,True
1710807515,fk_qslstm,ema,test,1000014,12,-0.7835208177566528,-0.0022762881126254797,-0.00930359959602356,True
1710807515,fk_qslstm,ema,test,1000014,13,-0.4806137979030609,-0.29018932580947876,-0.29487937688827515,True
1710807515,fk_qslstm,ema,test,1000014,14,-0.19362477958202362,-0.34832632541656494,-0.34808117151260376,True
1710807515,fk_qslstm,ema,test,1000014,15,-0.33397507667541504,-0.479046106338501,-0.4763873815536499,True
1710807515,fk_qslstm,ema,test,1000014,16,0.49043720960617065,-0.08897456526756287,-0.08909273147583008,True
1710807515,fk_qslstm,ema,test,1000014,17,-0.26412174105644226,-0.22965268790721893,-0.22691422700881958,True
1710807515,fk_qslstm,ema,test,1000014,18,0.49642613530158997,0.11413352936506271,0.11105853319168091,True
1710807515,fk_qslstm,ema,test,1000014,19,-0.16216979920864105,-0.0059950570575892925,-0.005824029445648193,True
1710807515,fk_qslstm,ema,test,1000014,20,0.08589841425418854,0.0467430017888546,0.045293956995010376,True
1710807515,fk_qslstm,ema,test,1000014,21,0.2279714047908783,0.17417724430561066,0.17080366611480713,True
1710807515,fk_qslstm,ema,test,1000014,22,0.34898704290390015,0.3487340211868286,0.3436425030231476,True
1710807515,fk_qslstm,ema,test,1000014,23,0.284315824508667,0.4495767056941986,0.4439878463745117,True
1710807515,fk_qslstm,ema,test,1000014,24,-0.03501064330339432,0.3386549651622772,0.3345041871070862,True
1710807515,fk_qslstm,ema,test,1000014,25,-0.12836743891239166,0.19390352070331573,0.19307899475097656,True
1710807515,fk_qslstm,ema,test,1000014,26,0.3936168849468231,0.3912929594516754,0.39020413160324097,True
1710807515,fk_qslstm,ema,test,1000014,27,0.8882477283477783,0.8459829688072205,0.8512004017829895,True
1710807515,fk_qslstm,ema,test,1000014,28,-0.46029695868492126,0.40060821175575256,0.3994612991809845,True
1710807515,fk_qslstm,ema,test,1000014,29,0.21501845121383667,0.44949764013290405,0.4455803632736206,True
1710807515,fk_qslstm,ema,test,1000014,30,0.43485477566719055,0.620510995388031,0.6191117763519287,True
1710807515,fk_qslstm,ema,test,1000014,31,0.6922798752784729,0.9117767214775085,0.9168305397033691,True
1710807515,fk_qslstm,ema,test,1000015,0,-0.16932328045368195,-0.1015939712524414,-0.09981507062911987,True
1710807515,fk_qslstm,ema,test,1000015,1,-0.21251718699932098,-0.20878548920154572,-0.20606160163879395,True
1710807515,fk_qslstm,ema,test,1000015,2,-0.48247626423835754,-0.4565141499042511,-0.4592980742454529,True
1710807515,fk_qslstm,ema,test,1000015,3,-0.5481999516487122,-0.6941313147544861,-0.6994536519050598,True
1710807515,fk_qslstm,ema,test,1000015,4,0.315615713596344,-0.36593562364578247,-0.3675246834754944,True
1710807515,fk_qslstm,ema,test,1000015,5,0.6407337784767151,0.09169177711009979,0.08844926953315735,True
1710807515,fk_qslstm,ema,test,1000015,6,0.6336717009544373,0.4535564184188843,0.44954636693000793,True
1710807515,fk_qslstm,ema,test,1000015,7,0.7362679243087769,0.8046059012413025,0.805533230304718,True
1710807515,fk_qslstm,ema,test,1000015,8,0.08057097345590591,0.6920273303985596,0.6896180510520935,True
1710807515,fk_qslstm,ema,test,1000015,9,-0.020444530993700027,0.5413551330566406,0.5369144678115845,True
1710807515,fk_qslstm,ema,test,1000015,10,0.5308299660682678,0.7515820860862732,0.7515056133270264,True
1710807515,fk_qslstm,ema,test,1000015,11,-0.5351501107215881,0.2801756262779236,0.27809467911720276,True
1710807515,fk_qslstm,ema,test,1000015,12,-0.7575175762176514,-0.23037004470825195,-0.2324041724205017,True
1710807515,fk_qslstm,ema,test,1000015,13,-0.7132038474082947,-0.6122183203697205,-0.616452157497406,True
1710807515,fk_qslstm,ema,test,1000015,14,-0.9991040825843811,-1.089237093925476,-1.0894420146942139,True
1710807515,fk_qslstm,ema,test,1000015,15,-0.9167101383209229,-1.4214158058166504,-1.4023993015289307,True
1710807515,fk_qslstm,ema,test,1000015,16,0.5226286053657532,-0.8235554695129395,-0.8178830742835999,True
1710807515,fk_qslstm,ema,test,1000015,17,-0.8036829829216003,-1.1410541534423828,-1.1461906433105469,True
1710807515,fk_qslstm,ema,test,1000015,18,-0.7754440903663635,-1.3781098127365112,-1.3759100437164307,True
1710807515,fk_qslstm,ema,test,1000015,19,-0.2229446917772293,-1.2362546920776367,-1.2450134754180908,True
1710807515,fk_qslstm,ema,test,1000015,20,-0.5693442821502686,-1.3306102752685547,-1.3414294719696045,True
1710807515,fk_qslstm,ema,test,1000015,21,-0.14075002074241638,-1.1489382982254028,-1.1680307388305664,True
1710807515,fk_qslstm,ema,test,1000015,22,0.4640031158924103,-0.6407487392425537,-0.6506301760673523,True
1710807515,fk_qslstm,ema,test,1000015,23,0.6592910885810852,-0.11702434718608856,-0.11615857481956482,True
1710807515,fk_qslstm,ema,test,1000015,24,0.6626879572868347,0.3039933145046234,0.3069845736026764,True
1710807515,fk_qslstm,ema,test,1000015,25,-0.35390496253967285,0.030851664021611214,0.04103174805641174,True
1710807515,fk_qslstm,ema,test,1000015,26,-0.9096155166625977,-0.5210880041122437,-0.5129464268684387,True
1710807515,fk_qslstm,ema,test,1000015,27,-0.22653725743293762,-0.5527927279472351,-0.5419589877128601,True
1710807515,fk_qslstm,ema,test,1000015,28,-0.23769108951091766,-0.5848488807678223,-0.5712907910346985,True
1710807515,fk_qslstm,ema,test,1000015,29,-0.7003982067108154,-0.8881179690361023,-0.8810853362083435,True
1710807515,fk_qslstm,ema,test,1000015,30,-0.5558123588562012,-1.0439817905426025,-1.0411930084228516,True
1710807515,fk_qslstm,ema,test,1000015,31,-0.031837284564971924,-0.8542878031730652,-0.8525064587593079,True
1710807515,fk_qslstm,ema,test,1000016,0,-0.09770407527685165,-0.05862244591116905,-0.05714067816734314,True
1710807515,fk_qslstm,ema,test,1000016,1,-0.23532319068908691,-0.18809187412261963,-0.1842726469039917,True
1710807515,fk_qslstm,ema,test,1000016,2,-0.685906171798706,-0.5620172023773193,-0.5675622820854187,True
1710807515,fk_qslstm,ema,test,1000016,3,-0.7997022271156311,-0.9294350743293762,-0.9405577778816223,True
1710807515,fk_qslstm,ema,test,1000016,4,-0.15442927181720734,-0.8362056016921997,-0.8446462750434875,True
1710807515,fk_qslstm,ema,test,1000016,5,-0.429610013961792,-0.9267305135726929,-0.934965193271637,True
1710807515,fk_qslstm,ema,test,1000016,6,-0.4560402035713196,-1.015008568763733,-1.0235378742218018,True
1710807515,fk_qslstm,ema,test,1000016,7,0.5982228517532349,-0.453073114156723,-0.4518008828163147,True
1710807515,fk_qslstm,ema,test,1000016,8,-0.0017025977140292525,-0.3634800612926483,-0.36034733057022095,True
1710807515,fk_qslstm,ema,test,1000016,9,-0.9563085436820984,-0.8645691871643066,-0.8652302622795105,True
1710807515,fk_qslstm,ema,test,1000016,10,0.37750881910324097,-0.46515005826950073,-0.4625823497772217,True
1710807515,fk_qslstm,ema,test,1000016,11,-0.11419159919023514,-0.44063499569892883,-0.4361177086830139,True
1710807515,fk_qslstm,ema,test,1000016,12,-0.2776191532611847,-0.5190795063972473,-0.5140942931175232,True
1710807515,fk_qslstm,ema,test,1000016,13,-0.3741585314273834,-0.6397587060928345,-0.635335385799408,True
1710807515,fk_qslstm,ema,test,1000016,14,0.6069062352180481,-0.14766323566436768,-0.14283877611160278,True
1710807515,fk_qslstm,ema,test,1000016,15,0.08843603730201721,-0.06506896764039993,-0.06164392828941345,True
1710807515,fk_qslstm,ema,test,1000016,16,0.6858534812927246,0.3594569265842438,0.35851627588272095,True
1710807515,fk_qslstm,ema,test,1000016,17,0.032332830131053925,0.3069652318954468,0.3055558204650879,True
1710807515,fk_qslstm,ema,test,1000016,18,0.8693099021911621,0.7671581506729126,0.769237756729126,True
1710807515,fk_qslstm,ema,test,1000016,19,0.30111175775527954,0.7943935990333557,0.7942647337913513,True
1710807515,fk_qslstm,ema,test,1000016,20,-0.7483974099159241,0.18647640943527222,0.18217550218105316,True
1710807515,fk_qslstm,ema,test,1000016,21,-0.8699158430099487,-0.372768372297287,-0.37743502855300903,True
1710807515,fk_qslstm,ema,test,1000016,22,-0.12422210723161697,-0.3727479577064514,-0.37155383825302124,True
1710807515,fk_qslstm,ema,test,1000016,23,0.020080098882317543,-0.2861503064632416,-0.2815876603126526,True
1710807515,fk_qslstm,ema,test,1000016,24,0.01562727987766266,-0.21954388916492462,-0.2146332859992981,True
1710807515,fk_qslstm,ema,test,1000016,25,-0.9314844608306885,-0.7345257997512817,-0.7326976656913757,True
1710807515,fk_qslstm,ema,test,1000016,26,-0.7845733165740967,-1.0583646297454834,-1.0610029697418213,True
1710807515,fk_qslstm,ema,test,1000016,27,-0.7120295166969299,-1.2739094495773315,-1.273108959197998,True
1710807515,fk_qslstm,ema,test,1000016,28,-0.17086796462535858,-1.1216483116149902,-1.128476858139038,True
1710807515,fk_qslstm,ema,test,1000016,29,0.7948693037033081,-0.4203970432281494,-0.41938620805740356,True
1710807515,fk_qslstm,ema,test,1000016,30,0.2164679765701294,-0.2064368575811386,-0.2048007845878601,True
1710807515,fk_qslstm,ema,test,1000016,31,-0.46887797117233276,-0.4464762508869171,-0.4435412287712097,True
1710807515,fk_qslstm,ema,test,1000017,0,-0.1728496253490448,-0.10370977222919464,-0.10191792249679565,True
1710807515,fk_qslstm,ema,test,1000017,1,0.2818335294723511,0.08613230288028717,0.08067440986633301,True
1710807515,fk_qslstm,ema,test,1000017,2,0.6833518743515015,0.4789169728755951,0.46848469972610474,True
1710807515,fk_qslstm,ema,test,1000017,3,0.8850882649421692,0.9141865372657776,0.9107303619384766,True
1710807515,fk_qslstm,ema,test,1000017,4,0.5786370635032654,1.0785313844680786,1.0772638320922852,True
1710807515,fk_qslstm,ema,test,1000017,5,-0.18610502779483795,0.7511621117591858,0.7479491233825684,True
1710807515,fk_qslstm,ema,test,1000017,6,-0.4295925498008728,0.34317418932914734,0.3368120491504669,True
1710807515,fk_qslstm,ema,test,1000017,7,0.9784465432167053,0.8616072535514832,0.8607904314994812,True
1710807515,fk_qslstm,ema,test,1000017,8,0.7163150906562805,1.1190749406814575,1.1201503276824951,True
1710807515,fk_qslstm,ema,test,1000017,9,0.9574208855628967,1.469712495803833,1.4463064670562744,True
1710807515,fk_qslstm,ema,test,1000017,10,0.2695920467376709,1.3375251293182373,1.3229002952575684,True
1710807515,fk_qslstm,ema,test,1000017,11,-0.2901715636253357,0.8959171772003174,0.8971391916275024,True
1710807515,fk_qslstm,ema,test,1000017,12,0.41080960631370544,0.9632195234298706,0.9690068364143372,True
1710807515,fk_qslstm,ema,test,1000017,13,-0.6924002170562744,0.3551355004310608,0.34684911370277405,True
1710807515,fk_qslstm,ema,test,1000017,14,-0.6943261623382568,-0.13248729705810547,-0.14441317319869995,True
1710807515,fk_qslstm,ema,test,1000017,15,0.19423545897006989,0.010551434941589832,-0.0018578171730041504,True
1710807515,fk_qslstm,ema,test,1000017,16,-0.35380008816719055,-0.20383891463279724,-0.210374116897583,True
1710807515,fk_qslstm,ema,test,1000017,17,0.03694372996687889,-0.14090488851070404,-0.14682820439338684,True
1710807515,fk_qslstm,ema,test,1000017,18,0.4604572355747223,0.16355042159557343,0.1545802652835846,True
1710807515,fk_qslstm,ema,test,1000017,19,0.629112720489502,0.5083079934120178,0.5001094341278076,True
1710807515,fk_qslstm,ema,test,1000017,20,-0.45383724570274353,0.13434402644634247,0.12777602672576904,True
1710807515,fk_qslstm,ema,test,1000017,21,0.8026926517486572,0.5890908241271973,0.5834823846817017,True
1710807515,fk_qslstm,ema,test,1000017,22,0.4727688133716583,0.7549339532852173,0.7519407868385315,True
1710807515,fk_qslstm,ema,test,1000017,23,-0.4711345434188843,0.32126644253730774,0.3150397539138794,True
1710807515,fk_qslstm,ema,test,1000017,24,-0.7220043540000916,-0.17618948221206665,-0.1820639967918396,True
1710807515,fk_qslstm,ema,test,1000017,25,-0.5416226387023926,-0.4659251570701599,-0.4700564742088318,True
1710807515,fk_qslstm,ema,test,1000017,26,0.6505358219146729,0.017581354826688766,0.015409409999847412,True
1710807515,fk_qslstm,ema,test,1000017,27,0.09602373838424683,0.07167933136224747,0.07071615755558014,True
1710807515,fk_qslstm,ema,test,1000017,28,-0.11818082630634308,-0.013565032742917538,-0.012556672096252441,True
1710807515,fk_qslstm,ema,test,1000017,29,0.758748471736908,0.44439706206321716,0.44399136304855347,True
1710807515,fk_qslstm,ema,test,1000017,30,0.7399793863296509,0.7995052933692932,0.8039398789405823,True
1710807515,fk_qslstm,ema,test,1000017,31,0.9072908759117126,1.183978796005249,1.1877026557922363,True
1710807515,fk_qslstm,ema,test,1000018,0,-0.7691299915313721,-0.46147799491882324,-0.4560760259628296,True
1710807515,fk_qslstm,ema,test,1000018,1,0.5530563592910767,-0.03734857961535454,-0.043265074491500854,True
1710807515,fk_qslstm,ema,test,1000018,2,0.724631130695343,0.40489983558654785,0.3962031602859497,True
1710807515,fk_qslstm,ema,test,1000018,3,0.9884318709373474,0.9169790148735046,0.9116482138633728,True
1710807515,fk_qslstm,ema,test,1000018,4,-0.15258066356182098,0.6420347690582275,0.63339763879776,True
1710807515,fk_qslstm,ema,test,1000018,5,-0.2181599885225296,0.3827318549156189,0.37465429306030273,True
1710807515,fk_qslstm,ema,test,1000018,6,-0.7329487800598145,-0.13358378410339355,-0.13886183500289917,True
1710807515,fk_qslstm,ema,test,1000018,7,0.531840980052948,0.21223758161067963,0.2069770246744156,True
1710807515,fk_qslstm,ema,test,1000018,8,-0.2405555695295334,0.02545672282576561,0.02740037441253662,True
1710807515,fk_qslstm,ema,test,1000018,9,0.4065120220184326,0.2642726004123688,0.2631911039352417,True
1710807515,fk_qslstm,ema,test,1000018,10,0.7288945317268372,0.6487547755241394,0.6513454914093018,True
1710807515,fk_qslstm,ema,test,1000018,11,-0.003732136217877269,0.5167645812034607,0.5167267322540283,True
1710807515,fk_qslstm,ema,test,1000018,12,-0.8325337171554565,-0.08610857278108597,-0.08548274636268616,True
1710807515,fk_qslstm,ema,test,1000018,13,0.9761766195297241,0.5168191194534302,0.5134753584861755,True
1710807515,fk_qslstm,ema,test,1000018,14,-0.09565133601427078,0.35606449842453003,0.3533541262149811,True
1710807515,fk_qslstm,ema,test,1000018,15,0.10279841721057892,0.34653064608573914,0.34279099106788635,True
1710807515,fk_qslstm,ema,test,1000018,16,-0.8092676997184753,-0.20833609998226166,-0.20927590131759644,True
1710807515,fk_qslstm,ema,test,1000018,17,-0.34960582852363586,-0.3764323890209198,-0.3743634819984436,True
1710807515,fk_qslstm,ema,test,1000018,18,0.12137994170188904,-0.22831794619560242,-0.2241019606590271,True
1710807515,fk_qslstm,ema,test,1000018,19,-0.26242852210998535,-0.34011146426200867,-0.3331395983695984,True
1710807515,fk_qslstm,ema,test,1000018,20,-0.10512308031320572,-0.33516302704811096,-0.3277828097343445,True
1710807515,fk_qslstm,ema,test,1000018,21,0.03002292290329933,-0.25011664628982544,-0.24376392364501953,True
1710807515,fk_qslstm,ema,test,1000018,22,-0.8559280037879944,-0.7136501669883728,-0.7123112082481384,True
1710807515,fk_qslstm,ema,test,1000018,23,-0.6980293989181519,-0.9897377490997314,-0.9940727353096008,True
1710807515,fk_qslstm,ema,test,1000018,24,0.10398604720830917,-0.7293986082077026,-0.7326105237007141,True
1710807515,fk_qslstm,ema,test,1000018,25,0.5969639420509338,-0.22534050047397614,-0.2265898585319519,True
1710807515,fk_qslstm,ema,test,1000018,26,0.7267189025878906,0.25575894117355347,0.25106438994407654,True
1710807515,fk_qslstm,ema,test,1000018,27,-0.25787344574928284,0.049883101135492325,0.04926076531410217,True
1710807515,fk_qslstm,ema,test,1000018,28,0.34210601449012756,0.24517008662223816,0.24079865217208862,True
1710807515,fk_qslstm,ema,test,1000018,29,-0.05076361075043678,0.16567790508270264,0.1643659472465515,True
1710807515,fk_qslstm,ema,test,1000018,30,-0.7476047277450562,-0.31602051854133606,-0.31675630807876587,True
1710807515,fk_qslstm,ema,test,1000018,31,0.2676234841346741,-0.09224232286214828,-0.09397700428962708,True
1710807515,fk_qslstm,ema,test,1000019,0,-0.2943905293941498,-0.17663432657718658,-0.17452168464660645,True
1710807515,fk_qslstm,ema,test,1000019,1,0.7557451725006104,0.3121396601200104,0.3035334646701813,True
1710807515,fk_qslstm,ema,test,1000019,2,-0.8632553219795227,-0.2682414650917053,-0.27268552780151367,True
1710807515,fk_qslstm,ema,test,1000019,3,-0.4963293671607971,-0.5123907923698425,-0.5183410048484802,True
1710807515,fk_qslstm,ema,test,1000019,4,-0.9567809104919434,-0.983981192111969,-0.9897087216377258,True
1710807515,fk_qslstm,ema,test,1000019,5,-0.21011902391910553,-0.9132563471794128,-0.9174547791481018,True
1710807515,fk_qslstm,ema,test,1000019,6,-0.39012932777404785,-0.9646826982498169,-0.9692986607551575,True
1710807515,fk_qslstm,ema,test,1000019,7,-0.4596879184246063,-1.0475589036941528,-1.0531470775604248,True
1710807515,fk_qslstm,ema,test,1000019,8,0.30370378494262695,-0.6558248400688171,-0.6571360230445862,True
1710807515,fk_qslstm,ema,test,1000019,9,0.3960524797439575,-0.28702840209007263,-0.28686803579330444,True
1710807515,fk_qslstm,ema,test,1000019,10,0.8138567209243774,0.25869131088256836,0.25591033697128296,True
1710807515,fk_qslstm,ema,test,1000019,11,0.11561703681945801,0.2763232886791229,0.27395594120025635,True
1710807515,fk_qslstm,ema,test,1000019,12,0.07187750935554504,0.2641851305961609,0.2619030475616455,True
1710807515,fk_qslstm,ema,test,1000019,13,-0.40643924474716187,-0.03251543641090393,-0.030202001333236694,True
1710807515,fk_qslstm,ema,test,1000019,14,-0.8017736077308655,-0.5070765018463135,-0.507027268409729,True
1710807515,fk_qslstm,ema,test,1000019,15,0.46445176005363464,-0.1269901543855667,-0.1261957287788391,True
1710807515,fk_qslstm,ema,test,1000019,16,0.9725702404975891,0.481950044631958,0.4784577488899231,True
1710807515,fk_qslstm,ema,test,1000019,17,-0.4026360511779785,0.14397838711738586,0.140713632106781,True
1710807515,fk_qslstm,ema,test,1000019,18,0.24942190945148468,0.2648358643054962,0.25786253809928894,True
1710807515,fk_qslstm,ema,test,1000019,19,-0.6656015515327454,-0.1874922513961792,-0.19112908840179443,True
1710807515,fk_qslstm,ema,test,1000019,20,0.7459321618080139,0.2975654900074005,0.29208335280418396,True
1710807515,fk_qslstm,ema,test,1000019,21,0.979137122631073,0.8255347013473511,0.8244515061378479,True
1710807515,fk_qslstm,ema,test,1000019,22,0.9952220916748047,1.2575609683990479,1.2498960494995117,True
1710807515,fk_qslstm,ema,test,1000019,23,0.29979249835014343,1.1859242916107178,1.1779835224151611,True
1710807515,fk_qslstm,ema,test,1000019,24,-0.03189605101943016,0.929601788520813,0.9250903725624084,True
1710807515,fk_qslstm,ema,test,1000019,25,-0.3729782700538635,0.5198944807052612,0.5084367990493774,True
1710807515,fk_qslstm,ema,test,1000019,26,0.3342513144016266,0.6164664030075073,0.604417085647583,True
1710807515,fk_qslstm,ema,test,1000019,27,-0.2867879867553711,0.3211003243923187,0.309410035610199,True
1710807515,fk_qslstm,ema,test,1000019,28,-0.4839562177658081,-0.033493466675281525,-0.04188314080238342,True
1710807515,fk_qslstm,ema,test,1000019,29,-0.10014139860868454,-0.08687961101531982,-0.09063267707824707,True
1710807515,fk_qslstm,ema,test,1000019,30,-0.134810209274292,-0.15038982033729553,-0.1494978666305542,True
1710807515,fk_qslstm,ema,test,1000019,31,-0.6243398189544678,-0.4949157238006592,-0.49508601427078247,True
1710807515,fk_qslstm,ema,test,1000020,0,-0.7014195919036865,-0.42085176706314087,-0.41692954301834106,True
1710807515,fk_qslstm,ema,test,1000020,1,-0.34238487482070923,-0.5421123504638672,-0.5479440689086914,True
1710807515,fk_qslstm,ema,test,1000020,2,-0.7494984269142151,-0.8833889365196228,-0.8987041115760803,True
1710807515,fk_qslstm,ema,test,1000020,3,0.9206228256225586,-0.15433745086193085,-0.15799397230148315,True
1710807515,fk_qslstm,ema,test,1000020,4,0.6169393658638,0.2466936558485031,0.24372568726539612,True
1710807515,fk_qslstm,ema,test,1000020,5,0.00940733589231968,0.2029993236064911,0.20305904746055603,True
1710807515,fk_qslstm,ema,test,1000020,6,0.020364338532090187,0.17461806535720825,0.17675265669822693,True
1710807515,fk_qslstm,ema,test,1000020,7,-0.6862241625785828,-0.2720400393009186,-0.2680969834327698,True
1710807515,fk_qslstm,ema,test,1000020,8,-0.6500931978225708,-0.6076879501342773,-0.6072902679443359,True
1710807515,fk_qslstm,ema,test,1000020,9,-0.5753443241119385,-0.831356942653656,-0.8331685662269592,True
1710807515,fk_qslstm,ema,test,1000020,10,0.6527410745620728,-0.2734409272670746,-0.26835888624191284,True
1710807515,fk_qslstm,ema,test,1000020,11,0.6131212115287781,0.14911998808383942,0.15012437105178833,True
1710807515,fk_qslstm,ema,test,1000020,12,0.03983376920223236,0.1431962549686432,0.14380961656570435,True
1710807515,fk_qslstm,ema,test,1000020,13,0.02945246547460556,0.13222847878932953,0.13270708918571472,True
1710807515,fk_qslstm,ema,test,1000020,14,-0.321259468793869,-0.08697289973497391,-0.08244135975837708,True
1710807515,fk_qslstm,ema,test,1000020,15,-0.1757083386182785,-0.175003319978714,-0.16789886355400085,True
1710807515,fk_qslstm,ema,test,1000020,16,0.586635172367096,0.21197845041751862,0.2154119908809662,True
1710807515,fk_qslstm,ema,test,1000020,17,-0.910327672958374,-0.3766138553619385,-0.37007975578308105,True
1710807515,fk_qslstm,ema,test,1000020,18,-0.31479793787002563,-0.49016985297203064,-0.48445409536361694,True
1710807515,fk_qslstm,ema,test,1000020,19,0.2635709047317505,-0.23399333655834198,-0.22859549522399902,True
1710807515,fk_qslstm,ema,test,1000020,20,0.5825983881950378,0.16236436367034912,0.1632900834083557,True
1710807515,fk_qslstm,ema,test,1000020,21,-0.5737043619155884,-0.21433113515377045,-0.21151047945022583,True
1710807515,fk_qslstm,ema,test,1000020,22,-0.01589455083012581,-0.18100163340568542,-0.17898237705230713,True
1710807515,fk_qslstm,ema,test,1000020,23,0.21040421724319458,-0.01855877786874771,-0.01839962601661682,True
1710807515,fk_qslstm,ema,test,1000020,24,0.6014909744262695,0.346047580242157,0.343450129032135,True
1710807515,fk_qslstm,ema,test,1000020,25,-0.18077419698238373,0.16837354004383087,0.16808441281318665,True
1710807515,fk_qslstm,ema,test,1000020,26,-0.6340010166168213,-0.24570178985595703,-0.24583441019058228,True
1710807515,fk_qslstm,ema,test,1000020,27,-0.09771770238876343,-0.2551920413970947,-0.25284630060195923,True
1710807515,fk_qslstm,ema,test,1000020,28,0.107137531042099,-0.13987112045288086,-0.1371660828590393,True
1710807515,fk_qslstm,ema,test,1000020,29,-0.5046458840370178,-0.4146844446659088,-0.4115527868270874,True
1710807515,fk_qslstm,ema,test,1000020,30,-0.03573679178953171,-0.353189617395401,-0.349872350692749,True
1710807515,fk_qslstm,ema,test,1000020,31,0.1589423418045044,-0.18718630075454712,-0.18564707040786743,True
1710807515,fk_qslstm,ema,test,1000021,0,0.7327782511711121,0.4396669566631317,0.43629294633865356,True
1710807515,fk_qslstm,ema,test,1000021,1,-0.2864851653575897,0.17984245717525482,0.1917792558670044,True
1710807515,fk_qslstm,ema,test,1000021,2,0.08604391664266586,0.19550031423568726,0.1971234381198883,True
1710807515,fk_qslstm,ema,test,1000021,3,-0.8055112361907959,-0.3269065022468567,-0.3257005214691162,True
1710807515,fk_qslstm,ema,test,1000021,4,0.9080119132995605,0.28328195214271545,0.2794068455696106,True
1710807515,fk_qslstm,ema,test,1000021,5,0.5525550246238708,0.5581585764884949,0.5554569959640503,True
1710807515,fk_qslstm,ema,test,1000021,6,-0.8103797435760498,-0.03970099613070488,-0.041426897048950195,True
1710807515,fk_qslstm,ema,test,1000021,7,0.2766270041465759,0.13421539962291718,0.12926994264125824,True
1710807515,fk_qslstm,ema,test,1000021,8,-0.9562073945999146,-0.46635210514068604,-0.4657224416732788,True
1710807515,fk_qslstm,ema,test,1000021,9,-0.7712897658348083,-0.8358555436134338,-0.8414159417152405,True
1710807515,fk_qslstm,ema,test,1000021,10,0.06390491873025894,-0.6303414702415466,-0.6313161849975586,True
1710807515,fk_qslstm,ema,test,1000021,11,-0.2732252776622772,-0.6682083606719971,-0.6674649119377136,True
1710807515,fk_qslstm,ema,test,1000021,12,-0.8547632694244385,-1.0474246740341187,-1.0496196746826172,True
1710807515,fk_qslstm,ema,test,1000021,13,0.01887229084968567,-0.8266163468360901,-0.8295120596885681,True
1710807515,fk_qslstm,ema,test,1000021,14,0.24816569685935974,-0.5123936533927917,-0.5139563679695129,True
1710807515,fk_qslstm,ema,test,1000021,15,0.19778713583946228,-0.2912426292896271,-0.29313987493515015,True
1710807515,fk_qslstm,ema,test,1000021,16,0.9208172559738159,0.3194962739944458,0.3123070001602173,True
1710807515,fk_qslstm,ema,test,1000021,17,-0.6893670558929443,-0.15802323818206787,-0.16203537583351135,True
1710807515,fk_qslstm,ema,test,1000021,18,0.6605916619300842,0.26993638277053833,0.2617877721786499,True
1710807515,fk_qslstm,ema,test,1000021,19,0.25076326727867126,0.3664070665836334,0.3590455651283264,True
1710807515,fk_qslstm,ema,test,1000021,20,-0.55769282579422,-0.04149005189538002,-0.04592782258987427,True
1710807515,fk_qslstm,ema,test,1000021,21,0.431776225566864,0.2258736938238144,0.21910803020000458,True
1710807515,fk_qslstm,ema,test,1000021,22,0.5670835375785828,0.5209490656852722,0.5167708396911621,True
1710807515,fk_qslstm,ema,test,1000021,23,-0.5125476121902466,0.10923069715499878,0.1068674772977829,True
1710807515,fk_qslstm,ema,test,1000021,24,-0.17382250726222992,-0.01690894365310669,-0.01639467477798462,True
1710807515,fk_qslstm,ema,test,1000021,25,-0.2120451033115387,-0.14075422286987305,-0.13527461886405945,True
1710807515,fk_qslstm,ema,test,1000021,26,0.7249191403388977,0.32234811782836914,0.3254334628582001,True
1710807515,fk_qslstm,ema,test,1000021,27,0.28703227639198303,0.4300978481769562,0.4311503767967224,True
1710807515,fk_qslstm,ema,test,1000021,28,-0.267465740442276,0.1835988461971283,0.18566791713237762,True
1710807515,fk_qslstm,ema,test,1000021,29,-0.9147080779075623,-0.4019457697868347,-0.3989509344100952,True
1710807515,fk_qslstm,ema,test,1000021,30,-0.09990207850933075,-0.381497859954834,-0.3752982020378113,True
1710807515,fk_qslstm,ema,test,1000021,31,0.3227115273475647,-0.11157137155532837,-0.10642927885055542,True
1710807515,fk_qslstm,ema,test,1000022,0,-0.8476848006248474,-0.5086108446121216,-0.5004962682723999,True
1710807515,fk_qslstm,ema,test,1000022,1,-0.03019736148416996,-0.4250071048736572,-0.4292314052581787,True
1710807515,fk_qslstm,ema,test,1000022,2,0.3889462649822235,-0.10663793981075287,-0.11137008666992188,True
1710807515,fk_qslstm,ema,test,1000022,3,-0.450237900018692,-0.35545310378074646,-0.35455185174942017,True
1710807515,fk_qslstm,ema,test,1000022,4,0.4822150766849518,0.0049665686674416065,0.005157262086868286,True
1710807515,fk_qslstm,ema,test,1000022,5,0.6150482296943665,0.37300220131874084,0.37311041355133057,True
1710807515,fk_qslstm,ema,test,1000022,6,-0.2093116194009781,0.17281478643417358,0.17615464329719543,True
1710807515,fk_qslstm,ema,test,1000022,7,-0.7793207764625549,-0.3293406367301941,-0.32669299840927124,True
1710807515,fk_qslstm,ema,test,1000022,8,0.20115913450717926,-0.14277701079845428,-0.14028549194335938,True
1710807515,fk_qslstm,ema,test,1000022,9,0.5757040977478027,0.23120085895061493,0.2318328619003296,True
1710807515,fk_qslstm,ema,test,1000022,10,0.5940262675285339,0.5413764715194702,0.5422464609146118,True
1710807515,fk_qslstm,ema,test,1000022,11,-0.021178796887397766,0.4203938841819763,0.41997283697128296,True
1710807515,fk_qslstm,ema,test,1000022,12,0.4091204106807709,0.5817873477935791,0.581152617931366,True
1710807515,fk_qslstm,ema,test,1000022,13,-0.29514744877815247,0.2883414030075073,0.289014995098114,True
1710807515,fk_qslstm,ema,test,1000022,14,0.3186471164226532,0.4218614101409912,0.4215357005596161,True
1710807515,fk_qslstm,ema,test,1000022,15,0.15470799803733826,0.43031391501426697,0.4309026896953583,True
1710807515,fk_qslstm,ema,test,1000022,16,0.27541452646255493,0.5094998478889465,0.5101175308227539,True
1710807515,fk_qslstm,ema,test,1000022,17,0.28846997022628784,0.5806818604469299,0.5817830562591553,True
1710807515,fk_qslstm,ema,test,1000022,18,0.22756008803844452,0.6010815501213074,0.6022582650184631,True
1710807515,fk_qslstm,ema,test,1000022,19,0.30616411566734314,0.6645637154579163,0.6665199398994446,True
1710807515,fk_qslstm,ema,test,1000022,20,0.3997427821159363,0.7714966535568237,0.7755188941955566,True
1710807515,fk_qslstm,ema,test,1000022,21,-0.6474177837371826,0.22874662280082703,0.23033806681632996,True
1710807515,fk_qslstm,ema,test,1000022,22,-0.8844915628433228,-0.3476976454257965,-0.34579843282699585,True
1710807515,fk_qslstm,ema,test,1000022,23,-0.09501133114099503,-0.3351649045944214,-0.32777661085128784,True
1710807515,fk_qslstm,ema,test,1000022,24,-0.22361768782138824,-0.4023025333881378,-0.39064592123031616,True
1710807515,fk_qslstm,ema,test,1000022,25,0.9987715482711792,0.27742090821266174,0.28025752305984497,True
1710807515,fk_qslstm,ema,test,1000022,26,0.3263436257839203,0.41774287819862366,0.41684162616729736,True
1710807515,fk_qslstm,ema,test,1000022,27,-0.41057267785072327,0.08785068988800049,0.08777613937854767,True
1710807515,fk_qslstm,ema,test,1000022,28,0.49164965748786926,0.36527034640312195,0.3623124063014984,True
1710807515,fk_qslstm,ema,test,1000022,29,0.08696883916854858,0.34439757466316223,0.3424181044101715,True
1710807515,fk_qslstm,ema,test,1000022,30,0.8404930830001831,0.7798138856887817,0.7828977108001709,True
1710807515,fk_qslstm,ema,test,1000022,31,0.21682032942771912,0.7539433240890503,0.7542737722396851,True
1710807515,fk_qslstm,ema,test,1000023,0,-0.18631702661514282,-0.11179021745920181,-0.10995092988014221,True
1710807515,fk_qslstm,ema,test,1000023,1,-0.6047078967094421,-0.4522568881511688,-0.4516754746437073,True
1710807515,fk_qslstm,ema,test,1000023,2,0.8733798265457153,0.16222237050533295,0.15404000878334045,True
1710807515,fk_qslstm,ema,test,1000023,3,0.4063788950443268,0.37360522150993347,0.36616992950439453,True
1710807515,fk_qslstm,ema,test,1000023,4,-0.8850074410438538,-0.2321203052997589,-0.23459279537200928,True
1710807515,fk_qslstm,ema,test,1000023,5,-0.8173830509185791,-0.6761260628700256,-0.6838353276252747,True
1710807515,fk_qslstm,ema,test,1000023,6,-0.5401542782783508,-0.8649933934211731,-0.8729364275932312,True
1710807515,fk_qslstm,ema,test,1000023,7,0.369131863117218,-0.4705156087875366,-0.47160041332244873,True
1710807515,fk_qslstm,ema,test,1000023,8,-0.9407736659049988,-0.9408767223358154,-0.944179117679596,True
1710807515,fk_qslstm,ema,test,1000023,9,0.09671489149332047,-0.6946724057197571,-0.6977348923683167,True
1710807515,fk_qslstm,ema,test,1000023,10,0.7145310044288635,-0.12701933085918427,-0.12665951251983643,True
1710807515,fk_qslstm,ema,test,1000023,11,-0.8043707609176636,-0.5842379331588745,-0.5854580998420715,True
1710807515,fk_qslstm,ema,test,1000023,12,-0.09576425701379776,-0.5248488783836365,-0.5258020162582397,True
1710807515,fk_qslstm,ema,test,1000023,13,0.49892979860305786,-0.12052124738693237,-0.12096628546714783,True
1710807515,fk_qslstm,ema,test,1000023,14,-0.25937145948410034,-0.2520398795604706,-0.24873340129852295,True
1710807515,fk_qslstm,ema,test,1000023,15,0.4861264228820801,0.09004396945238113,0.08844393491744995,True
1710807515,fk_qslstm,ema,test,1000023,16,0.81782066822052,0.5627275705337524,0.5616872310638428,True
1710807515,fk_qslstm,ema,test,1000023,17,-0.9699934720993042,-0.13181404769420624,-0.12613943219184875,True
1710807515,fk_qslstm,ema,test,1000023,18,0.4356347918510437,0.15592965483665466,0.15595872700214386,True
1710807515,fk_qslstm,ema,test,1000023,19,0.22531981766223907,0.2599356174468994,0.26011499762535095,True
1710807515,fk_qslstm,ema,test,1000023,20,-0.31497737765312195,0.018962061032652855,0.02298542857170105,True
1710807515,fk_qslstm,ema,test,1000023,21,-0.7697950601577759,-0.4467073678970337,-0.4447394013404846,True
1710807515,fk_qslstm,ema,test,1000023,22,0.7293199300765991,0.08022605627775192,0.08181503415107727,True
1710807515,fk_qslstm,ema,test,1000023,23,0.11055876314640045,0.13051611185073853,0.13291628658771515,True
1710807515,fk_qslstm,ema,test,1000023,24,-0.5807194113731384,-0.2440187782049179,-0.24098771810531616,True
1710807515,fk_qslstm,ema,test,1000023,25,0.005161677487194538,-0.19211801886558533,-0.18877768516540527,True
1710807515,fk_qslstm,ema,test,1000023,26,-0.5669370889663696,-0.49385663866996765,-0.4907670021057129,True
1710807515,fk_qslstm,ema,test,1000023,27,0.003137701889500022,-0.39320269227027893,-0.3896734118461609,True
1710807515,fk_qslstm,ema,test,1000023,28,-0.2572759687900543,-0.4689277410507202,-0.4639208912849426,True
1710807515,fk_qslstm,ema,test,1000023,29,0.2888297438621521,-0.20184436440467834,-0.20013964176177979,True
1710807515,fk_qslstm,ema,test,1000023,30,0.15988986194133759,-0.065541572868824,-0.06667596101760864,True
1710807515,fk_qslstm,ema,test,1000023,31,0.46209320425987244,0.22482267022132874,0.2189483344554901,True
1710807515,fk_qslstm,ema,test,1000024,0,-0.5809065699577332,-0.3485439419746399,-0.3459120988845825,True
1710807515,fk_qslstm,ema,test,1000024,1,0.4226168096065521,-0.025265060365200043,-0.03376498818397522,True
1710807515,fk_qslstm,ema,test,1000024,2,-0.9683436751365662,-0.6012182831764221,-0.6090543270111084,True
1710807515,fk_qslstm,ema,test,1000024,3,0.8203272223472595,0.011221712455153465,0.007156938314437866,True
1710807515,fk_qslstm,ema,test,1000024,4,0.26666948199272156,0.16897906363010406,0.16734153032302856,True
1710807515,fk_qslstm,ema,test,1000024,5,0.6057217717170715,0.4986163079738617,0.4971882104873657,True
1710807515,fk_qslstm,ema,test,1000024,6,-0.5348907709121704,0.07795858383178711,0.0795888900756836,True
1710807515,fk_qslstm,ema,test,1000024,7,0.6560584306716919,0.4560019373893738,0.45645084977149963,True
1710807515,fk_qslstm,ema,test,1000024,8,-0.17649029195308685,0.25890737771987915,0.2625347375869751,True
1710807515,fk_qslstm,ema,test,1000024,9,-0.8463878035545349,-0.30070677399635315,-0.29672831296920776,True
1710807515,fk_qslstm,ema,test,1000024,10,0.10402722656726837,-0.17814908921718597,-0.17314958572387695,True
1710807515,fk_qslstm,ema,test,1000024,11,-0.19443199038505554,-0.2591784596443176,-0.24980735778808594,True
1710807515,fk_qslstm,ema,test,1000024,12,-0.7489362955093384,-0.6567045450210571,-0.6527107954025269,True
1710807515,fk_qslstm,ema,test,1000024,13,-0.22622592747211456,-0.6610991954803467,-0.6568357348442078,True
1710807515,fk_qslstm,ema,test,1000024,14,-0.2445763200521469,-0.6756251454353333,-0.6703682541847229,True
1710807515,fk_qslstm,ema,test,1000024,15,0.9366291761398315,0.021477408707141876,0.024292290210723877,True
1710807515,fk_qslstm,ema,test,1000024,16,-0.6053858399391174,-0.34604957699775696,-0.3422742486000061,True
1710807515,fk_qslstm,ema,test,1000024,17,-0.2894989848136902,-0.4505390524864197,-0.4483533501625061,True
1710807515,fk_qslstm,ema,test,1000024,18,-0.9776914715766907,-0.947046160697937,-0.9458022713661194,True
1710807515,fk_qslstm,ema,test,1000024,19,0.5028725862503052,-0.45591333508491516,-0.45092982053756714,True
1710807515,fk_qslstm,ema,test,1000024,20,0.7874509692192078,0.1077398881316185,0.10843309760093689,True
1710807515,fk_qslstm,ema,test,1000024,21,-0.5795390009880066,-0.2615315020084381,-0.25885987281799316,True
1710807515,fk_qslstm,ema,test,1000024,22,-0.6129956245422363,-0.5770225524902344,-0.5791832804679871,True
1710807515,fk_qslstm,ema,test,1000024,23,-0.3327658474445343,-0.6612775921821594,-0.662217378616333,True
1710807515,fk_qslstm,ema,test,1000024,24,-0.6514506936073303,-0.9198924899101257,-0.9240955710411072,True
1710807515,fk_qslstm,ema,test,1000024,25,0.3935575485229492,-0.49977946281433105,-0.5006138682365417,True
1710807515,fk_qslstm,ema,test,1000024,26,0.6558557152748108,-0.006310134194791317,-0.009515553712844849,True
1710807515,fk_qslstm,ema,test,1000024,27,-0.9307478666305542,-0.5634968280792236,-0.5652031898498535,True
1710807515,fk_qslstm,ema,test,1000024,28,-0.24688106775283813,-0.5989260673522949,-0.600878894329071,True
1710807515,fk_qslstm,ema,test,1000024,29,0.20714199542999268,-0.3548556864261627,-0.35455650091171265,True
1710807515,fk_qslstm,ema,test,1000024,30,0.3510167896747589,-0.07327445596456528,-0.07581213116645813,True
1710807515,fk_qslstm,ema,test,1000024,31,-0.6024162769317627,-0.4200693368911743,-0.42242270708084106,True
1710807515,fk_qslstm,ema,test,1000025,0,0.1671285629272461,0.1002771332859993,0.10058808326721191,True
1710807515,fk_qslstm,ema,test,1000025,1,0.13729186356067657,0.16259683668613434,0.16299587488174438,True
1710807515,fk_qslstm,ema,test,1000025,2,-0.15145321190357208,0.039205536246299744,0.037413179874420166,True
1710807515,fk_qslstm,ema,test,1000025,3,0.6365914940834045,0.41331934928894043,0.41005149483680725,True
1710807515,fk_qslstm,ema,test,1000025,4,-0.897284746170044,-0.20771536231040955,-0.20516932010650635,True
1710807515,fk_qslstm,ema,test,1000025,5,0.8687834143638611,0.35509777069091797,0.353462278842926,True
1710807515,fk_qslstm,ema,test,1000025,6,0.8768740892410278,0.8102026581764221,0.8142340779304504,True
1710807515,fk_qslstm,ema,test,1000025,7,0.8896254301071167,1.1819374561309814,1.1848126649856567,True
1710807515,fk_qslstm,ema,test,1000025,8,0.757114589214325,1.3998186588287354,1.388791799545288,True
1710807515,fk_qslstm,ema,test,1000025,9,-0.978412389755249,0.5328075289726257,0.5511256456375122,True
1710807515,fk_qslstm,ema,test,1000025,10,0.3019956350326538,0.6074433922767639,0.6240425109863281,True
1710807515,fk_qslstm,ema,test,1000025,11,-0.4718532860279083,0.20284274220466614,0.21167883276939392,True
1710807515,fk_qslstm,ema,test,1000025,12,-0.9876464009284973,-0.43031367659568787,-0.421093225479126,True
1710807515,fk_qslstm,ema,test,1000025,13,-0.3552657663822174,-0.5574104189872742,-0.5477873086929321,True
1710807515,fk_qslstm,ema,test,1000025,14,-0.44116899371147156,-0.7106297016143799,-0.7021241784095764,True
1710807515,fk_qslstm,ema,test,1000025,15,-0.9142739176750183,-1.1170681715011597,-1.1093831062316895,True
1710807515,fk_qslstm,ema,test,1000025,16,0.8131821751594543,-0.4057452082633972,-0.3925771117210388,True
1710807515,fk_qslstm,ema,test,1000025,17,0.47166839241981506,-0.04159512743353844,-0.03540688753128052,True
1710807515,fk_qslstm,ema,test,1000025,18,-0.007554442621767521,-0.03780876845121384,-0.03234553337097168,True
1710807515,fk_qslstm,ema,test,1000025,19,-0.2960500121116638,-0.2078770250082016,-0.20027095079421997,True
1710807515,fk_qslstm,ema,test,1000025,20,0.8677082061767578,0.3543233275413513,0.3571818172931671,True
1710807515,fk_qslstm,ema,test,1000025,21,0.8170433640480042,0.7736846804618835,0.7801389694213867,True
1710807515,fk_qslstm,ema,test,1000025,22,0.1215575784444809,0.691882312297821,0.692781925201416,True
1710807515,fk_qslstm,ema,test,1000025,23,-0.9650697708129883,-0.025536013767123222,-0.021141141653060913,True
1710807515,fk_qslstm,ema,test,1000025,24,-0.7619075775146484,-0.47757333517074585,-0.4767382740974426,True
1710807515,fk_qslstm,ema,test,1000025,25,-0.33661171793937683,-0.5840257406234741,-0.5800123810768127,True
1710807515,fk_qslstm,ema,test,1000025,26,0.35703524947166443,-0.2529994249343872,-0.24764424562454224,True
1710807515,fk_qslstm,ema,test,1000025,27,0.5121424198150635,0.10488591343164444,0.10577836632728577,True
1710807515,fk_qslstm,ema,test,1000025,28,0.6367760896682739,0.465974360704422,0.46510493755340576,True
1710807515,fk_qslstm,ema,test,1000025,29,0.09453082829713821,0.42949798703193665,0.42692768573760986,True
1710807515,fk_qslstm,ema,test,1000025,30,-0.2992866039276123,0.1640264242887497,0.16340330243110657,True
1710807515,fk_qslstm,ema,test,1000025,31,0.24972811341285706,0.28105801343917847,0.279238760471344,True
1710807515,fk_qslstm,ema,test,1000026,0,0.9889562726020813,0.5933737754821777,0.5773764252662659,True
1710807515,fk_qslstm,ema,test,1000026,1,-0.3477942645549774,0.2660224437713623,0.2658240795135498,True
1710807515,fk_qslstm,ema,test,1000026,2,0.45541325211524963,0.48606589436531067,0.4774116277694702,True
1710807515,fk_qslstm,ema,test,1000026,3,0.6628826260566711,0.7865822911262512,0.7826102375984192,True
1710807515,fk_qslstm,ema,test,1000026,4,0.1851171851158142,0.7403361201286316,0.73403000831604,True
1710807515,fk_qslstm,ema,test,1000026,5,-0.1421842873096466,0.5069583654403687,0.49833717942237854,True
1710807515,fk_qslstm,ema,test,1000026,6,0.9729817509651184,0.989355742931366,0.9875434041023254,True
1710807515,fk_qslstm,ema,test,1000026,7,0.11206984519958496,0.8587265014648438,0.8530248403549194,True
1710807515,fk_qslstm,ema,test,1000026,8,-0.8736749887466431,0.16277621686458588,0.15598797798156738,True
1710807515,fk_qslstm,ema,test,1000026,9,-0.79371577501297,-0.3460084795951843,-0.353254497051239,True
1710807515,fk_qslstm,ema,test,1000026,10,-0.04797772690653801,-0.30559343099594116,-0.307084858417511,True
1710807515,fk_qslstm,ema,test,1000026,11,-0.311608225107193,-0.43143966794013977,-0.428489625453949,True
1710807515,fk_qslstm,ema,test,1000026,12,0.5513256788253784,-0.01435633935034275,-0.013872802257537842,True
1710807515,fk_qslstm,ema,test,1000026,13,0.2250286191701889,0.12353209406137466,0.1215474009513855,True
1710807515,fk_qslstm,ema,test,1000026,14,0.24861720204353333,0.2479960024356842,0.24304530024528503,True
1710807515,fk_qslstm,ema,test,1000026,15,-0.13586480915546417,0.11687792092561722,0.11499585211277008,True
1710807515,fk_qslstm,ema,test,1000026,16,-0.529974102973938,-0.22448213398456573,-0.22400808334350586,True
1710807515,fk_qslstm,ema,test,1000026,17,-0.40450984239578247,-0.4222916066646576,-0.42005258798599243,True
1710807515,fk_qslstm,ema,test,1000026,18,0.8151087164878845,0.15123194456100464,0.15178921818733215,True
1710807515,fk_qslstm,ema,test,1000026,19,0.5060234665870667,0.42459961771965027,0.42333805561065674,True
1710807515,fk_qslstm,ema,test,1000026,20,0.010845709592103958,0.34618711471557617,0.3435786962509155,True
1710807515,fk_qslstm,ema,test,1000026,21,-0.3497485816478729,0.06710056215524673,0.06722776591777802,True
1710807515,fk_qslstm,ema,test,1000026,22,0.3822924792766571,0.2830559313297272,0.281019002199173,True
1710807515,fk_qslstm,ema,test,1000026,23,0.20796513557434082,0.35122382640838623,0.3494393825531006,True
1710807515,fk_qslstm,ema,test,1000026,24,-0.513507068157196,-0.027125177904963493,-0.025917530059814453,True
1710807515,fk_qslstm,ema,test,1000026,25,-0.870663583278656,-0.5440983176231384,-0.5452716946601868,True
1710807515,fk_qslstm,ema,test,1000026,26,-0.432673841714859,-0.6948829293251038,-0.6954547762870789,True
1710807515,fk_qslstm,ema,test,1000026,27,-0.6673440933227539,-0.9563128352165222,-0.9593706727027893,True
1710807515,fk_qslstm,ema,test,1000026,28,0.2885057330131531,-0.5919467806816101,-0.5918911099433899,True
1710807515,fk_qslstm,ema,test,1000026,29,-0.14777116477489471,-0.5622201561927795,-0.5614643096923828,True
1710807515,fk_qslstm,ema,test,1000026,30,-0.17078334093093872,-0.55224609375,-0.5506024956703186,True
1710807515,fk_qslstm,ema,test,1000026,31,0.9890754222869873,0.15164834260940552,0.1472196877002716,True
1710807515,fk_qslstm,ema,test,1000027,0,-0.721171498298645,-0.432702898979187,-0.4284183382987976,True
1710807515,fk_qslstm,ema,test,1000027,1,-0.9897307753562927,-0.9400007724761963,-0.9423730969429016,True
1710807515,fk_qslstm,ema,test,1000027,2,-0.709615170955658,-1.1777697801589966,-1.1903085708618164,True
1710807515,fk_qslstm,ema,test,1000027,3,-0.8006357550621033,-1.4225972890853882,-1.4212274551391602,True
1710807515,fk_qslstm,ema,test,1000027,4,-0.5391930341720581,-1.4615936279296875,-1.4593491554260254,True
1710807515,fk_qslstm,ema,test,1000027,5,-0.6932544708251953,-1.585227608680725,-1.5707347393035889,True
1710807515,fk_qslstm,ema,test,1000027,6,0.7714884281158447,-0.8052890300750732,-0.820910632610321,True
1710807515,fk_qslstm,ema,test,1000027,7,0.7553631663322449,-0.19101330637931824,-0.19731837511062622,True
1710807515,fk_qslstm,ema,test,1000027,8,-0.6373604536056519,-0.5352269411087036,-0.5354703068733215,True
1710807515,fk_qslstm,ema,test,1000027,9,0.7094947099685669,-0.0024846976157277822,0.005595952272415161,True
1710807515,fk_qslstm,ema,test,1000027,10,0.7058308720588684,0.4215107560157776,0.43200990557670593,True
1710807515,fk_qslstm,ema,test,1000027,11,-0.7730361223220825,-0.1266130656003952,-0.11328411102294922,True
1710807515,fk_qslstm,ema,test,1000027,12,-0.6033415198326111,-0.4632953703403473,-0.45360517501831055,True
1710807515,fk_qslstm,ema,test,1000027,13,-0.4216425120830536,-0.6236218214035034,-0.6134888529777527,True
1710807515,fk_qslstm,ema,test,1000027,14,0.5830978155136108,-0.14903876185417175,-0.13717103004455566,True
1710807515,fk_qslstm,ema,test,1000027,15,-0.06204906105995178,-0.1564604490995407,-0.14366066455841064,True
1710807515,fk_qslstm,ema,test,1000027,16,0.16412049531936646,-0.026696061715483665,-0.018502026796340942,True
1710807515,fk_qslstm,ema,test,1000027,17,-0.7762780785560608,-0.4871236979961395,-0.48174601793289185,True
1710807515,fk_qslstm,ema,test,1000027,18,0.7193124890327454,0.04188854247331619,0.04486501216888428,True
1710807515,fk_qslstm,ema,test,1000027,19,0.09403481334447861,0.08993172645568848,0.09302473068237305,True
1710807515,fk_qslstm,ema,test,1000027,20,0.45480290055274963,0.3448271155357361,0.34371864795684814,True
1710807515,fk_qslstm,ema,test,1000027,21,-0.7494829893112183,-0.17382808029651642,-0.1730542778968811,True
1710807515,fk_qslstm,ema,test,1000027,22,0.3298822343349457,0.058866869658231735,0.05607697367668152,True
1710807515,fk_qslstm,ema,test,1000027,23,0.2741698622703552,0.21159540116786957,0.20854829251766205,True
1710807515,fk_qslstm,ema,test,1000027,24,0.24895484745502472,0.3186492323875427,0.3145637512207031,True
1710807515,fk_qslstm,ema,test,1000027,25,-0.40467721223831177,0.01211305521428585,0.012314170598983765,True
1710807515,fk_qslstm,ema,test,1000027,26,-0.88093101978302,-0.5188681483268738,-0.520063579082489,True
1710807515,fk_qslstm,ema,test,1000027,27,-0.9054803848266602,-0.9583827257156372,-0.9627805352210999,True
1710807515,fk_qslstm,ema,test,1000027,28,0.6104785799980164,-0.40041905641555786,-0.3958379626274109,True
1710807515,fk_qslstm,ema,test,1000027,29,0.8584932088851929,0.19476069509983063,0.19491389393806458,True
1710807515,fk_qslstm,ema,test,1000027,30,0.9797090291976929,0.7436339855194092,0.7427642345428467,True
1710807515,fk_qslstm,ema,test,1000027,31,0.9966879487037659,1.1929199695587158,1.1887331008911133,True
1710807515,fk_qslstm,ema,test,1000028,0,-0.0975174754858017,-0.05851048603653908,-0.05702957510948181,True
1710807515,fk_qslstm,ema,test,1000028,1,0.3224717080593109,0.14667464792728424,0.14127445220947266,True
1710807515,fk_qslstm,ema,test,1000028,2,-0.13877896964550018,0.034072332084178925,0.02914482355117798,True
1710807515,fk_qslstm,ema,test,1000028,3,0.5336421132087708,0.3474431335926056,0.34113696217536926,True
1710807515,fk_qslstm,ema,test,1000028,4,-0.42984074354171753,0.02005004696547985,0.019757866859436035,True
1710807515,fk_qslstm,ema,test,1000028,5,-0.985487699508667,-0.5752525925636292,-0.5745713114738464,True
1710807515,fk_qslstm,ema,test,1000028,6,-0.4350217878818512,-0.7212151288986206,-0.7201822400093079,True
1710807515,fk_qslstm,ema,test,1000028,7,-0.6835023164749146,-0.9870734810829163,-0.9886196255683899,True
1710807515,fk_qslstm,ema,test,1000028,8,0.8055851459503174,-0.30630770325660706,-0.2986970543861389,True
1710807515,fk_qslstm,ema,test,1000028,9,0.6071720123291016,0.11925704032182693,0.12242120504379272,True
1710807515,fk_qslstm,ema,test,1000028,10,0.6680070757865906,0.49620985984802246,0.49750083684921265,True
1710807515,fk_qslstm,ema,test,1000028,11,-0.28796982765197754,0.2241860032081604,0.22661292552947998,True
1710807515,fk_qslstm,ema,test,1000028,12,-0.8404114246368408,-0.3248980641365051,-0.3230188488960266,True
1710807515,fk_qslstm,ema,test,1000028,13,-0.45840758085250854,-0.5349630117416382,-0.5327324271202087,True
1710807515,fk_qslstm,ema,test,1000028,14,-0.9624924659729004,-1.0054658651351929,-1.0033454895019531,True
1710807515,fk_qslstm,ema,test,1000028,15,-0.8072900772094727,-1.28874671459198,-1.2812247276306152,True
1710807515,fk_qslstm,ema,test,1000028,16,0.7931892275810242,-0.5550838708877563,-0.5455999970436096,True
1710807515,fk_qslstm,ema,test,1000028,17,-0.043675780296325684,-0.4702725410461426,-0.46339160203933716,True
1710807515,fk_qslstm,ema,test,1000028,18,0.9264938235282898,0.17967826128005981,0.18119600415229797,True
1710807515,fk_qslstm,ema,test,1000028,19,-0.4720093607902527,-0.13946300745010376,-0.1331404447555542,True
1710807515,fk_qslstm,ema,test,1000028,20,0.2489110827445984,0.03777623921632767,0.03933471441268921,True
1710807515,fk_qslstm,ema,test,1000028,21,0.252106249332428,0.18148474395275116,0.18142694234848022,True
1710807515,fk_qslstm,ema,test,1000028,22,-0.04024193435907364,0.1210426315665245,0.12272951006889343,True
1710807515,fk_qslstm,ema,test,1000028,23,0.2348870038986206,0.237766295671463,0.23752593994140625,True
1710807515,fk_qslstm,ema,test,1000028,24,-0.3703078329563141,-0.03197166323661804,-0.027876555919647217,True
1710807515,fk_qslstm,ema,test,1000028,25,-0.028684215620160103,-0.042787861078977585,-0.037694841623306274,True
1710807515,fk_qslstm,ema,test,1000028,26,0.6771602630615234,0.37206587195396423,0.3754144608974457,True
1710807515,fk_qslstm,ema,test,1000028,27,0.3633846938610077,0.5156835317611694,0.5173816680908203,True
1710807515,fk_qslstm,ema,test,1000028,28,-0.9960365295410156,-0.18507510423660278,-0.1759524643421173,True
1710807515,fk_qslstm,ema,test,1000028,29,0.7149494886398315,0.28090959787368774,0.28670722246170044,True
1710807515,fk_qslstm,ema,test,1000028,30,0.030932080000638962,0.24328692257404327,0.2509477734565735,True
1710807515,fk_qslstm,ema,test,1000028,31,0.23567695915699005,0.33603572845458984,0.3408900201320648,True
1710807515,fk_qslstm,ema,test,1000029,0,-0.19691000878810883,-0.11814600229263306,-0.11627137660980225,True
1710807515,fk_qslstm,ema,test,1000029,1,-0.77418452501297,-0.5590274930000305,-0.5596324801445007,True
1710807515,fk_qslstm,ema,test,1000029,2,0.49714240431785583,-0.14893656969070435,-0.15608584880828857,True
1710807515,fk_qslstm,ema,test,1000029,3,0.1509188413619995,-0.02859794907271862,-0.03332018852233887,True
1710807515,fk_qslstm,ema,test,1000029,4,0.8158078193664551,0.4666063189506531,0.4609268009662628,True
1710807515,fk_qslstm,ema,test,1000029,5,0.7851543426513672,0.8443776965141296,0.8449601531028748,True
1710807515,fk_qslstm,ema,test,1000029,6,0.9580493569374084,1.2503317594528198,1.2467422485351562,True
1710807515,fk_qslstm,ema,test,1000029,7,-0.9808414578437805,0.41176050901412964,0.42093387246131897,True
1710807515,fk_qslstm,ema,test,1000029,8,0.2555316686630249,0.48272740840911865,0.48830732703208923,True
1710807515,fk_qslstm,ema,test,1000029,9,0.3299168050289154,0.5841320157051086,0.5883339643478394,True
1710807515,fk_qslstm,ema,test,1000029,10,-0.5496728420257568,0.13750192523002625,0.1397104263305664,True
1710807515,fk_qslstm,ema,test,1000029,11,0.009580947458744049,0.11575010418891907,0.11800239980220795,True
1710807515,fk_qslstm,ema,test,1000029,12,-0.29392752051353455,-0.08375642448663712,-0.07638314366340637,True
1710807515,fk_qslstm,ema,test,1000029,13,-0.5560234189033508,-0.40061917901039124,-0.3935847878456116,True
1710807515,fk_qslstm,ema,test,1000029,14,0.29433363676071167,-0.14389514923095703,-0.13915768265724182,True
1710807515,fk_qslstm,ema,test,1000029,15,-0.19936102628707886,-0.2347327470779419,-0.22731870412826538,True
1710807515,fk_qslstm,ema,test,1000029,16,-0.7783636450767517,-0.6548044085502625,-0.6531358957290649,True
1710807515,fk_qslstm,ema,test,1000029,17,0.9865854382514954,0.06810776889324188,0.06531962752342224,True
1710807515,fk_qslstm,ema,test,1000029,18,-0.3189757168292999,-0.1368992179632187,-0.13503742218017578,True
1710807515,fk_qslstm,ema,test,1000029,19,0.6253398656845093,0.2656845152378082,0.26197701692581177,True
1710807515,fk_qslstm,ema,test,1000029,20,-0.0014634692342951894,0.21166954934597015,0.2092888355255127,True
1710807515,fk_qslstm,ema,test,1000029,21,-0.8027250170707703,-0.31229937076568604,-0.31438344717025757,True
1710807515,fk_qslstm,ema,test,1000029,22,0.7502977848052979,0.2003391832113266,0.19648173451423645,True
1710807515,fk_qslstm,ema,test,1000029,23,-0.2004675567150116,0.039990805089473724,0.04188263416290283,True
1710807515,fk_qslstm,ema,test,1000029,24,-0.3779030740261078,-0.19474920630455017,-0.19079923629760742,True
1710807515,fk_qslstm,ema,test,1000029,25,-0.8404533267021179,-0.6600713729858398,-0.6603193879127502,True
1710807515,fk_qslstm,ema,test,1000029,26,-0.2805667519569397,-0.6963971257209778,-0.6955836415290833,True
1710807515,fk_qslstm,ema,test,1000029,27,0.4412836730480194,-0.2923474907875061,-0.2894291877746582,True
1710807515,fk_qslstm,ema,test,1000029,28,-0.8550313115119934,-0.7468968033790588,-0.7483311295509338,True
1710807515,fk_qslstm,ema,test,1000029,29,0.011891784146428108,-0.5903823375701904,-0.592082142829895,True
1710807515,fk_qslstm,ema,test,1000029,30,0.21533870697021484,-0.34310266375541687,-0.3443261981010437,True
1710807515,fk_qslstm,ema,test,1000029,31,0.5741717219352722,0.070020891726017,0.06517842411994934,True
1710807515,fk_qslstm,ema,test,1000030,0,0.4560496211051941,0.2736297845840454,0.27342158555984497,True
1710807515,fk_qslstm,ema,test,1000030,1,0.9126862287521362,0.7665155529975891,0.7718522548675537,True
1710807515,fk_qslstm,ema,test,1000030,2,0.3979034721851349,0.8519545197486877,0.8514018654823303,True
1710807515,fk_qslstm,ema,test,1000030,3,-0.9861712455749512,0.08986086398363113,0.09431871771812439,True
1710807515,fk_qslstm,ema,test,1000030,4,-0.7631086111068726,-0.3859764635562897,-0.3847142457962036,True
1710807515,fk_qslstm,ema,test,1000030,5,-0.6656581163406372,-0.7081760764122009,-0.7099905610084534,True
1710807515,fk_qslstm,ema,test,1000030,6,-0.15750958025455475,-0.66104656457901,-0.6590384840965271,True
1710807515,fk_qslstm,ema,test,1000030,7,-0.267945259809494,-0.6896044611930847,-0.6859942674636841,True
1710807515,fk_qslstm,ema,test,1000030,8,0.8794291615486145,-0.024026064202189445,-0.020177245140075684,True
1710807515,fk_qslstm,ema,test,1000030,9,-0.20260269939899445,-0.14078247547149658,-0.13400527834892273,True
1710807515,fk_qslstm,ema,test,1000030,10,-0.18380865454673767,-0.22291116416454315,-0.21645432710647583,True
1710807515,fk_qslstm,ema,test,1000030,11,0.868560791015625,0.3428075313568115,0.344197541475296,True
1710807515,fk_qslstm,ema,test,1000030,12,-0.5040550231933594,-0.02818700484931469,-0.0250912606716156,True
1710807515,fk_qslstm,ema,test,1000030,13,0.9108824729919434,0.523979902267456,0.5221048593521118,True
1710807515,fk_qslstm,ema,test,1000030,14,0.18625807762145996,0.5309387445449829,0.5265095233917236,True
1710807515,fk_qslstm,ema,test,1000030,15,-0.1745702475309372,0.3200088441371918,0.31505897641181946,True
1710807515,fk_qslstm,ema,test,1000030,16,-0.6576758623123169,-0.13859842717647552,-0.1419491171836853,True
1710807515,fk_qslstm,ema,test,1000030,17,0.8676750063896179,0.40972626209259033,0.4051133692264557,True
1710807515,fk_qslstm,ema,test,1000030,18,-0.34324002265930176,0.12183701246976852,0.12139695882797241,True
1710807515,fk_qslstm,ema,test,1000030,19,-0.26422473788261414,-0.06106523051857948,-0.059231698513031006,True
1710807515,fk_qslstm,ema,test,1000030,20,-0.6418413519859314,-0.4339570105075836,-0.4326203465461731,True
1710807515,fk_qslstm,ema,test,1000030,21,-0.6598114967346191,-0.7430524826049805,-0.7460547089576721,True
1710807515,fk_qslstm,ema,test,1000030,22,-0.1321496069431305,-0.6737317442893982,-0.6739363670349121,True
1710807515,fk_qslstm,ema,test,1000030,23,0.8368164300918579,-0.036895569413900375,-0.03565549850463867,True
1710807515,fk_qslstm,ema,test,1000030,24,0.13540397584438324,0.051725924015045166,0.05146133899688721,True
1710807515,fk_qslstm,ema,test,1000030,25,0.4993134140968323,0.3409687876701355,0.3364570438861847,True
1710807515,fk_qslstm,ema,test,1000030,26,0.823229193687439,0.7667125463485718,0.767145037651062,True
1710807515,fk_qslstm,ema,test,1000030,27,0.6244375109672546,0.9880325794219971,0.9914775490760803,True
1710807515,fk_qslstm,ema,test,1000030,28,0.028205396607518196,0.8073492646217346,0.8071463108062744,True
1710807515,fk_qslstm,ema,test,1000030,29,0.43507859110832214,0.9069265723228455,0.9088916182518005,True
1710807515,fk_qslstm,ema,test,1000030,30,0.5371603965759277,1.047837495803833,1.0525857210159302,True
1710807515,fk_qslstm,ema,test,1000030,31,0.8402101993560791,1.3423961400985718,1.3384013175964355,True
1710807515,fk_qslstm,ema,test,1000031,0,0.5439622402191162,0.32637733221054077,0.3257964253425598,True
1710807515,fk_qslstm,ema,test,1000031,1,-0.07075200229883194,0.2186506688594818,0.22823256254196167,True
1710807515,fk_qslstm,ema,test,1000031,2,0.7529948353767395,0.6267174482345581,0.6294645071029663,True
1710807515,fk_qslstm,ema,test,1000031,3,0.9129307866096497,1.0491324663162231,1.0554860830307007,True
1710807515,fk_qslstm,ema,test,1000031,4,0.2653588354587555,0.9985212683677673,1.0013481378555298,True
1710807515,fk_qslstm,ema,test,1000031,5,-0.6736178994178772,0.3946462571620941,0.3898460865020752,True
1710807515,fk_qslstm,ema,test,1000031,6,-0.901951014995575,-0.22545358538627625,-0.22959238290786743,True
1710807515,fk_qslstm,ema,test,1000031,7,0.3088890612125397,0.0049705710262060165,0.0008216500282287598,True
1710807515,fk_qslstm,ema,test,1000031,8,0.8541251420974731,0.5164515376091003,0.5137643814086914,True
1710807515,fk_qslstm,ema,test,1000031,9,-0.6472140550613403,0.024832814931869507,0.022297769784927368,True
1710807515,fk_qslstm,ema,test,1000031,10,-0.05249674990773201,-0.011631797067821026,-0.01414269208908081,True
1710807515,fk_qslstm,ema,test,1000031,11,0.3763207197189331,0.21648700535297394,0.2125387191772461,True
1710807515,fk_qslstm,ema,test,1000031,12,-0.2935333251953125,-0.0029303866904228926,-0.0019937455654144287,True
1710807515,fk_qslstm,ema,test,1000031,13,0.5531958937644958,0.32957321405410767,0.3276926875114441,True
1710807515,fk_qslstm,ema,test,1000031,14,0.5535178780555725,0.5957692861557007,0.5957382917404175,True
1710807515,fk_qslstm,ema,test,1000031,15,-0.8736226558685303,-0.04755815491080284,-0.04517212510108948,True
1710807515,fk_qslstm,ema,test,1000031,16,-0.8187468647956848,-0.5292946696281433,-0.5314223170280457,True
1710807515,fk_qslstm,ema,test,1000031,17,-0.8919844031333923,-0.9586263298988342,-0.9634273648262024,True
1710807515,fk_qslstm,ema,test,1000031,18,0.8240657448768616,-0.2724616527557373,-0.2666798233985901,True
1710807515,fk_qslstm,ema,test,1000031,19,-0.11780261993408203,-0.28865087032318115,-0.28032153844833374,True
1710807515,fk_qslstm,ema,test,1000031,20,-0.5117896795272827,-0.5379945039749146,-0.5327441096305847,True
1710807515,fk_qslstm,ema,test,1000031,21,0.02724812738597393,-0.4140467345714569,-0.4082801938056946,True
1710807515,fk_qslstm,ema,test,1000031,22,-0.18436697125434875,-0.44185757637023926,-0.43473660945892334,True
1710807515,fk_qslstm,ema,test,1000031,23,0.42345860600471497,-0.09941089898347855,-0.09650811553001404,True
1710807515,fk_qslstm,ema,test,1000031,24,0.258318156003952,0.07546217739582062,0.07439997792243958,True
1710807515,fk_qslstm,ema,test,1000031,25,-0.12671783566474915,-0.015660954639315605,-0.014950156211853027,True
1710807515,fk_qslstm,ema,test,1000031,26,0.8320779204368591,0.48671796917915344,0.4854917526245117,True
1710807515,fk_qslstm,ema,test,1000031,27,0.8468410968780518,0.8974790573120117,0.9017572999000549,True
1710807515,fk_qslstm,ema,test,1000031,28,-0.6994507312774658,0.298312783241272,0.29495930671691895,True
1710807515,fk_qslstm,ema,test,1000031,29,0.15563049912452698,0.3320285379886627,0.3250773847103119,True
1710807515,fk_qslstm,ema,test,1000031,30,0.1425490379333496,0.351152241230011,0.345716267824173,True
1710807515,fk_qslstm,ema,test,1000031,31,0.08106934279203415,0.3295634090900421,0.325355589389801,True
1710807515,fk_qslstm,ema,test,1000032,0,0.25973471999168396,0.15584082901477814,0.15592506527900696,True
1710807515,fk_qslstm,ema,test,1000032,1,0.8720585703849792,0.6479077935218811,0.6478025913238525,True
1710807515,fk_qslstm,ema,test,1000032,2,-0.402319997549057,0.2769342362880707,0.2718791365623474,True
1710807515,fk_qslstm,ema,test,1000032,3,0.8868683576583862,0.7536684274673462,0.7503999471664429,True
1710807515,fk_qslstm,ema,test,1000032,4,-0.41143590211868286,0.35607320070266724,0.3498784899711609,True
1710807515,fk_qslstm,ema,test,1000032,5,-0.18087755143642426,0.176332026720047,0.17134881019592285,True
1710807515,fk_qslstm,ema,test,1000032,6,-0.9920408725738525,-0.4541589021682739,-0.4533093571662903,True
1710807515,fk_qslstm,ema,test,1000032,7,0.4123463034629822,-0.115919329226017,-0.11420536041259766,True
1710807515,fk_qslstm,ema,test,1000032,8,-0.8059769868850708,-0.5763216614723206,-0.5753646492958069,True
1710807515,fk_qslstm,ema,test,1000032,9,0.14870697259902954,-0.3718331456184387,-0.3707738518714905,True
1710807515,fk_qslstm,ema,test,1000032,10,-0.9823277592658997,-0.8868631720542908,-0.8863651156425476,True
1710807515,fk_qslstm,ema,test,1000032,11,-0.8387163877487183,-1.2127203941345215,-1.211003065109253,True
1710807515,fk_qslstm,ema,test,1000032,12,0.12938238680362701,-0.8925468921661377,-0.8955979943275452,True
1710807515,fk_qslstm,ema,test,1000032,13,0.016885871067643166,-0.7039059996604919,-0.7080619931221008,True
1710807515,fk_qslstm,ema,test,1000032,14,0.7805492877960205,-0.09479518979787827,-0.09427207708358765,True
1710807515,fk_qslstm,ema,test,1000032,15,-0.658577024936676,-0.4709823727607727,-0.46958428621292114,True
1710807515,fk_qslstm,ema,test,1000032,16,0.9461366534233093,0.19089609384536743,0.18664415180683136,True
1710807515,fk_qslstm,ema,test,1000032,17,-0.5177767872810364,-0.15794919431209564,-0.15683162212371826,True
1710807515,fk_qslstm,ema,test,1000032,18,-0.30039530992507935,-0.3065965473651886,-0.3047294020652771,True
1710807515,fk_qslstm,ema,test,1000032,19,0.6989710330963135,0.17410539090633392,0.17371439933776855,True
1710807515,fk_qslstm,ema,test,1000032,20,-0.6713851094245911,-0.26354673504829407,-0.2616491913795471,True
1710807515,fk_qslstm,ema,test,1000032,21,-0.2517094612121582,-0.36186307668685913,-0.35965198278427124,True
1710807515,fk_qslstm,ema,test,1000032,22,-0.6916813850402832,-0.7044992446899414,-0.7059672474861145,True
1710807515,fk_qslstm,ema,test,1000032,23,-0.5300859808921814,-0.881650984287262,-0.8861194252967834,True
1710807515,fk_qslstm,ema,test,1000032,24,-0.4298540949821472,-0.963233232498169,-0.9684012532234192,True
1710807515,fk_qslstm,ema,test,1000032,25,0.7694981694221497,-0.30888769030570984,-0.30556613206863403,True
1710807515,fk_qslstm,ema,test,1000032,26,-0.4563012421131134,-0.5208908915519714,-0.5178293585777283,True
1710807515,fk_qslstm,ema,test,1000032,27,-0.029499012976884842,-0.4344121217727661,-0.4319811463356018,True
1710807515,fk_qslstm,ema,test,1000032,28,0.7421291470527649,0.0977477952837944,0.09799917042255402,True
1710807515,fk_qslstm,ema,test,1000032,29,0.17456312477588654,0.18293610215187073,0.18150660395622253,True
1710807515,fk_qslstm,ema,test,1000032,30,-0.3547515273094177,-0.06650203466415405,-0.06508544087409973,True
1710807515,fk_qslstm,ema,test,1000032,31,0.7357025742530823,0.3882199227809906,0.3872803747653961,True
1710807515,fk_qslstm,ema,test,1000033,0,0.8592148423194885,0.5155289173126221,0.5075653791427612,True
1710807515,fk_qslstm,ema,test,1000033,1,-0.4333440959453583,0.1524166762828827,0.1614779531955719,True
1710807515,fk_qslstm,ema,test,1000033,2,-0.6303588151931763,-0.25628194212913513,-0.255052387714386,True
1710807515,fk_qslstm,ema,test,1000033,3,0.8601589202880859,0.3110697865486145,0.30630773305892944,True
1710807515,fk_qslstm,ema,test,1000033,4,0.00604989705607295,0.2524857819080353,0.24834805727005005,True
1710807515,fk_qslstm,ema,test,1000033,5,0.4450126588344574,0.46899622678756714,0.4627286195755005,True
1710807515,fk_qslstm,ema,test,1000033,6,0.8977786898612976,0.9138641953468323,0.9145345091819763,True
1710807515,fk_qslstm,ema,test,1000033,7,0.24696898460388184,0.8792727589607239,0.8770391941070557,True
1710807515,fk_qslstm,ema,test,1000033,8,-0.0036175705026835203,0.7012476325035095,0.6957655549049377,True
1710807515,fk_qslstm,ema,test,1000033,9,-0.11420989781618118,0.49247217178344727,0.48551368713378906,True
1710807515,fk_qslstm,ema,test,1000033,10,-0.31186285614967346,0.2068600207567215,0.20272426307201385,True
1710807515,fk_qslstm,ema,test,1000033,11,0.27141445875167847,0.3283366858959198,0.32461121678352356,True
1710807515,fk_qslstm,ema,test,1000033,12,0.7955958843231201,0.7400268912315369,0.7428780794143677,True
1710807515,fk_qslstm,ema,test,1000033,13,0.8538275361061096,1.1043180227279663,1.1103532314300537,True
1710807515,fk_qslstm,ema,test,1000033,14,0.3795377314090729,1.1111770868301392,1.1155798435211182,True
1710807515,fk_qslstm,ema,test,1000033,15,0.9591683745384216,1.4644427299499512,1.4462571144104004,True
1710807515,fk_qslstm,ema,test,1000033,16,-0.5813847184181213,0.8227232694625854,0.822823703289032,True
1710807515,fk_qslstm,ema,test,1000033,17,-0.839023768901825,0.15476436913013458,0.15346738696098328,True
1710807515,fk_qslstm,ema,test,1000033,18,-0.7373151183128357,-0.3185775876045227,-0.32334017753601074,True
1710807515,fk_qslstm,ema,test,1000033,19,-0.3097521960735321,-0.44071340560913086,-0.4430130124092102,True
1710807515,fk_qslstm,ema,test,1000033,20,-0.5141732692718506,-0.661074697971344,-0.6641082167625427,True
1710807515,fk_qslstm,ema,test,1000033,21,0.08922585099935532,-0.47532424330711365,-0.4778017997741699,True
1710807515,fk_qslstm,ema,test,1000033,22,-0.8668528199195862,-0.9003710746765137,-0.9067704081535339,True
1710807515,fk_qslstm,ema,test,1000033,23,-0.9105473160743713,-1.2666252851486206,-1.2656385898590088,True
1710807515,fk_qslstm,ema,test,1000033,24,-0.2028106451034546,-1.1349866390228271,-1.1410484313964844,True
1710807515,fk_qslstm,ema,test,1000033,25,0.5254700183868408,-0.5927072763442993,-0.597208559513092,True
1710807515,fk_qslstm,ema,test,1000033,26,0.6316211223602295,-0.09519311785697937,-0.09871670603752136,True
1710807515,fk_qslstm,ema,test,1000033,27,0.7346408367156982,0.3646300137042999,0.36012160778045654,True
1710807515,fk_qslstm,ema,test,1000033,28,0.7058141827583313,0.7151924967765808,0.7147718667984009,True
1710807515,fk_qslstm,ema,test,1000033,29,-0.28888002038002014,0.398826003074646,0.3970535397529602,True
1710807515,fk_qslstm,ema,test,1000033,30,-0.685741126537323,-0.09238389134407043,-0.09385219216346741,True
1710807515,fk_qslstm,ema,test,1000033,31,0.4305250644683838,0.18440793454647064,0.18162372708320618,True
1710807515,fk_qslstm,ema,test,1000034,0,-0.22321845591068268,-0.13393107056617737,-0.13197657465934753,True
1710807515,fk_qslstm,ema,test,1000034,1,-0.43915897607803345,-0.37064024806022644,-0.3689613938331604,True
1710807515,fk_qslstm,ema,test,1000034,2,0.3648722469806671,-0.07758884876966476,-0.0836724042892456,True
1710807515,fk_qslstm,ema,test,1000034,3,-0.7036927938461304,-0.48428675532341003,-0.48954910039901733,True
1710807515,fk_qslstm,ema,test,1000034,4,0.0282828938215971,-0.3704596757888794,-0.37363022565841675,True
1710807515,fk_qslstm,ema,test,1000034,5,-0.6659764051437378,-0.6959536075592041,-0.7011594176292419,True
1710807515,fk_qslstm,ema,test,1000034,6,-0.504855751991272,-0.8596763014793396,-0.8670814633369446,True
1710807515,fk_qslstm,ema,test,1000034,7,0.5153272747993469,-0.3785446882247925,-0.37962156534194946,True
1710807515,fk_qslstm,ema,test,1000034,8,-0.9429851770401001,-0.8686268329620361,-0.8720163702964783,True
1710807515,fk_qslstm,ema,test,1000034,9,-0.35391008853912354,-0.9072475433349609,-0.9136196970939636,True
1710807515,fk_qslstm,ema,test,1000034,10,0.7527515888214111,-0.27414706349372864,-0.27118146419525146,True
1710807515,fk_qslstm,ema,test,1000034,11,0.7482395172119141,0.22962604463100433,0.22925883531570435,True
1710807515,fk_qslstm,ema,test,1000034,12,0.3383633494377136,0.38671883940696716,0.3839263617992401,True
1710807515,fk_qslstm,ema,test,1000034,13,-0.47304627299308777,0.02554730512201786,0.025697410106658936,True
1710807515,fk_qslstm,ema,test,1000034,14,0.5201147794723511,0.3325067162513733,0.3302037715911865,True
1710807515,fk_qslstm,ema,test,1000034,15,0.6193705797195435,0.6376277208328247,0.639103889465332,True
1710807515,fk_qslstm,ema,test,1000034,16,-0.7821279168128967,0.04082543030381203,0.042327821254730225,True
1710807515,fk_qslstm,ema,test,1000034,17,-0.38983792066574097,-0.20124241709709167,-0.1978667974472046,True
1710807515,fk_qslstm,ema,test,1000034,18,0.9176420569419861,0.3895913064479828,0.3903704881668091,True
1710807515,fk_qslstm,ema,test,1000034,19,-0.9786438345909119,-0.27551326155662537,-0.2666414976119995,True
1710807515,fk_qslstm,ema,test,1000034,20,0.6758448481559753,0.18509629368782043,0.1888420283794403,True
1710807515,fk_qslstm,ema,test,1000034,21,-0.8438814282417297,-0.35825181007385254,-0.35143619775772095,True
1710807515,fk_qslstm,ema,test,1000034,22,-0.9752369523048401,-0.8717436194419861,-0.8704419732093811,True
1710807515,fk_qslstm,ema,test,1000034,23,-0.048123594373464584,-0.7262690663337708,-0.7222209572792053,True
1710807515,fk_qslstm,ema,test,1000034,24,-0.6993167400360107,-1.0006052255630493,-1.0011036396026611,True
1710807515,fk_qslstm,ema,test,1000034,25,-0.5988214015960693,-1.159777045249939,-1.1621496677398682,True
1710807515,fk_qslstm,ema,test,1000034,26,0.9615078568458557,-0.35091692209243774,-0.3473049998283386,True
1710807515,fk_qslstm,ema,test,1000034,27,-0.5598843097686768,-0.6166641116142273,-0.616243839263916,True
1710807515,fk_qslstm,ema,test,1000034,28,0.0775037482380867,-0.44682908058166504,-0.4460026025772095,True
1710807515,fk_qslstm,ema,test,1000034,29,-0.3761592507362366,-0.5831587910652161,-0.5807715654373169,True
1710807515,fk_qslstm,ema,test,1000034,30,0.22953706979751587,-0.32880479097366333,-0.32627469301223755,True
1710807515,fk_qslstm,ema,test,1000034,31,0.0761883482336998,-0.21733082830905914,-0.21507549285888672,True
1710807515,fk_qslstm,ema,test,1000035,0,0.01747306063771248,0.010483836755156517,0.011412203311920166,True
1710807515,fk_qslstm,ema,test,1000035,1,-0.00030016855453141034,0.008206968195736408,0.009735018014907837,True
1710807515,fk_qslstm,ema,test,1000035,2,0.580985426902771,0.3551568388938904,0.3480907678604126,True
1710807515,fk_qslstm,ema,test,1000035,3,-0.5314359068870544,-0.034736063331365585,-0.03654077649116516,True
1710807515,fk_qslstm,ema,test,1000035,4,-0.1639218032360077,-0.12614193558692932,-0.12498515844345093,True
1710807515,fk_qslstm,ema,test,1000035,5,0.8289610147476196,0.3964630663394928,0.3965641260147095,True
1710807515,fk_qslstm,ema,test,1000035,6,0.8665333390235901,0.8370904922485352,0.8421396613121033,True
1710807515,fk_qslstm,ema,test,1000035,7,0.7973621487617493,1.1480896472930908,1.153385877609253,True
1710807515,fk_qslstm,ema,test,1000035,8,0.09084812551736832,0.9729806184768677,0.9763427376747131,True
1710807515,fk_qslstm,ema,test,1000035,9,-0.3002791702747345,0.5982170104980469,0.595848560333252,True
1710807515,fk_qslstm,ema,test,1000035,10,-0.0634564682841301,0.4404997229576111,0.4353066682815552,True
1710807515,fk_qslstm,ema,test,1000035,11,0.33313629031181335,0.5522815585136414,0.5476565361022949,True
1710807515,fk_qslstm,ema,test,1000035,12,0.18923714756965637,0.5553675293922424,0.5508180260658264,True
1710807515,fk_qslstm,ema,test,1000035,13,0.19989876449108124,0.5642333030700684,0.5598235726356506,True
1710807515,fk_qslstm,ema,test,1000035,14,0.8710790276527405,0.9740340709686279,0.9773870706558228,True
1710807515,fk_qslstm,ema,test,1000035,15,0.7985610365867615,1.2583638429641724,1.2579584121704102,True
1710807515,fk_qslstm,ema,test,1000035,16,-0.17350585758686066,0.9025875329971313,0.9047135710716248,True
1710807515,fk_qslstm,ema,test,1000035,17,0.9413738250732422,1.2868943214416504,1.2879843711853027,True
1710807515,fk_qslstm,ema,test,1000035,18,0.3229621946811676,1.2232928276062012,1.2235385179519653,True
1710807515,fk_qslstm,ema,test,1000035,19,0.6095542311668396,1.3443667888641357,1.3431131839752197,True
1710807515,fk_qslstm,ema,test,1000035,20,-0.24160613119602203,0.9305297136306763,0.936812162399292,True
1710807515,fk_qslstm,ema,test,1000035,21,0.6709350347518921,1.1469848155975342,1.1596405506134033,True
1710807515,fk_qslstm,ema,test,1000035,22,0.8635439276695251,1.4357141256332397,1.4282505512237549,True
1710807515,fk_qslstm,ema,test,1000035,23,0.25145915150642395,1.2994468212127686,1.2979168891906738,True
1710807515,fk_qslstm,ema,test,1000035,24,-0.4557081162929535,0.7661325931549072,0.7707593441009521,True
1710807515,fk_qslstm,ema,test,1000035,25,-0.08489112555980682,0.5619714260101318,0.5577967166900635,True
1710807515,fk_qslstm,ema,test,1000035,26,-0.059893954545259476,0.4136407673358917,0.40285149216651917,True
1710807515,fk_qslstm,ema,test,1000035,27,0.7128560543060303,0.7586262226104736,0.7534202337265015,True
1710807515,fk_qslstm,ema,test,1000035,28,-0.8824644684791565,0.07742229849100113,0.07170695066452026,True
1710807515,fk_qslstm,ema,test,1000035,29,-0.6365063786506653,-0.31996598839759827,-0.32736313343048096,True
1710807515,fk_qslstm,ema,test,1000035,30,-0.7308273315429688,-0.6944692134857178,-0.7041633725166321,True
1710807515,fk_qslstm,ema,test,1000035,31,-0.2255541831254959,-0.6909078359603882,-0.6967775225639343,True
1710807515,fk_qslstm,ema,test,1000036,0,-0.26615867018699646,-0.15969520807266235,-0.15763533115386963,True
1710807515,fk_qslstm,ema,test,1000036,1,-0.44717103242874146,-0.3960587680339813,-0.3952406048774719,True
1710807515,fk_qslstm,ema,test,1000036,2,-0.31061679124832153,-0.5032171010971069,-0.5074650049209595,True
1710807515,fk_qslstm,ema,test,1000036,3,0.4094242751598358,-0.15691910684108734,-0.15956491231918335,True
1710807515,fk_qslstm,ema,test,1000036,4,-0.07712887972593307,-0.17181260883808136,-0.17023801803588867,True
1710807515,fk_qslstm,ema,test,1000036,5,-0.5465369820594788,-0.4653722941875458,-0.46428489685058594,True
1710807515,fk_qslstm,ema,test,1000036,6,-0.2637837827205658,-0.5305681228637695,-0.5278878808021545,True
1710807515,fk_qslstm,ema,test,1000036,7,-0.4991769790649414,-0.7239606976509094,-0.7228345274925232,True
1710807515,fk_qslstm,ema,test,1000036,8,0.9545602798461914,-0.006432363763451576,-0.006327778100967407,True
1710807515,fk_qslstm,ema,test,1000036,9,0.6400986909866333,0.37891334295272827,0.3761507272720337,True
1710807515,fk_qslstm,ema,test,1000036,10,-0.4235358238220215,0.04900917038321495,0.04800775647163391,True
1710807515,fk_qslstm,ema,test,1000036,11,-0.41609686613082886,-0.21045078337192535,-0.20997625589370728,True
1710807515,fk_qslstm,ema,test,1000036,12,0.8563148379325867,0.3454282879829407,0.3432391285896301,True
1710807515,fk_qslstm,ema,test,1000036,13,0.02508915401995182,0.2913961112499237,0.28943967819213867,True
1710807515,fk_qslstm,ema,test,1000036,14,-0.008134756237268448,0.22823603451251984,0.226027250289917,True
1710807515,fk_qslstm,ema,test,1000036,15,-0.31705325841903687,-0.007643133867532015,-0.005658149719238281,True
1710807515,fk_qslstm,ema,test,1000036,16,0.5278327465057373,0.3105851411819458,0.310242235660553,True
1710807515,fk_qslstm,ema,test,1000036,17,0.3596848249435425,0.4642789959907532,0.4634997844696045,True
1710807515,fk_qslstm,ema,test,1000036,18,-0.15152907371520996,0.2805057764053345,0.2808208167552948,True
1710807515,fk_qslstm,ema,test,1000036,19,0.8256151080131531,0.7197736501693726,0.7240143418312073,True
1710807515,fk_qslstm,ema,test,1000036,20,0.5478975176811218,0.904557466506958,0.9111201763153076,True
1710807515,fk_qslstm,ema,test,1000036,21,0.9723828434944153,1.3070756196975708,1.3044474124908447,True
1710807515,fk_qslstm,ema,test,1000036,22,0.6916828751564026,1.4606702327728271,1.440891981124878,True
1710807515,fk_qslstm,ema,test,1000036,23,-0.2793617844581604,1.0009191036224365,1.0042130947113037,True
1710807515,fk_qslstm,ema,test,1000036,24,-0.7831120491027832,0.33086806535720825,0.3317618668079376,True
1710807515,fk_qslstm,ema,test,1000036,25,0.8546932935714722,0.777510404586792,0.7825562357902527,True
1710807515,fk_qslstm,ema,test,1000036,26,0.5438650846481323,0.9483274221420288,0.9537889361381531,True
1710807515,fk_qslstm,ema,test,1000036,27,-0.7984084486961365,0.2796168625354767,0.27593329548835754,True
1710807515,fk_qslstm,ema,test,1000036,28,0.10554220527410507,0.2870188057422638,0.2795589566230774,True
1710807515,fk_qslstm,ema,test,1000036,29,-0.1431787610054016,0.1437077820301056,0.14033839106559753,True
1710807515,fk_qslstm,ema,test,1000036,30,-0.6933241486549377,-0.3010282516479492,-0.3034871816635132,True
1710807515,fk_qslstm,ema,test,1000036,31,-0.8885286450386047,-0.7739397883415222,-0.7803048491477966,True
1710807515,fk_qslstm,ema,test,1000037,0,0.579456090927124,0.3476736545562744,0.34682315587997437,True
1710807515,fk_qslstm,ema,test,1000037,1,0.3929930031299591,0.5139347314834595,0.5188612937927246,True
1710807515,fk_qslstm,ema,test,1000037,2,-0.24792709946632385,0.26239150762557983,0.2622302174568176,True
1710807515,fk_qslstm,ema,test,1000037,3,-0.5384981036186218,-0.11318565160036087,-0.11276081204414368,True
1710807515,fk_qslstm,ema,test,1000037,4,0.37679871916770935,0.13553071022033691,0.13315707445144653,True
1710807515,fk_qslstm,ema,test,1000037,5,-0.14110097289085388,0.023763980716466904,0.026079952716827393,True
1710807515,fk_qslstm,ema,test,1000037,6,0.47707340121269226,0.3052552342414856,0.3043566942214966,True
1710807515,fk_qslstm,ema,test,1000037,7,-0.08115469664335251,0.1955113559961319,0.196896031498909,True
1710807515,fk_qslstm,ema,test,1000037,8,0.9259458780288696,0.7119765877723694,0.7147248387336731,True
1710807515,fk_qslstm,ema,test,1000037,9,0.7534197568893433,1.0216331481933594,1.027936577796936,True
1710807515,fk_qslstm,ema,test,1000037,10,-0.814703643321991,0.32848429679870605,0.32994112372398376,True
1710807515,fk_qslstm,ema,test,1000037,11,0.8181897401809692,0.7537012696266174,0.7578446865081787,True
1710807515,fk_qslstm,ema,test,1000037,12,-0.27480077743530273,0.4380805492401123,0.4382217526435852,True
1710807515,fk_qslstm,ema,test,1000037,13,0.7277091145515442,0.7870899438858032,0.7912871241569519,True
1710807515,fk_qslstm,ema,test,1000037,14,0.624390184879303,1.0043060779571533,1.0120534896850586,True
1710807515,fk_qslstm,ema,test,1000037,15,0.8582894802093506,1.3184185028076172,1.3177263736724854,True
1710807515,fk_qslstm,ema,test,1000037,16,-0.761106550693512,0.5980708599090576,0.6035729050636292,True
1710807515,fk_qslstm,ema,test,1000037,17,0.247514545917511,0.6269654631614685,0.6307029128074646,True
1710807515,fk_qslstm,ema,test,1000037,18,-0.4033772051334381,0.2595460116863251,0.25959041714668274,True
1710807515,fk_qslstm,ema,test,1000037,19,0.4559726119041443,0.48122039437294006,0.47946077585220337,True
1710807515,fk_qslstm,ema,test,1000037,20,0.7685355544090271,0.8460976481437683,0.8514304757118225,True
1710807515,fk_qslstm,ema,test,1000037,21,-0.6240749359130859,0.3024331331253052,0.3012505769729614,True
1710807515,fk_qslstm,ema,test,1000037,22,-0.6797467470169067,-0.1659015417098999,-0.16859999299049377,True
1710807515,fk_qslstm,ema,test,1000037,23,-0.4724650979042053,-0.41620028018951416,-0.4164564609527588,True
1710807515,fk_qslstm,ema,test,1000037,24,0.5248090624809265,-0.01807479001581669,-0.01844698190689087,True
1710807515,fk_qslstm,ema,test,1000037,25,0.9315511584281921,0.5444708466529846,0.5422952771186829,True
1710807515,fk_qslstm,ema,test,1000037,26,-0.5555317997932434,0.1022576093673706,0.09857815504074097,True
1710807515,fk_qslstm,ema,test,1000037,27,0.25913044810295105,0.2372843623161316,0.22930416464805603,True
1710807515,fk_qslstm,ema,test,1000037,28,-0.8848220109939575,-0.34106573462486267,-0.3445543050765991,True
1710807515,fk_qslstm,ema,test,1000037,29,0.03888263553380966,-0.24952299892902374,-0.25122010707855225,True
1710807515,fk_qslstm,ema,test,1000037,30,-0.9600287079811096,-0.7756356596946716,-0.7772770524024963,True
1710807515,fk_qslstm,ema,test,1000037,31,-0.3266259729862213,-0.8164840936660767,-0.8184351325035095,True
1710807515,fk_qslstm,ema,test,1000038,0,-0.13101021945476532,-0.07860612869262695,-0.07697850465774536,True
1710807515,fk_qslstm,ema,test,1000038,1,0.11683851480484009,0.007218206766992807,0.004962801933288574,True
1710807515,fk_qslstm,ema,test,1000038,2,-0.3971788287162781,-0.23253273963928223,-0.2352771759033203,True
1710807515,fk_qslstm,ema,test,1000038,3,0.2505287826061249,-0.03570891171693802,-0.03961664438247681,True
1710807515,fk_qslstm,ema,test,1000038,4,-0.839678943157196,-0.5323745012283325,-0.5358970761299133,True
1710807515,fk_qslstm,ema,test,1000038,5,0.68797767162323,-0.013112998567521572,-0.015472710132598877,True
1710807515,fk_qslstm,ema,test,1000038,6,-0.4884786903858185,-0.30357760190963745,-0.3009907603263855,True
1710807515,fk_qslstm,ema,test,1000038,7,-0.9225225448608398,-0.7963756322860718,-0.7990286946296692,True
1710807515,fk_qslstm,ema,test,1000038,8,0.6126422882080078,-0.26951512694358826,-0.2666242718696594,True
1710807515,fk_qslstm,ema,test,1000038,9,0.532622754573822,0.10396155714988708,0.10340146720409393,True
1710807515,fk_qslstm,ema,test,1000038,10,-0.14888322353363037,-0.006160684861242771,-0.003886401653289795,True
1710807515,fk_qslstm,ema,test,1000038,11,-0.16870537400245667,-0.1061517670750618,-0.10172414779663086,True
1710807515,fk_qslstm,ema,test,1000038,12,0.4793107807636261,0.2026650458574295,0.20328959822654724,True
1710807515,fk_qslstm,ema,test,1000038,13,-0.23424550890922546,0.021584726870059967,0.026038765907287598,True
1710807515,fk_qslstm,ema,test,1000038,14,0.36267200112342834,0.23487098515033722,0.23504739999771118,True
1710807515,fk_qslstm,ema,test,1000038,15,-0.5675076246261597,-0.15260779857635498,-0.14958524703979492,True
1710807515,fk_qslstm,ema,test,1000038,16,0.38555026054382324,0.10924392193555832,0.10805022716522217,True
1710807515,fk_qslstm,ema,test,1000038,17,0.6933372616767883,0.5033974647521973,0.5033375024795532,True
1710807515,fk_qslstm,ema,test,1000038,18,-0.07031773775815964,0.3605273365974426,0.3598562479019165,True
1710807515,fk_qslstm,ema,test,1000038,19,-0.8645147681236267,-0.23028698563575745,-0.22949111461639404,True
1710807515,fk_qslstm,ema,test,1000038,20,-0.3334015905857086,-0.3842705488204956,-0.3807395100593567,True
1710807515,fk_qslstm,ema,test,1000038,21,0.8151533603668213,0.18167559802532196,0.18442115187644958,True
1710807515,fk_qslstm,ema,test,1000038,22,0.06053250655531883,0.1816599816083908,0.1847105324268341,True
1710807515,fk_qslstm,ema,test,1000038,23,-0.11435307562351227,0.07671613991260529,0.08060020208358765,True
1710807515,fk_qslstm,ema,test,1000038,24,0.2161065936088562,0.1910368651151657,0.1925472915172577,True
1710807515,fk_qslstm,ema,test,1000038,25,-0.041263166815042496,0.128071591258049,0.13144493103027344,True
1710807515,fk_qslstm,ema,test,1000038,26,0.14415530860424042,0.18895046412944794,0.19110223650932312,True
1710807515,fk_qslstm,ema,test,1000038,27,-0.42294615507125854,-0.10260732471942902,-0.09679272770881653,True
1710807515,fk_qslstm,ema,test,1000038,28,0.08463702350854874,-0.03130364418029785,-0.02641606330871582,True
1710807515,fk_qslstm,ema,test,1000038,29,0.1632160097360611,0.07288669049739838,0.076475590467453,True
1710807515,fk_qslstm,ema,test,1000038,30,-0.9541774988174438,-0.5141971707344055,-0.5090036988258362,True
1710807515,fk_qslstm,ema,test,1000038,31,0.36577147245407104,-0.19189484417438507,-0.1880730390548706,True
1710807515,fk_qslstm,ema,test,1000039,0,0.4791021943092346,0.2874613106250763,0.2871864140033722,True
1710807515,fk_qslstm,ema,test,1000039,1,-0.3265504240989685,0.03403880074620247,0.04658174514770508,True
1710807515,fk_qslstm,ema,test,1000039,2,-0.7964506149291992,-0.4506393373012543,-0.44804316759109497,True
1710807515,fk_qslstm,ema,test,1000039,3,0.2120351642370224,-0.23329035937786102,-0.2329944372177124,True
1710807515,fk_qslstm,ema,test,1000039,4,0.6314186453819275,0.19221888482570648,0.18987426161766052,True
1710807515,fk_qslstm,ema,test,1000039,5,-0.6948060393333435,-0.2631085216999054,-0.2633833885192871,True
1710807515,fk_qslstm,ema,test,1000039,6,0.8281530141830444,0.2864049971103668,0.2817663550376892,True
1710807515,fk_qslstm,ema,test,1000039,7,0.4393598735332489,0.4927399158477783,0.48837676644325256,True
1710807515,fk_qslstm,ema,test,1000039,8,0.48170360922813416,0.6832141280174255,0.6800121068954468,True
1710807515,fk_qslstm,ema,test,1000039,9,0.12280719727277756,0.6202555894851685,0.6158019304275513,True
1710807515,fk_qslstm,ema,test,1000039,10,-0.6110041737556458,0.12960198521614075,0.12487953901290894,True
1710807515,fk_qslstm,ema,test,1000039,11,0.7832017540931702,0.5736026763916016,0.5713462829589844,True
1710807515,fk_qslstm,ema,test,1000039,12,0.43632742762565613,0.7206785678863525,0.7209740877151489,True
1710807515,fk_qslstm,ema,test,1000039,13,-0.7346430420875549,0.13575702905654907,0.13414376974105835,True
1710807515,fk_qslstm,ema,test,1000039,14,0.7451886534690857,0.5557187795639038,0.5548979640007019,True
1710807515,fk_qslstm,ema,test,1000039,15,-0.605019748210907,0.08156319707632065,0.08282771706581116,True
1710807515,fk_qslstm,ema,test,1000039,16,-0.84117591381073,-0.4394550025463104,-0.440656840801239,True
1710807515,fk_qslstm,ema,test,1000039,17,0.4264870285987854,-0.09567178040742874,-0.095884770154953,True
1710807515,fk_qslstm,ema,test,1000039,18,-0.7887799143791199,-0.5498053431510925,-0.550211489200592,True
1710807515,fk_qslstm,ema,test,1000039,19,-0.25670740008354187,-0.5938687324523926,-0.5937394499778748,True
1710807515,fk_qslstm,ema,test,1000039,20,-0.45609787106513977,-0.7487537264823914,-0.7489011883735657,True
1710807515,fk_qslstm,ema,test,1000039,21,-0.2224985957145691,-0.7325021028518677,-0.7315354943275452,True
1710807515,fk_qslstm,ema,test,1000039,22,0.7293165922164917,-0.14841173589229584,-0.14420157670974731,True
1710807515,fk_qslstm,ema,test,1000039,23,-0.9053800106048584,-0.6619573831558228,-0.6594130396842957,True
1710807515,fk_qslstm,ema,test,1000039,24,0.5991628170013428,-0.17006823420524597,-0.1682252585887909,True
1710807515,fk_qslstm,ema,test,1000039,25,0.020135382190346718,-0.12397336214780807,-0.12086856365203857,True
1710807515,fk_qslstm,ema,test,1000039,26,-0.7786145210266113,-0.5663474202156067,-0.5673875212669373,True
1710807515,fk_qslstm,ema,test,1000039,27,-0.8487994074821472,-0.9623575806617737,-0.9685826897621155,True
1710807515,fk_qslstm,ema,test,1000039,28,0.4093514382839203,-0.5242751836776733,-0.5255793333053589,True
1710807515,fk_qslstm,ema,test,1000039,29,-0.8602854609489441,-0.9355913996696472,-0.941791832447052,True
1710807515,fk_qslstm,ema,test,1000039,30,-0.20833049714565277,-0.8734714388847351,-0.8811659216880798,True
1710807515,fk_qslstm,ema,test,1000039,31,0.44298967719078064,-0.4329833388328552,-0.4350922107696533,True
1710807515,fk_qslstm,ema,test,1000040,0,0.3386869728565216,0.2032121866941452,0.20318588614463806,True
1710807515,fk_qslstm,ema,test,1000040,1,-0.9084562063217163,-0.3825039863586426,-0.3690192699432373,True
1710807515,fk_qslstm,ema,test,1000040,2,-0.9143561720848083,-0.8546168804168701,-0.8568010926246643,True
1710807515,fk_qslstm,ema,test,1000040,3,0.3934537172317505,-0.44762128591537476,-0.44670969247817993,True
1710807515,fk_qslstm,ema,test,1000040,4,-0.3453007936477661,-0.5652775168418884,-0.5630694627761841,True
1710807515,fk_qslstm,ema,test,1000040,5,-0.21194316446781158,-0.579387903213501,-0.5761687159538269,True
1710807515,fk_qslstm,ema,test,1000040,6,-0.6434288024902344,-0.8495675921440125,-0.8507155776023865,True
1710807515,fk_qslstm,ema,test,1000040,7,0.19743022322654724,-0.561195969581604,-0.5605767965316772,True
1710807515,fk_qslstm,ema,test,1000040,8,-0.9415627121925354,-1.0138944387435913,-1.0152528285980225,True
1710807515,fk_qslstm,ema,test,1000040,9,-0.8336614370346069,-1.3113123178482056,-1.3064920902252197,True
1710807515,fk_qslstm,ema,test,1000040,10,-0.6438499093055725,-1.4353598356246948,-1.4247586727142334,True
1710807515,fk_qslstm,ema,test,1000040,11,-0.16131211817264557,-1.2450751066207886,-1.2532083988189697,True
1710807515,fk_qslstm,ema,test,1000040,12,0.7143276929855347,-0.5674634575843811,-0.5727765560150146,True
1710807515,fk_qslstm,ema,test,1000040,13,-0.0008919353131204844,-0.45450595021247864,-0.4546380639076233,True
1710807515,fk_qslstm,ema,test,1000040,14,0.6389231085777283,0.019749125465750694,0.023161113262176514,True
1710807515,fk_qslstm,ema,test,1000040,15,-0.09682922065258026,-0.04229823127388954,-0.03251945972442627,True
1710807515,fk_qslstm,ema,test,1000040,16,0.8322302103042603,0.46549952030181885,0.47242268919944763,True
1710807515,fk_qslstm,ema,test,1000040,17,-0.19024614989757538,0.25825193524360657,0.26615530252456665,True
1710807515,fk_qslstm,ema,test,1000040,18,-0.9550120234489441,-0.3664056658744812,-0.3567674160003662,True
1710807515,fk_qslstm,ema,test,1000040,19,0.39635252952575684,-0.055313024669885635,-0.04749932885169983,True
1710807515,fk_qslstm,ema,test,1000040,20,-0.3273285925388336,-0.2406475841999054,-0.22817254066467285,True
1710807515,fk_qslstm,ema,test,1000040,21,-0.7309303879737854,-0.6310762763023376,-0.6247764229774475,True
1710807515,fk_qslstm,ema,test,1000040,22,0.8866513967514038,0.027129825204610825,0.03242456912994385,True
1710807515,fk_qslstm,ema,test,1000040,23,0.8381450176239014,0.5245909094810486,0.528394341468811,True
1710807515,fk_qslstm,ema,test,1000040,24,-0.32980236411094666,0.22179129719734192,0.22388941049575806,True
1710807515,fk_qslstm,ema,test,1000040,25,0.03675065562129021,0.19948342442512512,0.19949239492416382,True
1710807515,fk_qslstm,ema,test,1000040,26,0.5758826732635498,0.50511634349823,0.5057900547981262,True
1710807515,fk_qslstm,ema,test,1000040,27,-0.2892669439315796,0.2305329144001007,0.2326735258102417,True
1710807515,fk_qslstm,ema,test,1000040,28,-0.2099110186100006,0.05847971886396408,0.06289248168468475,True
1710807515,fk_qslstm,ema,test,1000040,29,0.4302060604095459,0.3049074113368988,0.30726543068885803,True
1710807515,fk_qslstm,ema,test,1000040,30,-0.21796002984046936,0.11314990371465683,0.11907000839710236,True
1710807515,fk_qslstm,ema,test,1000040,31,-0.7866665124893188,-0.38148000836372375,-0.3771374821662903,True
1710807515,fk_qslstm,ema,test,1000041,0,0.18843723833560944,0.11306234449148178,0.1133095920085907,True
1710807515,fk_qslstm,ema,test,1000041,1,-0.7014769911766052,-0.3304363191127777,-0.32327795028686523,True
1710807515,fk_qslstm,ema,test,1000041,2,-0.9552162289619446,-0.837478756904602,-0.842767059803009,True
1710807515,fk_qslstm,ema,test,1000041,3,-0.49322831630706787,-0.9659200310707092,-0.9743480086326599,True
1710807515,fk_qslstm,ema,test,1000041,4,-0.6072111129760742,-1.137062668800354,-1.145444393157959,True
1710807515,fk_qslstm,ema,test,1000041,5,0.299752414226532,-0.7297986745834351,-0.7356961369514465,True
1710807515,fk_qslstm,ema,test,1000041,6,-0.08807763457298279,-0.6366855502128601,-0.6406386494636536,True
1710807515,fk_qslstm,ema,test,1000041,7,-0.1845937818288803,-0.6201046705245972,-0.6209816932678223,True
1710807515,fk_qslstm,ema,test,1000041,8,-0.3799773156642914,-0.724070131778717,-0.7241174578666687,True
1710807515,fk_qslstm,ema,test,1000041,9,0.998179018497467,0.019651317968964577,0.01840442419052124,True
1710807515,fk_qslstm,ema,test,1000041,10,0.9113865494728088,0.5625529885292053,0.5593864917755127,True
1710807515,fk_qslstm,ema,test,1000041,11,-0.5022030472755432,0.14872056245803833,0.14448979496955872,True
1710807515,fk_qslstm,ema,test,1000041,12,0.6273483633995056,0.49538546800613403,0.48932212591171265,True
1710807515,fk_qslstm,ema,test,1000041,13,-0.7505967617034912,-0.05404968932271004,-0.05709156394004822,True
1710807515,fk_qslstm,ema,test,1000041,14,0.5467479825019836,0.28480902314186096,0.27872011065483093,True
1710807515,fk_qslstm,ema,test,1000041,15,-0.984404444694519,-0.3627954423427582,-0.35952693223953247,True
1710807515,fk_qslstm,ema,test,1000041,16,0.7891842126846313,0.18327417969703674,0.1843501627445221,True
1710807515,fk_qslstm,ema,test,1000041,17,0.4791603684425354,0.43411555886268616,0.4353652894496918,True
1710807515,fk_qslstm,ema,test,1000041,18,0.36794227361679077,0.5680577754974365,0.5681659579277039,True
1710807515,fk_qslstm,ema,test,1000041,19,0.8753093481063843,0.9796318411827087,0.9856400489807129,True
1710807515,fk_qslstm,ema,test,1000041,20,0.34983494877815247,0.993606448173523,0.9979448914527893,True
1710807515,fk_qslstm,ema,test,1000041,21,-0.6455643177032471,0.4075465798377991,0.4053814113140106,True
1710807515,fk_qslstm,ema,test,1000041,22,-0.28513437509536743,0.1549566388130188,0.15354758501052856,True
1710807515,fk_qslstm,ema,test,1000041,23,-0.15583069622516632,0.030466891825199127,0.03363072872161865,True
1710807515,fk_qslstm,ema,test,1000041,24,-0.4574017822742462,-0.2500675618648529,-0.24366670846939087,True
1710807515,fk_qslstm,ema,test,1000041,25,0.8143999576568604,0.28858596086502075,0.29170912504196167,True
1710807515,fk_qslstm,ema,test,1000041,26,-0.2970917522907257,0.05261370167136192,0.058835774660110474,True
1710807515,fk_qslstm,ema,test,1000041,27,-0.16819506883621216,-0.058826081454753876,-0.05239975452423096,True
1710807515,fk_qslstm,ema,test,1000041,28,-0.9579488039016724,-0.6218301653862,-0.6161989569664001,True
1710807515,fk_qslstm,ema,test,1000041,29,-0.11689671128988266,-0.5676021575927734,-0.5606202483177185,True
1710807515,fk_qslstm,ema,test,1000041,30,0.43985986709594727,-0.19016580283641815,-0.18398988246917725,True
1710807515,fk_qslstm,ema,test,1000041,31,-0.8015296459197998,-0.6330504417419434,-0.6309989094734192,True
1710807515,fk_qslstm,ema,test,1000042,0,0.27862057089805603,0.16717234253883362,0.16722503304481506,True
1710807515,fk_qslstm,ema,test,1000042,1,0.9012008309364319,0.674458384513855,0.6745805144309998,True
1710807515,fk_qslstm,ema,test,1000042,2,0.139389306306839,0.6232002973556519,0.6159425973892212,True
1710807515,fk_qslstm,ema,test,1000042,3,-0.024182962253689766,0.484050452709198,0.4755552113056183,True
1710807515,fk_qslstm,ema,test,1000042,4,-0.9256517291069031,-0.1681506484746933,-0.17104122042655945,True
1710807515,fk_qslstm,ema,test,1000042,5,-0.730899453163147,-0.5730602145195007,-0.5784857273101807,True
1710807515,fk_qslstm,ema,test,1000042,6,0.4960676431655884,-0.1608075648546219,-0.16167956590652466,True
1710807515,fk_qslstm,ema,test,1000042,7,0.5991734862327576,0.23085805773735046,0.2286488115787506,True
1710807515,fk_qslstm,ema,test,1000042,8,0.8744831085205078,0.709376335144043,0.7096079587936401,True
1710807515,fk_qslstm,ema,test,1000042,9,0.7827153205871582,1.0371302366256714,1.0412073135375977,True
1710807515,fk_qslstm,ema,test,1000042,10,-0.8932711482048035,0.29374149441719055,0.2970833480358124,True
1710807515,fk_qslstm,ema,test,1000042,11,0.4783327281475067,0.5219928622245789,0.5226714611053467,True
1710807515,fk_qslstm,ema,test,1000042,12,0.6142398118972778,0.7861381769180298,0.7919793128967285,True
1710807515,fk_qslstm,ema,test,1000042,13,0.14245189726352692,0.7143816351890564,0.7169487476348877,True
1710807515,fk_qslstm,ema,test,1000042,14,0.09439234435558319,0.6281407475471497,0.6282646656036377,True
1710807515,fk_qslstm,ema,test,1000042,15,0.9702553749084473,1.0846657752990723,1.0890896320343018,True
1710807515,fk_qslstm,ema,test,1000042,16,-0.39597249031066895,0.6301491856575012,0.6273835897445679,True
1710807515,fk_qslstm,ema,test,1000042,17,-0.06734470278024673,0.46371251344680786,0.4584294557571411,True
1710807515,fk_qslstm,ema,test,1000042,18,-0.03788087144494057,0.3482414782047272,0.3442113995552063,True
1710807515,fk_qslstm,ema,test,1000042,19,0.42972511053085327,0.5364282727241516,0.5339100360870361,True
1710807515,fk_qslstm,ema,test,1000042,20,-0.4140566885471344,0.18070858716964722,0.1804344207048416,True
1710807515,fk_qslstm,ema,test,1000042,21,-0.6285715103149414,-0.23257604241371155,-0.23197835683822632,True
1710807515,fk_qslstm,ema,test,1000042,22,0.4938046932220459,0.1102219745516777,0.10944396257400513,True
1710807515,fk_qslstm,ema,test,1000042,23,0.48580217361450195,0.37965887784957886,0.37860000133514404,True
1710807515,fk_qslstm,ema,test,1000042,24,-0.7482125163078308,-0.14520040154457092,-0.14445805549621582,True
1710807515,fk_qslstm,ema,test,1000042,25,0.5275119543075562,0.20034684240818024,0.1974177062511444,True
1710807515,fk_qslstm,ema,test,1000042,26,0.3946143388748169,0.3970460593700409,0.3945022523403168,True
1710807515,fk_qslstm,ema,test,1000042,27,-0.15377163887023926,0.22537386417388916,0.22521662712097168,True
1710807515,fk_qslstm,ema,test,1000042,28,-0.5610944032669067,-0.1563575267791748,-0.15430915355682373,True
1710807515,fk_qslstm,ema,test,1000042,29,-0.4814979135990143,-0.4139847755432129,-0.4107275605201721,True
1710807515,fk_qslstm,ema,test,1000042,30,0.5040056109428406,-0.02878444641828537,-0.02658557891845703,True
1710807515,fk_qslstm,ema,test,1000042,31,0.8932368755340576,0.5129145383834839,0.5132752656936646,True
1710807515,fk_qslstm,ema,test,1000043,0,-0.4032321572303772,-0.24193929135799408,-0.23971301317214966,True
1710807515,fk_qslstm,ema,test,1000043,1,0.14783546328544617,-0.1048501506447792,-0.11001673340797424,True
1710807515,fk_qslstm,ema,test,1000043,2,0.032951489090919495,-0.06410922855138779,-0.07039207220077515,True
1710807515,fk_qslstm,ema,test,1000043,3,0.6268768906593323,0.3248387575149536,0.3178443908691406,True
1710807515,fk_qslstm,ema,test,1000043,4,-0.007636285852640867,0.2552892565727234,0.2522115111351013,True
1710807515,fk_qslstm,ema,test,1000043,5,-0.10572448372840881,0.1407967060804367,0.14122934639453888,True
1710807515,fk_qslstm,ema,test,1000043,6,-0.8747818470001221,-0.4122317433357239,-0.4103991389274597,True
1710807515,fk_qslstm,ema,test,1000043,7,0.6496625542640686,0.06001216173171997,0.06188349425792694,True
1710807515,fk_qslstm,ema,test,1000043,8,0.3630114197731018,0.2658165693283081,0.266865611076355,True
1710807515,fk_qslstm,ema,test,1000043,9,0.18806545436382294,0.3254925310611725,0.3250179588794708,True
1710807515,fk_qslstm,ema,test,1000043,10,-0.9316169619560242,-0.29857614636421204,-0.29457640647888184,True
1710807515,fk_qslstm,ema,test,1000043,11,-0.20678742229938507,-0.36293336749076843,-0.3561885952949524,True
1710807515,fk_qslstm,ema,test,1000043,12,0.9325094819068909,0.2691589891910553,0.27208831906318665,True
1710807515,fk_qslstm,ema,test,1000043,13,-0.7506653070449829,-0.23507198691368103,-0.23022490739822388,True
1710807515,fk_qslstm,ema,test,1000043,14,0.7066377401351929,0.23592506349086761,0.23530083894729614,True
1710807515,fk_qslstm,ema,test,1000043,15,-0.7792470455169678,-0.27880820631980896,-0.2762460708618164,True
1710807515,fk_qslstm,ema,test,1000043,16,-0.4118906855583191,-0.4701809585094452,-0.4687938690185547,True
1710807515,fk_qslstm,ema,test,1000043,17,0.5198203325271606,-0.0642525851726532,-0.06325200200080872,True
1710807515,fk_qslstm,ema,test,1000043,18,0.28864115476608276,0.12178262323141098,0.12013351917266846,True
1710807515,fk_qslstm,ema,test,1000043,19,-0.5962446331977844,-0.26032066345214844,-0.2606554627418518,True
1710807515,fk_qslstm,ema,test,1000043,20,0.7582938075065613,0.24671973288059235,0.2431108057498932,True
1710807515,fk_qslstm,ema,test,1000043,21,-0.7572723031044006,-0.2569875717163086,-0.2571738362312317,True
1710807515,fk_qslstm,ema,test,1000043,22,0.8957211971282959,0.33184266090393066,0.3259459137916565,True
1710807515,fk_qslstm,ema,test,1000043,23,-0.6850605607032776,-0.14556221663951874,-0.14766478538513184,True
1710807515,fk_qslstm,ema,test,1000043,24,-0.7972158789634705,-0.5947793126106262,-0.6023441553115845,True
1710807515,fk_qslstm,ema,test,1000043,25,0.21701252460479736,-0.3456159234046936,-0.35033518075942993,True
1710807515,fk_qslstm,ema,test,1000043,26,-0.43080124258995056,-0.5349735021591187,-0.5376768112182617,True
1710807515,fk_qslstm,ema,test,1000043,27,-0.6900568604469299,-0.8420129418373108,-0.8495944142341614,True
1710807515,fk_qslstm,ema,test,1000043,28,-0.2405535876750946,-0.8179425001144409,-0.8242767453193665,True
1710807515,fk_qslstm,ema,test,1000043,29,0.5435869097709656,-0.3282018303871155,-0.32959991693496704,True
1710807515,fk_qslstm,ema,test,1000043,30,0.5764888525009155,0.08333184570074081,0.07832778990268707,True
1710807515,fk_qslstm,ema,test,1000043,31,-0.4687572717666626,-0.21458888053894043,-0.2159864902496338,True
1710807515,fk_qslstm,ema,test,1000044,0,-0.38207414746284485,-0.22924448549747467,-0.22703367471694946,True
1710807515,fk_qslstm,ema,test,1000044,1,0.7963249683380127,0.2943993806838989,0.28496190905570984,True
1710807515,fk_qslstm,ema,test,1000044,2,0.1530797779560089,0.3273673951625824,0.31743094325065613,True
1710807515,fk_qslstm,ema,test,1000044,3,0.49366316199302673,0.5580918192863464,0.5499274730682373,True
1710807515,fk_qslstm,ema,test,1000044,4,-0.6232205629348755,0.07254109531641006,0.06826373934745789,True
1710807515,fk_qslstm,ema,test,1000044,5,-0.6239317059516907,-0.3163261413574219,-0.31947118043899536,True
1710807515,fk_qslstm,ema,test,1000044,6,0.025589996948838234,-0.23770691454410553,-0.23635035753250122,True
1710807515,fk_qslstm,ema,test,1000044,7,-0.9349237680435181,-0.7511197924613953,-0.7508178353309631,True
1710807515,fk_qslstm,ema,test,1000044,8,-0.5001248121261597,-0.9009706974029541,-0.9035566449165344,True
1710807515,fk_qslstm,ema,test,1000044,9,0.9932932257652283,-0.12480062246322632,-0.12396407127380371,True
1710807515,fk_qslstm,ema,test,1000044,10,0.8789546489715576,0.4275323152542114,0.42435988783836365,True
1710807515,fk_qslstm,ema,test,1000044,11,0.8649541735649109,0.8609983325004578,0.8614004254341125,True
1710807515,fk_qslstm,ema,test,1000044,12,-0.8642002940177917,0.17027848958969116,0.16925078630447388,True
1710807515,fk_qslstm,ema,test,1000044,13,0.8746596574783325,0.6610186100006104,0.6594768762588501,True
1710807515,fk_qslstm,ema,test,1000044,14,0.6198442578315735,0.9007214307785034,0.9039038419723511,True
1710807515,fk_qslstm,ema,test,1000044,15,-0.44792911410331726,0.45181965827941895,0.4485977590084076,True
1710807515,fk_qslstm,ema,test,1000044,16,-0.9090306162834167,-0.1839626282453537,-0.18564540147781372,True
1710807515,fk_qslstm,ema,test,1000044,17,0.322702020406723,0.04645111411809921,0.04432862997055054,True
1710807515,fk_qslstm,ema,test,1000044,18,0.4536759555339813,0.30936646461486816,0.3072796165943146,True
1710807515,fk_qslstm,ema,test,1000044,19,-0.5953226089477539,-0.10970041155815125,-0.10882437229156494,True
1710807515,fk_qslstm,ema,test,1000044,20,-0.1498890221118927,-0.17769373953342438,-0.174604594707489,True
1710807515,fk_qslstm,ema,test,1000044,21,-0.9792542457580566,-0.7297075390815735,-0.7266150116920471,True
1710807515,fk_qslstm,ema,test,1000044,22,0.365543931722641,-0.3644396662712097,-0.359458863735199,True
1710807515,fk_qslstm,ema,test,1000044,23,-0.10555454343557358,-0.35488444566726685,-0.3481453061103821,True
1710807515,fk_qslstm,ema,test,1000044,24,-0.6411334872245789,-0.6685876250267029,-0.6670988202095032,True
1710807515,fk_qslstm,ema,test,1000044,25,0.8132824897766113,-0.04690062999725342,-0.04447072744369507,True
1710807515,fk_qslstm,ema,test,1000044,26,-0.9572498798370361,-0.6118704080581665,-0.6073322892189026,True
1710807515,fk_qslstm,ema,test,1000044,27,0.8158558011054993,1.7133657820522785e-05,0.0026518702507019043,True
1710807515,fk_qslstm,ema,test,1000044,28,-0.779146671295166,-0.4674742817878723,-0.46422141790390015,True
1710807515,fk_qslstm,ema,test,1000044,29,0.9713372588157654,0.20882290601730347,0.20402571558952332,True
1710807515,fk_qslstm,ema,test,1000044,30,-0.14100958406925201,0.08245257288217545,0.08183169364929199,True
1710807515,fk_qslstm,ema,test,1000044,31,0.23399358987808228,0.20635820925235748,0.20215509831905365,True
1710807515,fk_qslstm,ema,test,1000045,0,0.11918284744024277,0.0715097114443779,0.07198919355869293,True
1710807515,fk_qslstm,ema,test,1000045,1,0.44240590929985046,0.32265132665634155,0.3188234269618988,True
1710807515,fk_qslstm,ema,test,1000045,2,-0.5441518425941467,-0.06837006658315659,-0.07246905565261841,True
1710807515,fk_qslstm,ema,test,1000045,3,-0.5577431917190552,-0.38934198021888733,-0.39358997344970703,True
1710807515,fk_qslstm,ema,test,1000045,4,-0.8892099261283875,-0.8449995517730713,-0.8523851037025452,True
1710807515,fk_qslstm,ema,test,1000045,5,0.14757953584194183,-0.5874519348144531,-0.5904104113578796,True
1710807515,fk_qslstm,ema,test,1000045,6,-0.8107627630233765,-0.9564191699028015,-0.9633391499519348,True
1710807515,fk_qslstm,ema,test,1000045,7,-0.29021331667900085,-0.9392633438110352,-0.9473208785057068,True
1710807515,fk_qslstm,ema,test,1000045,8,0.1763029843568802,-0.6456288695335388,-0.6503202319145203,True
1710807515,fk_qslstm,ema,test,1000045,9,0.727283775806427,-0.08013282716274261,-0.08228790760040283,True
1710807515,fk_qslstm,ema,test,1000045,10,0.6181839108467102,0.3068040907382965,0.302545964717865,True
1710807515,fk_qslstm,ema,test,1000045,11,0.7592849731445312,0.7010142207145691,0.7000076770782471,True
1710807515,fk_qslstm,ema,test,1000045,12,0.29253241419792175,0.7363308072090149,0.7341344356536865,True
1710807515,fk_qslstm,ema,test,1000045,13,0.8258746862411499,1.0845894813537598,1.087550401687622,True
1710807515,fk_qslstm,ema,test,1000045,14,-0.6752935647964478,0.4624954164028168,0.4599083364009857,True
1710807515,fk_qslstm,ema,test,1000045,15,0.6280991435050964,0.7468557953834534,0.7477531433105469,True
1710807515,fk_qslstm,ema,test,1000045,16,0.1369018256664276,0.6796257495880127,0.6789407134056091,True
1710807515,fk_qslstm,ema,test,1000045,17,0.28156551718711853,0.7126399278640747,0.7113133668899536,True
1710807515,fk_qslstm,ema,test,1000045,18,0.5798247456550598,0.9180067777633667,0.9217679500579834,True
1710807515,fk_qslstm,ema,test,1000045,19,0.36868125200271606,0.9556142091751099,0.9600490927696228,True
1710807515,fk_qslstm,ema,test,1000045,20,-0.822275698184967,0.2711259424686432,0.2727133333683014,True
1710807515,fk_qslstm,ema,test,1000045,21,-0.11538206040859222,0.14767152070999146,0.15076926350593567,True
1710807515,fk_qslstm,ema,test,1000045,22,-0.39108458161354065,-0.11651352792978287,-0.10803109407424927,True
1710807515,fk_qslstm,ema,test,1000045,23,-0.22086627781391144,-0.22573058307170868,-0.21430659294128418,True
1710807515,fk_qslstm,ema,test,1000045,24,0.9767758250236511,0.4054810404777527,0.4100125730037689,True
1710807515,fk_qslstm,ema,test,1000045,25,-0.500999927520752,0.02378488890826702,0.028248250484466553,True
1710807515,fk_qslstm,ema,test,1000045,26,-0.20693831145763397,-0.10513507574796677,-0.10095486044883728,True
1710807515,fk_qslstm,ema,test,1000045,27,-0.5375742316246033,-0.4066525995731354,-0.4022710919380188,True
1710807515,fk_qslstm,ema,test,1000045,28,-0.6000945568084717,-0.6853787899017334,-0.6849426031112671,True
1710807515,fk_qslstm,ema,test,1000045,29,-0.06906944513320923,-0.5897446870803833,-0.5873869061470032,True
1710807515,fk_qslstm,ema,test,1000045,30,-0.6165739893913269,-0.8417401313781738,-0.8436678051948547,True
1710807515,fk_qslstm,ema,test,1000045,31,-0.4956567585468292,-0.9707861542701721,-0.9757114052772522,True
1710807515,fk_qslstm,ema,test,1000046,0,-0.7353733777999878,-0.44122400879859924,-0.4366453289985657,True
1710807515,fk_qslstm,ema,test,1000046,1,-0.6221738457679749,-0.7262835502624512,-0.7358236908912659,True
1710807515,fk_qslstm,ema,test,1000046,2,0.15623414516448975,-0.4872863292694092,-0.49805670976638794,True
1710807515,fk_qslstm,ema,test,1000046,3,-0.6144582629203796,-0.7585040330886841,-0.7699728608131409,True
1710807515,fk_qslstm,ema,test,1000046,4,-0.24725018441677094,-0.7551533579826355,-0.7633286118507385,True
1710807515,fk_qslstm,ema,test,1000046,5,0.2240823656320572,-0.4696732461452484,-0.4711039662361145,True
1710807515,fk_qslstm,ema,test,1000046,6,0.36750203371047974,-0.1552373766899109,-0.15622982382774353,True
1710807515,fk_qslstm,ema,test,1000046,7,-0.3633725345134735,-0.3422134220600128,-0.3397442102432251,True
1710807515,fk_qslstm,ema,test,1000046,8,0.3705970048904419,-0.05141253396868706,-0.052061498165130615,True
1710807515,fk_qslstm,ema,test,1000046,9,0.9574285745620728,0.5333271622657776,0.5293511152267456,True
1710807515,fk_qslstm,ema,test,1000046,10,0.47443631291389465,0.7113234996795654,0.706851065158844,True
1710807515,fk_qslstm,ema,test,1000046,11,0.6764224767684937,0.9749122858047485,0.97557532787323,True
1710807515,fk_qslstm,ema,test,1000046,12,-0.7979113459587097,0.3011830449104309,0.29797327518463135,True
1710807515,fk_qslstm,ema,test,1000046,13,0.349831223487854,0.4508451521396637,0.44534412026405334,True
1710807515,fk_qslstm,ema,test,1000046,14,0.7526275515556335,0.8122526407241821,0.8149277567863464,True
1710807515,fk_qslstm,ema,test,1000046,15,-0.36936989426612854,0.42818018794059753,0.42656517028808594,True
1710807515,fk_qslstm,ema,test,1000046,16,0.022451099008321762,0.35601481795310974,0.35334572196006775,True
1710807515,fk_qslstm,ema,test,1000046,17,-0.2026972472667694,0.1631935089826584,0.1648225486278534,True
1710807515,fk_qslstm,ema,test,1000046,18,-0.007124448195099831,0.12628014385700226,0.13005122542381287,True
1710807515,fk_qslstm,ema,test,1000046,19,0.13368019461631775,0.18123222887516022,0.18513080477714539,True
1710807515,fk_qslstm,ema,test,1000046,20,-0.25537750124931335,-0.008240713737905025,-0.00041985511779785156,True
1710807515,fk_qslstm,ema,test,1000046,21,0.8658879399299622,0.5129401683807373,0.518764317035675,True
1710807515,fk_qslstm,ema,test,1000046,22,0.6171554327011108,0.7806454300880432,0.7886255979537964,True
1710807515,fk_qslstm,ema,test,1000046,23,0.7043004035949707,1.047096610069275,1.0575240850448608,True
1710807515,fk_qslstm,ema,test,1000046,24,-0.785980761051178,0.36608877778053284,0.37095436453819275,True
1710807515,fk_qslstm,ema,test,1000046,25,-0.646529495716095,-0.09504666179418564,-0.09281757473945618,True
1710807515,fk_qslstm,ema,test,1000046,26,-0.7467021346092224,-0.5240585803985596,-0.5243017077445984,True
1710807515,fk_qslstm,ema,test,1000046,27,0.5810646414756775,-0.07060809433460236,-0.0695163905620575,True
1710807515,fk_qslstm,ema,test,1000046,28,-0.3674686551094055,-0.2769676744937897,-0.27147066593170166,True
1710807515,fk_qslstm,ema,test,1000046,29,0.16589957475662231,-0.12203439325094223,-0.11984384059906006,True
1710807515,fk_qslstm,ema,test,1000046,30,-0.6521208882331848,-0.4889000356197357,-0.48816269636154175,True
1710807515,fk_qslstm,ema,test,1000046,31,-0.8189910650253296,-0.8825146555900574,-0.8880087733268738,True
1710807515,fk_qslstm,ema,test,1000047,0,-0.7943891882896423,-0.4766335189342499,-0.4704896807670593,True
1710807515,fk_qslstm,ema,test,1000047,1,-0.15242600440979004,-0.47276240587234497,-0.47759872674942017,True
1710807515,fk_qslstm,ema,test,1000047,2,0.11358791589736938,-0.3100571632385254,-0.3143138289451599,True
1710807515,fk_qslstm,ema,test,1000047,3,0.5847434401512146,0.10280031710863113,0.09951856732368469,True
1710807515,fk_qslstm,ema,test,1000047,4,-0.04713059589266777,0.053961895406246185,0.05618588626384735,True
1710807515,fk_qslstm,ema,test,1000047,5,0.9330761432647705,0.6030152440071106,0.6036750078201294,True
1710807515,fk_qslstm,ema,test,1000047,6,-0.7330378890037537,0.042589448392391205,0.04320114850997925,True
1710807515,fk_qslstm,ema,test,1000047,7,-0.7823787927627563,-0.4353557229042053,-0.4384945034980774,True
1710807515,fk_qslstm,ema,test,1000047,8,0.5910752415657043,0.00636055925861001,0.004473865032196045,True
1710807515,fk_qslstm,ema,test,1000047,9,0.6033987998962402,0.3671277165412903,0.3651503920555115,True
1710807515,fk_qslstm,ema,test,1000047,10,-0.20827890932559967,0.1687348335981369,0.16942104697227478,True
1710807515,fk_qslstm,ema,test,1000047,11,-0.33747249841690063,-0.06749563664197922,-0.06379863619804382,True
1710807515,fk_qslstm,ema,test,1000047,12,-0.7661211490631104,-0.5136691927909851,-0.512432873249054,True
1710807515,fk_qslstm,ema,test,1000047,13,0.3801470100879669,-0.18284715712070465,-0.1817440390586853,True
1710807515,fk_qslstm,ema,test,1000047,14,-0.03507222235202789,-0.16732105612754822,-0.16388553380966187,True
1710807515,fk_qslstm,ema,test,1000047,15,-0.8447667956352234,-0.6407169103622437,-0.6414586901664734,True
1710807515,fk_qslstm,ema,test,1000047,16,-0.3047550618648529,-0.6954265832901001,-0.6963477730751038,True
1710807515,fk_qslstm,ema,test,1000047,17,-0.34139639139175415,-0.7611790895462036,-0.7612330317497253,True
1710807515,fk_qslstm,ema,test,1000047,18,0.06685372442007065,-0.5688310265541077,-0.5671585202217102,True
1710807515,fk_qslstm,ema,test,1000047,19,0.084714375436306,-0.40423622727394104,-0.40273696184158325,True
1710807515,fk_qslstm,ema,test,1000047,20,0.34665167331695557,-0.11539797484874725,-0.11771431565284729,True
1710807515,fk_qslstm,ema,test,1000047,21,-0.6315914392471313,-0.4712732434272766,-0.47451627254486084,True
1710807515,fk_qslstm,ema,test,1000047,22,-0.666009783744812,-0.7766244411468506,-0.7853394150733948,True
1710807515,fk_qslstm,ema,test,1000047,23,0.03974173590540886,-0.5974544882774353,-0.6029884219169617,True
1710807515,fk_qslstm,ema,test,1000047,24,0.4043963849544525,-0.23532576858997345,-0.24066799879074097,True
1710807515,fk_qslstm,ema,test,1000047,25,-0.1966390311717987,-0.30624404549598694,-0.3087356686592102,True
1710807515,fk_qslstm,ema,test,1000047,26,0.9456644654273987,0.3224034309387207,0.31356170773506165,True
1710807515,fk_qslstm,ema,test,1000047,27,0.1380753517150879,0.3407679498195648,0.3310104012489319,True
1710807515,fk_qslstm,ema,test,1000047,28,0.04822695627808571,0.3015505373477936,0.2916274070739746,True
1710807515,fk_qslstm,ema,test,1000047,29,-0.5322422385215759,-0.0781049057841301,-0.08405518531799316,True
1710807515,fk_qslstm,ema,test,1000047,30,0.14516539871692657,0.024615313857793808,0.019062399864196777,True
1710807515,fk_qslstm,ema,test,1000047,31,0.5516257882118225,0.3506677448749542,0.345125287771225,True
1710807515,fk_qslstm,ema,test,1000048,0,0.869540810585022,0.5217244625091553,0.5132557153701782,True
1710807515,fk_qslstm,ema,test,1000048,1,-0.6791501045227051,0.009889514185488224,0.020241498947143555,True
1710807515,fk_qslstm,ema,test,1000048,2,-0.9636080861091614,-0.5702532529830933,-0.567577064037323,True
1710807515,fk_qslstm,ema,test,1000048,3,-0.9959701299667358,-1.053784728050232,-1.0521659851074219,True
1710807515,fk_qslstm,ema,test,1000048,4,-0.20918169617652893,-0.9685367345809937,-0.9685824513435364,True
1710807515,fk_qslstm,ema,test,1000048,5,-0.8898442387580872,-1.308735966682434,-1.3015477657318115,True
1710807515,fk_qslstm,ema,test,1000048,6,0.5275442004203796,-0.7304622530937195,-0.7270283102989197,True
1710807515,fk_qslstm,ema,test,1000048,7,0.5239371657371521,-0.27000749111175537,-0.2676752805709839,True
1710807515,fk_qslstm,ema,test,1000048,8,-0.5261353254318237,-0.5316872000694275,-0.5297411680221558,True
1710807515,fk_qslstm,ema,test,1000048,9,-0.537727952003479,-0.7479864954948425,-0.749724805355072,True
1710807515,fk_qslstm,ema,test,1000048,10,-0.6183551549911499,-0.9694023132324219,-0.9737856984138489,True
1710807515,fk_qslstm,ema,test,1000048,11,-0.6712116599082947,-1.1782488822937012,-1.1820857524871826,True
1710807515,fk_qslstm,ema,test,1000048,12,-0.5093778371810913,-1.2482258081436157,-1.252474069595337,True
1710807515,fk_qslstm,ema,test,1000048,13,0.48505261540412903,-0.7075490355491638,-0.7117334008216858,True
1710807515,fk_qslstm,ema,test,1000048,14,0.002217769157141447,-0.5647085905075073,-0.5678815841674805,True
1710807515,fk_qslstm,ema,test,1000048,15,0.5449327826499939,-0.1248071938753128,-0.12512880563735962,True
1710807515,fk_qslstm,ema,test,1000048,16,0.28731396794319153,0.07254262268543243,0.07173183560371399,True
1710807515,fk_qslstm,ema,test,1000048,17,0.8233891129493713,0.5520675778388977,0.5511753559112549,True
1710807515,fk_qslstm,ema,test,1000048,18,0.065895676612854,0.4811914563179016,0.47898924350738525,True
1710807515,fk_qslstm,ema,test,1000048,19,-0.4298837184906006,0.12702293694019318,0.12626837193965912,True
1710807515,fk_qslstm,ema,test,1000048,20,-0.4668292701244354,-0.17847922444343567,-0.17604908347129822,True
1710807515,fk_qslstm,ema,test,1000048,21,-0.47394418716430664,-0.4271498918533325,-0.42277956008911133,True
1710807515,fk_qslstm,ema,test,1000048,22,-0.0895475223660469,-0.3954484462738037,-0.38839203119277954,True
1710807515,fk_qslstm,ema,test,1000048,23,-0.6563183069229126,-0.7101497054100037,-0.7073922753334045,True
1710807515,fk_qslstm,ema,test,1000048,24,0.5332814455032349,-0.24815090000629425,-0.2448621392250061,True
1710807515,fk_qslstm,ema,test,1000048,25,0.3415403664112091,0.0064035034738481045,0.005202651023864746,True
1710807515,fk_qslstm,ema,test,1000048,26,-0.38670846819877625,-0.22690227627754211,-0.22579354047775269,True
1710807515,fk_qslstm,ema,test,1000048,27,-0.5112347602844238,-0.48826268315315247,-0.4884984493255615,True
1710807515,fk_qslstm,ema,test,1000048,28,-0.7986513376235962,-0.8698009252548218,-0.8749691843986511,True
1710807515,fk_qslstm,ema,test,1000048,29,0.5581020712852478,-0.36097949743270874,-0.361042320728302,True
1710807515,fk_qslstm,ema,test,1000048,30,0.12503637373447418,-0.21376177668571472,-0.21494972705841064,True
1710807515,fk_qslstm,ema,test,1000048,31,-0.6534132957458496,-0.5630574226379395,-0.5675563812255859,True
1710807515,fk_qslstm,ema,test,1000049,0,0.6231441497802734,0.37388649582862854,0.37257030606269836,True
1710807515,fk_qslstm,ema,test,1000049,1,0.9410487413406372,0.8637384176254272,0.8724160194396973,True
1710807515,fk_qslstm,ema,test,1000049,2,0.762787401676178,1.1486631631851196,1.153623342514038,True
1710807515,fk_qslstm,ema,test,1000049,3,0.16744588315486908,1.0193980932235718,1.0224940776824951,True
1710807515,fk_qslstm,ema,test,1000049,4,-0.34356164932250977,0.6093814373016357,0.6056405305862427,True
1710807515,fk_qslstm,ema,test,1000049,5,0.20624692738056183,0.6112533211708069,0.6046802997589111,True
1710807515,fk_qslstm,ema,test,1000049,6,-0.5205168724060059,0.17669254541397095,0.16886869072914124,True
1710807515,fk_qslstm,ema,test,1000049,7,-0.9881999492645264,-0.4515659511089325,-0.4553850293159485,True
1710807515,fk_qslstm,ema,test,1000049,8,-0.9918884038925171,-0.9563857913017273,-0.9596766829490662,True
1710807515,fk_qslstm,ema,test,1000049,9,0.4053153395652771,-0.5219194293022156,-0.5183446407318115,True
1710807515,fk_qslstm,ema,test,1000049,10,0.7347017526626587,0.0232855211943388,0.025462090969085693,True
1710807515,fk_qslstm,ema,test,1000049,11,-0.5071683526039124,-0.2856725752353668,-0.28076642751693726,True
1710807515,fk_qslstm,ema,test,1000049,12,0.23186159133911133,-0.0894211083650589,-0.08830910921096802,True
1710807515,fk_qslstm,ema,test,1000049,13,0.542973518371582,0.2542472183704376,0.2524752914905548,True
1710807515,fk_qslstm,ema,test,1000049,14,0.2639552652835846,0.3617709279060364,0.3583436608314514,True
1710807515,fk_qslstm,ema,test,1000049,15,-0.5031786561012268,-0.012490428984165192,-0.01322665810585022,True
1710807515,fk_qslstm,ema,test,1000049,16,-0.7251960039138794,-0.44510993361473083,-0.44779109954833984,True
1710807515,fk_qslstm,ema,test,1000049,17,-0.6067481637001038,-0.7201368808746338,-0.7251253724098206,True
1710807515,fk_qslstm,ema,test,1000049,18,-0.6480732560157776,-0.9649534225463867,-0.9718518853187561,True
1710807515,fk_qslstm,ema,test,1000049,19,-0.8504769802093506,-1.2822489738464355,-1.2811448574066162,True
1710807515,fk_qslstm,ema,test,1000049,20,0.6510868668556213,-0.6351470351219177,-0.6332114338874817,True
1710807515,fk_qslstm,ema,test,1000049,21,-0.8057966828346252,-0.9915956258773804,-0.9990282654762268,True
1710807515,fk_qslstm,ema,test,1000049,22,-0.5146993398666382,-1.1020960807800293,-1.113389492034912,True
1710807515,fk_qslstm,ema,test,1000049,23,-0.9343380928039551,-1.4422796964645386,-1.4308693408966064,True
1710807515,fk_qslstm,ema,test,1000049,24,-0.9703731536865234,-1.7360477447509766,-1.6686887741088867,True
1710807515,fk_qslstm,ema,test,1000049,25,0.4175073504447937,-1.138333797454834,-1.1370904445648193,True
1710807515,fk_qslstm,ema,test,1000049,26,-0.3632277250289917,-1.1286035776138306,-1.1521904468536377,True
1710807515,fk_qslstm,ema,test,1000049,27,-0.7396129965782166,-1.3466507196426392,-1.3635733127593994,True
1710807515,fk_qslstm,ema,test,1000049,28,0.21044239401817322,-0.9510551691055298,-0.972131073474884,True
1710807515,fk_qslstm,ema,test,1000049,29,-0.3885631859302521,-0.9939820170402527,-1.0150861740112305,True
1710807515,fk_qslstm,ema,test,1000049,30,-0.12378501147031784,-0.8694566488265991,-0.8826964497566223,True
1710807515,fk_qslstm,ema,test,1000049,31,-0.16082336008548737,-0.7920593023300171,-0.7967963814735413,True
1710807515,fk_qslstm,ema,test,1000050,0,-0.06477349251508713,-0.03886409476399422,-0.03753608465194702,True
1710807515,fk_qslstm,ema,test,1000050,1,-0.0477449968457222,-0.059738270938396454,-0.05810144543647766,True
1710807515,fk_qslstm,ema,test,1000050,2,-0.07955293357372284,-0.09552237391471863,-0.09689933061599731,True
1710807515,fk_qslstm,ema,test,1000050,3,0.2629213035106659,0.08133488893508911,0.07826930284500122,True
1710807515,fk_qslstm,ema,test,1000050,4,-0.5789187550544739,-0.28228333592414856,-0.28220486640930176,True
1710807515,fk_qslstm,ema,test,1000050,5,0.6633668541908264,0.17219343781471252,0.16988717019557953,True
1710807515,fk_qslstm,ema,test,1000050,6,0.19054032862186432,0.25207895040512085,0.2500796914100647,True
1710807515,fk_qslstm,ema,test,1000050,7,0.14267146587371826,0.2872660458087921,0.2843030095100403,True
1710807515,fk_qslstm,ema,test,1000050,8,-0.2246350347995758,0.09503181278705597,0.09613126516342163,True
1710807515,fk_qslstm,ema,test,1000050,9,0.8810020089149475,0.6046266555786133,0.6064853668212891,True
1710807515,fk_qslstm,ema,test,1000050,10,-0.02135480009019375,0.4708884358406067,0.4702807068824768,True
1710807515,fk_qslstm,ema,test,1000050,11,0.1946592926979065,0.4935063123703003,0.49087685346603394,True
1710807515,fk_qslstm,ema,test,1000050,12,0.37158486247062683,0.6177559494972229,0.6163111925125122,True
1710807515,fk_qslstm,ema,test,1000050,13,-0.446969598531723,0.22602301836013794,0.22523245215415955,True
1710807515,fk_qslstm,ema,test,1000050,14,-0.3218165636062622,-0.012271515093743801,-0.00915437936782837,True
1710807515,fk_qslstm,ema,test,1000050,15,-0.6923373937606812,-0.4252196252346039,-0.4221305847167969,True
1710807515,fk_qslstm,ema,test,1000050,16,-0.4990123510360718,-0.6395831108093262,-0.6374184489250183,True
1710807515,fk_qslstm,ema,test,1000050,17,-0.34736692905426025,-0.7200866341590881,-0.7166664004325867,True
1710807515,fk_qslstm,ema,test,1000050,18,-0.9117928743362427,-1.1231451034545898,-1.1190788745880127,True
1710807515,fk_qslstm,ema,test,1000050,19,-0.8882033228874207,-1.4314380884170532,-1.4107487201690674,True
1710807515,fk_qslstm,ema,test,1000050,20,-0.4016498029232025,-1.3861403465270996,-1.3751389980316162,True
1710807515,fk_qslstm,ema,test,1000050,21,0.7583423852920532,-0.6539068222045898,-0.6523898243904114,True
1710807515,fk_qslstm,ema,test,1000050,22,0.9830132126808167,0.06668248027563095,0.062088653445243835,True
1710807515,fk_qslstm,ema,test,1000050,23,-0.2621909976005554,-0.10396860539913177,-0.0993334949016571,True
1710807515,fk_qslstm,ema,test,1000050,24,0.6865180730819702,0.32873594760894775,0.33148401975631714,True
1710807515,fk_qslstm,ema,test,1000050,25,-0.8087481260299683,-0.22226010262966156,-0.2151758074760437,True
1710807515,fk_qslstm,ema,test,1000050,26,-0.8525972962379456,-0.6893664598464966,-0.6893099546432495,True
1710807515,fk_qslstm,ema,test,1000050,27,0.7784203886985779,-0.0844409242272377,-0.0785311758518219,True
1710807515,fk_qslstm,ema,test,1000050,28,0.06502312421798706,-0.028538865968585014,-0.020931482315063477,True
1710807515,fk_qslstm,ema,test,1000050,29,-0.23073720932006836,-0.16127341985702515,-0.15195110440254211,True
1710807515,fk_qslstm,ema,test,1000050,30,-0.5275144577026367,-0.44552740454673767,-0.43746399879455566,True
1710807515,fk_qslstm,ema,test,1000050,31,-0.6927330493927002,-0.7720617651939392,-0.7700938582420349,True
1710807515,fk_qslstm,ema,test,1000051,0,-0.31977957487106323,-0.19186773896217346,-0.18971776962280273,True
1710807515,fk_qslstm,ema,test,1000051,1,0.5000945329666138,0.14656254649162292,0.13842624425888062,True
1710807515,fk_qslstm,ema,test,1000051,2,-0.18874496221542358,0.004003056790679693,-0.0008127093315124512,True
1710807515,fk_qslstm,ema,test,1000051,3,0.07843422889709473,0.05026298388838768,0.04698026180267334,True
1710807515,fk_qslstm,ema,test,1000051,4,-0.17859911918640137,-0.06694908440113068,-0.06435322761535645,True
1710807515,fk_qslstm,ema,test,1000051,5,-0.9805939793586731,-0.6419156789779663,-0.6387661695480347,True
1710807515,fk_qslstm,ema,test,1000051,6,-0.6398614048957825,-0.8974493741989136,-0.8989418148994446,True
1710807515,fk_qslstm,ema,test,1000051,7,-0.6728383898735046,-1.1216624975204468,-1.1239218711853027,True
1710807515,fk_qslstm,ema,test,1000051,8,0.9865769147872925,-0.3053838908672333,-0.30224257707595825,True
1710807515,fk_qslstm,ema,test,1000051,9,0.4724893569946289,0.0391865000128746,0.038169652223587036,True
1710807515,fk_qslstm,ema,test,1000051,10,0.6181646585464478,0.40224799513816833,0.39906978607177734,True
1710807515,fk_qslstm,ema,test,1000051,11,-0.5881945490837097,-0.031118348240852356,-0.0308762788772583,True
1710807515,fk_qslstm,ema,test,1000051,12,0.9697422981262207,0.5569506883621216,0.5526630878448486,True
1710807515,fk_qslstm,ema,test,1000051,13,-0.15739843249320984,0.3511214852333069,0.3469451069831848,True
1710807515,fk_qslstm,ema,test,1000051,14,-0.7511230111122131,-0.16977661848068237,-0.17363062500953674,True
1710807515,fk_qslstm,ema,test,1000051,15,0.782814621925354,0.33386746048927307,0.32892411947250366,True
1710807515,fk_qslstm,ema,test,1000051,16,0.7994149923324585,0.7467429637908936,0.7480278015136719,True
1710807515,fk_qslstm,ema,test,1000051,17,0.5243935585021973,0.9120305180549622,0.9148073792457581,True
1710807515,fk_qslstm,ema,test,1000051,18,-0.09025949984788895,0.6754686832427979,0.6738764047622681,True
1710807515,fk_qslstm,ema,test,1000051,19,-0.2836790084838867,0.3701675534248352,0.3665715456008911,True
1710807515,fk_qslstm,ema,test,1000051,20,0.622685968875885,0.6697456240653992,0.6704587340354919,True
1710807515,fk_qslstm,ema,test,1000051,21,-0.9549204111099243,-0.037155743688344955,-0.030105531215667725,True
1710807515,fk_qslstm,ema,test,1000051,22,-0.7082697749137878,-0.4546864628791809,-0.45141130685806274,True
1710807515,fk_qslstm,ema,test,1000051,23,-0.9227827191352844,-0.9174188375473022,-0.9173057675361633,True
1710807515,fk_qslstm,ema,test,1000051,24,0.8923155069351196,-0.19854573905467987,-0.1903465986251831,True
1710807515,fk_qslstm,ema,test,1000051,25,-0.9675153493881226,-0.7393457889556885,-0.7319014668464661,True
1710807515,fk_qslstm,ema,test,1000051,26,0.04941881448030472,-0.5618253350257874,-0.5559781193733215,True
1710807515,fk_qslstm,ema,test,1000051,27,-0.9000460505485535,-0.9894879460334778,-0.9874836802482605,True
1710807515,fk_qslstm,ema,test,1000051,28,-0.5656241178512573,-1.1309648752212524,-1.132322072982788,True
1710807515,fk_qslstm,ema,test,1000051,29,0.18915687501430511,-0.7912777662277222,-0.7933703064918518,True
1710807515,fk_qslstm,ema,test,1000051,30,0.4484703838825226,-0.36393997073173523,-0.3635098338127136,True
1710807515,fk_qslstm,ema,test,1000051,31,0.05648401379585266,-0.25726157426834106,-0.255424439907074,True
1710807515,fk_qslstm,ema,test,1000052,0,-0.3535608649253845,-0.21213652193546295,-0.20994937419891357,True
1710807515,fk_qslstm,ema,test,1000052,1,-0.804230272769928,-0.6522473692893982,-0.655995786190033,True
1710807515,fk_qslstm,ema,test,1000052,2,-0.8924658298492432,-1.0572774410247803,-1.0714142322540283,True
1710807515,fk_qslstm,ema,test,1000052,3,0.1386997550725937,-0.7626020312309265,-0.7750620245933533,True
1710807515,fk_qslstm,ema,test,1000052,4,-0.01524445042014122,-0.6192283034324646,-0.6265506148338318,True
1710807515,fk_qslstm,ema,test,1000052,5,0.5353942513465881,-0.17414608597755432,-0.17592304944992065,True
1710807515,fk_qslstm,ema,test,1000052,6,0.8303885459899902,0.3589162528514862,0.35579556226730347,True
1710807515,fk_qslstm,ema,test,1000052,7,0.3663772940635681,0.5069593787193298,0.5033276081085205,True
1710807515,fk_qslstm,ema,test,1000052,8,-0.9588285684585571,-0.16972963511943817,-0.16613924503326416,True
1710807515,fk_qslstm,ema,test,1000052,9,0.7232491970062256,0.29816582798957825,0.2996898293495178,True
1710807515,fk_qslstm,ema,test,1000052,10,-0.9625539183616638,-0.3389997184276581,-0.32915198802948,True
1710807515,fk_qslstm,ema,test,1000052,11,-0.6641696095466614,-0.6697015762329102,-0.666595458984375,True
1710807515,fk_qslstm,ema,test,1000052,12,0.8870463967323303,-0.003533384995535016,0.0024156272411346436,True
1710807515,fk_qslstm,ema,test,1000052,13,0.5678779482841492,0.3379000425338745,0.34160250425338745,True
1710807515,fk_qslstm,ema,test,1000052,14,-0.5887496471405029,-0.08292975276708603,-0.0780327320098877,True
1710807515,fk_qslstm,ema,test,1000052,15,-0.6906744837760925,-0.4807484745979309,-0.4799562692642212,True
1710807515,fk_qslstm,ema,test,1000052,16,0.21583300828933716,-0.25509896874427795,-0.25341933965682983,True
1710807515,fk_qslstm,ema,test,1000052,17,0.36701279878616333,0.016128504648804665,0.015191882848739624,True
1710807515,fk_qslstm,ema,test,1000052,18,0.42589086294174194,0.26843732595443726,0.26415181159973145,True
1710807515,fk_qslstm,ema,test,1000052,19,0.995817244052887,0.8122401833534241,0.8097904324531555,True
1710807515,fk_qslstm,ema,test,1000052,20,-0.4209814667701721,0.397203266620636,0.3879626393318176,True
1710807515,fk_qslstm,ema,test,1000052,21,0.8010872602462769,0.798414945602417,0.7939664721488953,True
1710807515,fk_qslstm,ema,test,1000052,22,0.8723956346511841,1.162169337272644,1.1610416173934937,True
1710807515,fk_qslstm,ema,test,1000052,23,-0.16093240678310394,0.8331760168075562,0.8290727734565735,True
1710807515,fk_qslstm,ema,test,1000052,24,-0.45694467425346375,0.39237403869628906,0.38263291120529175,True
1710807515,fk_qslstm,ema,test,1000052,25,0.333550363779068,0.5140294432640076,0.5038559436798096,True
1710807515,fk_qslstm,ema,test,1000052,26,0.8265280723571777,0.9071404337882996,0.9064338207244873,True
1710807515,fk_qslstm,ema,test,1000052,27,-0.06374774873256683,0.6874637007713318,0.6821338534355164,True
1710807515,fk_qslstm,ema,test,1000052,28,-0.6735261082649231,0.14585529267787933,0.1373770385980606,True
1710807515,fk_qslstm,ema,test,1000052,29,0.6051536202430725,0.47977641224861145,0.4725310504436493,True
1710807515,fk_qslstm,ema,test,1000052,30,-0.8949647545814514,-0.15315772593021393,-0.1536688208580017,True
1710807515,fk_qslstm,ema,test,1000052,31,0.18698228895664215,-0.010336806997656822,-0.011956870555877686,True
1710807515,fk_qslstm,ema,test,1000053,0,-0.5242919921875,-0.3145751953125,-0.31217849254608154,True
1710807515,fk_qslstm,ema,test,1000053,1,-0.8623719215393066,-0.7690832614898682,-0.7753620743751526,True
1710807515,fk_qslstm,ema,test,1000053,2,0.8601377010345459,-0.09918399900197983,-0.10406076908111572,True
1710807515,fk_qslstm,ema,test,1000053,3,-0.29360029101371765,-0.25550737977027893,-0.2519550323486328,True
1710807515,fk_qslstm,ema,test,1000053,4,0.3429967761039734,0.0013921683421358466,0.002200692892074585,True
1710807515,fk_qslstm,ema,test,1000053,5,0.16216789186000824,0.09841446578502655,0.09992218017578125,True
1710807515,fk_qslstm,ema,test,1000053,6,0.6392480134963989,0.46228036284446716,0.46320289373397827,True
1710807515,fk_qslstm,ema,test,1000053,7,-0.840061366558075,-0.13421253859996796,-0.1300334334373474,True
1710807515,fk_qslstm,ema,test,1000053,8,-0.8164516091346741,-0.5972409844398499,-0.598908007144928,True
1710807515,fk_qslstm,ema,test,1000053,9,0.05045085400342941,-0.44752225279808044,-0.4449036717414856,True
1710807515,fk_qslstm,ema,test,1000053,10,0.11768138408660889,-0.2874089777469635,-0.28332096338272095,True
1710807515,fk_qslstm,ema,test,1000053,11,0.8965798616409302,0.3080207407474518,0.30669862031936646,True
1710807515,fk_qslstm,ema,test,1000053,12,0.10699807107448578,0.3106154203414917,0.3077431321144104,True
1710807515,fk_qslstm,ema,test,1000053,13,0.624603271484375,0.6232542991638184,0.6213506460189819,True
1710807515,fk_qslstm,ema,test,1000053,14,0.2999892234802246,0.6785969734191895,0.67622971534729,True
1710807515,fk_qslstm,ema,test,1000053,15,0.7836428880691528,1.0130633115768433,1.0169830322265625,True
1710807515,fk_qslstm,ema,test,1000053,16,0.9814990162849426,1.3993500471115112,1.3853955268859863,True
1710807515,fk_qslstm,ema,test,1000053,17,0.1543751209974289,1.21210515499115,1.2057712078094482,True
1710807515,fk_qslstm,ema,test,1000053,18,-0.9222514033317566,0.41633325815200806,0.42189112305641174,True
1710807515,fk_qslstm,ema,test,1000053,19,-0.35422781109809875,0.1205299124121666,0.12351489067077637,True
1710807515,fk_qslstm,ema,test,1000053,20,-0.8406376838684082,-0.4079586863517761,-0.4064653515815735,True
1710807515,fk_qslstm,ema,test,1000053,21,-0.3563123941421509,-0.5401543974876404,-0.5380721688270569,True
1710807515,fk_qslstm,ema,test,1000053,22,0.14793168008327484,-0.34336450695991516,-0.3409464359283447,True
1710807515,fk_qslstm,ema,test,1000053,23,0.9369237422943115,0.28746262192726135,0.28281089663505554,True
1710807515,fk_qslstm,ema,test,1000053,24,0.3639872670173645,0.44836246967315674,0.44044649600982666,True
1710807515,fk_qslstm,ema,test,1000053,25,0.7479090094566345,0.8074353933334351,0.8044859766960144,True
1710807515,fk_qslstm,ema,test,1000053,26,0.43466365337371826,0.906746506690979,0.9048779010772705,True
1710807515,fk_qslstm,ema,test,1000053,27,-0.2490740269422531,0.5759527683258057,0.5694937109947205,True
1710807515,fk_qslstm,ema,test,1000053,28,-0.03308194503188133,0.44091305136680603,0.43373873829841614,True
1710807515,fk_qslstm,ema,test,1000053,29,0.47832393646240234,0.6397247910499573,0.63616544008255,True
1710807515,fk_qslstm,ema,test,1000053,30,-0.5965993404388428,0.1538202315568924,0.1505224108695984,True
1710807515,fk_qslstm,ema,test,1000053,31,-0.26372984051704407,-0.035181719809770584,-0.03451979160308838,True
1710807515,fk_qslstm,ema,test,1000054,0,0.9026011228561401,0.541560709476471,0.5313255786895752,True
1710807515,fk_qslstm,ema,test,1000054,1,0.36033177375793457,0.6494476199150085,0.6498886346817017,True
1710807515,fk_qslstm,ema,test,1000054,2,0.28265494108200073,0.6891510486602783,0.6845113039016724,True
1710807515,fk_qslstm,ema,test,1000054,3,0.12310883402824402,0.6251861453056335,0.6175448894500732,True
1710807515,fk_qslstm,ema,test,1000054,4,0.20868967473506927,0.6253626942634583,0.6173086166381836,True
1710807515,fk_qslstm,ema,test,1000054,5,-0.9754082560539246,-0.08495479822158813,-0.08514067530632019,True
1710807515,fk_qslstm,ema,test,1000054,6,0.9481717348098755,0.5009391903877258,0.49827927350997925,True
1710807515,fk_qslstm,ema,test,1000054,7,-0.7466353178024292,-0.0472298264503479,-0.04684343934059143,True
1710807515,fk_qslstm,ema,test,1000054,8,-0.31688132882118225,-0.22791264951229095,-0.2258051037788391,True
1710807515,fk_qslstm,ema,test,1000054,9,-0.539944589138031,-0.5062968730926514,-0.5035112500190735,True
1710807515,fk_qslstm,ema,test,1000054,10,-0.34569084644317627,-0.6124520301818848,-0.6087605953216553,True
1710807515,fk_qslstm,ema,test,1000054,11,-0.7871110439300537,-0.9622282385826111,-0.9628447890281677,True
1710807515,fk_qslstm,ema,test,1000054,12,-0.5304462313652039,-1.088050365447998,-1.0910060405731201,True
1710807515,fk_qslstm,ema,test,1000054,13,0.1720346063375473,-0.7672194838523865,-0.7705531716346741,True
1710807515,fk_qslstm,ema,test,1000054,14,0.6213054656982422,-0.24099232256412506,-0.24160528182983398,True
1710807515,fk_qslstm,ema,test,1000054,15,-0.8701478242874146,-0.7148825526237488,-0.7186399102210999,True
1710807515,fk_qslstm,ema,test,1000054,16,-0.7239614129066467,-1.006282925605774,-1.0160198211669922,True
1710807515,fk_qslstm,ema,test,1000054,17,0.4409309923648834,-0.5404677391052246,-0.5437435507774353,True
1710807515,fk_qslstm,ema,test,1000054,18,-0.19766955077648163,-0.5509759187698364,-0.5523433089256287,True
1710807515,fk_qslstm,ema,test,1000054,19,-0.05874631553888321,-0.4760285019874573,-0.4754970073699951,True
1710807515,fk_qslstm,ema,test,1000054,20,0.7832704782485962,0.08913948386907578,0.08854934573173523,True
1710807515,fk_qslstm,ema,test,1000054,21,0.45355382561683655,0.3434438705444336,0.3403572142124176,True
1710807515,fk_qslstm,ema,test,1000054,22,-0.7988795042037964,-0.2045726180076599,-0.20585554838180542,True
1710807515,fk_qslstm,ema,test,1000054,23,-0.9642255902290344,-0.7421934604644775,-0.7470137476921082,True
1710807515,fk_qslstm,ema,test,1000054,24,0.7719178795814514,-0.13060405850410461,-0.12802249193191528,True
1710807515,fk_qslstm,ema,test,1000054,25,-0.850906252861023,-0.6150270104408264,-0.613089919090271,True
1710807515,fk_qslstm,ema,test,1000054,26,-0.9267150163650513,-1.0480506420135498,-1.0505390167236328,True
1710807515,fk_qslstm,ema,test,1000054,27,0.4517497718334198,-0.5673906207084656,-0.5648340582847595,True
1710807515,fk_qslstm,ema,test,1000054,28,0.7386797666549683,-0.010704616084694862,-0.009213745594024658,True
1710807515,fk_qslstm,ema,test,1000054,29,-0.9921776652336121,-0.6038703322410583,-0.599130392074585,True
1710807515,fk_qslstm,ema,test,1000054,30,-0.4417017102241516,-0.7481172680854797,-0.7474055886268616,True
1710807515,fk_qslstm,ema,test,1000054,31,0.24555085599422455,-0.45116329193115234,-0.4467313885688782,True
1710807515,fk_qslstm,ema,test,1000055,0,0.2894514501094818,0.17367087304592133,0.1737072467803955,True
1710807515,fk_qslstm,ema,test,1000055,1,0.7723836302757263,0.6023668646812439,0.6034132242202759,True
1710807515,fk_qslstm,ema,test,1000055,2,-0.8065536022186279,-0.0020386534743010998,-0.0030157864093780518,True
1710807515,fk_qslstm,ema,test,1000055,3,0.31909310817718506,0.18982495367527008,0.18385595083236694,True
1710807515,fk_qslstm,ema,test,1000055,4,0.3568863272666931,0.3659917712211609,0.3608801066875458,True
1710807515,fk_qslstm,ema,test,1000055,5,-0.3346152901649475,0.09202423691749573,0.09158043563365936,True
1710807515,fk_qslstm,ema,test,1000055,6,-0.6104350686073303,-0.29264163970947266,-0.29204750061035156,True
1710807515,fk_qslstm,ema,test,1000055,7,-0.7466421127319336,-0.6820985674858093,-0.685528576374054,True
1710807515,fk_qslstm,ema,test,1000055,8,-0.7400699257850647,-0.9897208213806152,-0.9960671067237854,True
1710807515,fk_qslstm,ema,test,1000055,9,0.5519677400588989,-0.4605959951877594,-0.45958542823791504,True
1710807515,fk_qslstm,ema,test,1000055,10,-0.8805655837059021,-0.8968161940574646,-0.9007633328437805,True
1710807515,fk_qslstm,ema,test,1000055,11,0.06562848389148712,-0.6780758500099182,-0.682425856590271,True
1710807515,fk_qslstm,ema,test,1000055,12,-0.2530234456062317,-0.6942747235298157,-0.6972852349281311,True
1710807515,fk_qslstm,ema,test,1000055,13,0.30014967918395996,-0.37532997131347656,-0.37641531229019165,True
1710807515,fk_qslstm,ema,test,1000055,14,0.3100719451904297,-0.11422081291675568,-0.1174338161945343,True
1710807515,fk_qslstm,ema,test,1000055,15,0.8533788323402405,0.4206506609916687,0.41431817412376404,True
1710807515,fk_qslstm,ema,test,1000055,16,0.2272740751504898,0.47288498282432556,0.46505653858184814,True
1710807515,fk_qslstm,ema,test,1000055,17,-0.7988957166671753,-0.10102944821119308,-0.10702267289161682,True
1710807515,fk_qslstm,ema,test,1000055,18,0.3276284635066986,0.11575352400541306,0.10796177387237549,True
1710807515,fk_qslstm,ema,test,1000055,19,-0.24758337438106537,-0.0559472031891346,-0.0563221275806427,True
1710807515,fk_qslstm,ema,test,1000055,20,0.3449745178222656,0.16222694516181946,0.1592234969139099,True
1710807515,fk_qslstm,ema,test,1000055,21,0.22703412175178528,0.26600202918052673,0.2626044750213623,True
1710807515,fk_qslstm,ema,test,1000055,22,0.8510895371437073,0.7234553694725037,0.7240755558013916,True
1710807515,fk_qslstm,ema,test,1000055,23,0.7900729775428772,1.0528080463409424,1.057624101638794,True
1710807515,fk_qslstm,ema,test,1000055,24,0.8498581051826477,1.3521612882614136,1.345940113067627,True
1710807515,fk_qslstm,ema,test,1000055,25,-0.33628442883491516,0.8799583911895752,0.8811036944389343,True
1710807515,fk_qslstm,ema,test,1000055,26,0.26443302631378174,0.8626265525817871,0.8661788105964661,True
1710807515,fk_qslstm,ema,test,1000055,27,-0.33360961079597473,0.4899354577064514,0.4849807918071747,True
1710807515,fk_qslstm,ema,test,1000055,28,0.16775105893611908,0.4925990104675293,0.4847904443740845,True
1710807515,fk_qslstm,ema,test,1000055,29,-0.14888761937618256,0.3047466278076172,0.2986634373664856,True
1710807515,fk_qslstm,ema,test,1000055,30,0.43173694610595703,0.5028394460678101,0.4974980056285858,True
1710807515,fk_qslstm,ema,test,1000055,31,-0.47178196907043457,0.1192023903131485,0.11671915650367737,True
1710807515,fk_qslstm,ema,test,1000056,0,0.16930194199085236,0.10158117115497589,0.10188530385494232,True
1710807515,fk_qslstm,ema,test,1000056,1,0.9446460604667664,0.6480525732040405,0.6442470550537109,True
1710807515,fk_qslstm,ema,test,1000056,2,0.7943911552429199,0.9950767159461975,0.9915236234664917,True
1710807515,fk_qslstm,ema,test,1000056,3,-0.61988765001297,0.42412880063056946,0.4151819348335266,True
1710807515,fk_qslstm,ema,test,1000056,4,-0.660451352596283,-0.05696776136755943,-0.06669223308563232,True
1710807515,fk_qslstm,ema,test,1000056,5,0.6474081873893738,0.34287068247795105,0.33382150530815125,True
1710807515,fk_qslstm,ema,test,1000056,6,-0.7431169152259827,-0.17157359421253204,-0.17583245038986206,True
1710807515,fk_qslstm,ema,test,1000056,7,-0.8514136672019958,-0.64810711145401,-0.6568577289581299,True
1710807515,fk_qslstm,ema,test,1000056,8,0.34162163734436035,-0.3135127127170563,-0.31808727979660034,True
1710807515,fk_qslstm,ema,test,1000056,9,-0.46317586302757263,-0.5287156701087952,-0.5312793850898743,True
1710807515,fk_qslstm,ema,test,1000056,10,0.21435266733169556,-0.2943609356880188,-0.29726094007492065,True
1710807515,fk_qslstm,ema,test,1000056,11,-0.15430901944637299,-0.3280741572380066,-0.3281705379486084,True
1710807515,fk_qslstm,ema,test,1000056,12,0.4289973974227905,-0.005060892552137375,-0.009254515171051025,True
1710807515,fk_qslstm,ema,test,1000056,13,0.17868241667747498,0.10316073149442673,0.09751109778881073,True
1710807515,fk_qslstm,ema,test,1000056,14,0.6916439533233643,0.4975149631500244,0.49165254831314087,True
1710807515,fk_qslstm,ema,test,1000056,15,-0.18252311646938324,0.2884981036186218,0.2839036285877228,True
1710807515,fk_qslstm,ema,test,1000056,16,-0.7965054512023926,-0.24710476398468018,-0.2510846257209778,True
1710807515,fk_qslstm,ema,test,1000056,17,0.6900951266288757,0.2163732647895813,0.21146458387374878,True
1710807515,fk_qslstm,ema,test,1000056,18,0.35049745440483093,0.38339707255363464,0.3791164457798004,True
1710807515,fk_qslstm,ema,test,1000056,19,0.5505815744400024,0.6370666027069092,0.6346438527107239,True
1710807515,fk_qslstm,ema,test,1000056,20,0.7519494295120239,0.9608229398727417,0.9649134278297424,True
1710807515,fk_qslstm,ema,test,1000056,21,0.18710900843143463,0.8809237480163574,0.8827376365661621,True
1710807515,fk_qslstm,ema,test,1000056,22,0.2938641309738159,0.8810575008392334,0.8829143643379211,True
1710807515,fk_qslstm,ema,test,1000056,23,0.04624055325984955,0.7325903177261353,0.7319943308830261,True
1710807515,fk_qslstm,ema,test,1000056,24,-0.9309056997299194,0.027528831735253334,0.029608070850372314,True
1710807515,fk_qslstm,ema,test,1000056,25,0.023968081921339035,0.03640391305088997,0.040505439043045044,True
1710807515,fk_qslstm,ema,test,1000056,26,-0.15693533420562744,-0.06503807008266449,-0.05533337593078613,True
1710807515,fk_qslstm,ema,test,1000056,27,-0.9459158182144165,-0.6195799708366394,-0.611367404460907,True
1710807515,fk_qslstm,ema,test,1000056,28,-0.9643487334251404,-1.0742732286453247,-1.0677306652069092,True
1710807515,fk_qslstm,ema,test,1000056,29,0.011432019993662834,-0.8525593280792236,-0.8465052247047424,True
1710807515,fk_qslstm,ema,test,1000056,30,-0.3420315980911255,-0.8872663974761963,-0.8842898011207581,True
1710807515,fk_qslstm,ema,test,1000056,31,0.12652254104614258,-0.6338996291160583,-0.6292382478713989,True
1710807515,fk_qslstm,ema,test,1000057,0,0.23497146368026733,0.14098288118839264,0.14111533761024475,True
1710807515,fk_qslstm,ema,test,1000057,1,0.42286404967308044,0.3665047287940979,0.3647359609603882,True
1710807515,fk_qslstm,ema,test,1000057,2,0.445459246635437,0.5604793429374695,0.5531818866729736,True
1710807515,fk_qslstm,ema,test,1000057,3,-0.0055123185738921165,0.4450760781764984,0.4386863112449646,True
1710807515,fk_qslstm,ema,test,1000057,4,-0.46237829327583313,0.0786338821053505,0.07580064237117767,True
1710807515,fk_qslstm,ema,test,1000057,5,-0.6666954755783081,-0.3371101915836334,-0.3388471007347107,True
1710807515,fk_qslstm,ema,test,1000057,6,-0.18428091704845428,-0.380256712436676,-0.3771570324897766,True
1710807515,fk_qslstm,ema,test,1000057,7,0.15093064308166504,-0.21364697813987732,-0.20955175161361694,True
1710807515,fk_qslstm,ema,test,1000057,8,0.8235734701156616,0.3232265114784241,0.3234550356864929,True
1710807515,fk_qslstm,ema,test,1000057,9,0.48671963810920715,0.5506129860877991,0.5495175719261169,True
1710807515,fk_qslstm,ema,test,1000057,10,0.20307432115077972,0.5623349547386169,0.5587809085845947,True
1710807515,fk_qslstm,ema,test,1000057,11,-0.32127144932746887,0.25710511207580566,0.25413715839385986,True
1710807515,fk_qslstm,ema,test,1000057,12,-0.3077850937843323,0.021013036370277405,0.022085726261138916,True
1710807515,fk_qslstm,ema,test,1000057,13,0.6915313601493835,0.431729257106781,0.43326902389526367,True
1710807515,fk_qslstm,ema,test,1000057,14,-0.3237806260585785,0.1511150300502777,0.155517578125,True
1710807515,fk_qslstm,ema,test,1000057,15,-0.6930303573608398,-0.29492616653442383,-0.2918931245803833,True
1710807515,fk_qslstm,ema,test,1000057,16,0.41425561904907227,0.012612435966730118,0.013285517692565918,True
1710807515,fk_qslstm,ema,test,1000057,17,-0.8966031074523926,-0.5278719067573547,-0.5257147550582886,True
1710807515,fk_qslstm,ema,test,1000057,18,0.4564872086048126,-0.14840519428253174,-0.1476033627986908,True
1710807515,fk_qslstm,ema,test,1000057,19,0.5566989779472351,0.2152952253818512,0.21356789767742157,True
1710807515,fk_qslstm,ema,test,1000057,20,-0.9601046442985535,-0.40382659435272217,-0.40042877197265625,True
1710807515,fk_qslstm,ema,test,1000057,21,0.630598247051239,0.05529766529798508,0.05620920658111572,True
1710807515,fk_qslstm,ema,test,1000057,22,0.9998142123222351,0.6441266536712646,0.643227219581604,True
1710807515,fk_qslstm,ema,test,1000057,23,-0.0508243590593338,0.48480671644210815,0.4792577624320984,True
1710807515,fk_qslstm,ema,test,1000057,24,0.2439114898443222,0.5341922640800476,0.5269660949707031,True
1710807515,fk_qslstm,ema,test,1000057,25,-0.6157015562057495,0.057932861149311066,0.0524635910987854,True
1710807515,fk_qslstm,ema,test,1000057,26,0.5132240056991577,0.3542806804180145,0.3480099141597748,True
1710807515,fk_qslstm,ema,test,1000057,27,0.5612103343009949,0.6201507449150085,0.6182350516319275,True
1710807515,fk_qslstm,ema,test,1000057,28,-0.9495579600334167,-0.07361417263746262,-0.06905925273895264,True
1710807515,fk_qslstm,ema,test,1000057,29,-0.10281223803758621,-0.12057867646217346,-0.11396434903144836,True
1710807515,fk_qslstm,ema,test,1000057,30,-0.06441798061132431,-0.13511373102664948,-0.12470859289169312,True
1710807515,fk_qslstm,ema,test,1000057,31,0.9877319931983948,0.4845482110977173,0.48848167061805725,True
1710807515,fk_qslstm,ema,test,1000058,0,-0.10249590873718262,-0.06149754673242569,-0.05999404191970825,True
1710807515,fk_qslstm,ema,test,1000058,1,0.5545852184295654,0.2835530936717987,0.2768549919128418,True
1710807515,fk_qslstm,ema,test,1000058,2,0.5584222674369812,0.5618958473205566,0.552105724811554,True
1710807515,fk_qslstm,ema,test,1000058,3,0.6019058227539062,0.810660183429718,0.8064953684806824,True
1710807515,fk_qslstm,ema,test,1000058,4,0.5948372483253479,1.0054304599761963,1.006263256072998,True
1710807515,fk_qslstm,ema,test,1000058,5,-0.9640884399414062,0.22589129209518433,0.23322582244873047,True
1710807515,fk_qslstm,ema,test,1000058,6,0.7498655319213867,0.6306323409080505,0.6395050287246704,True
1710807515,fk_qslstm,ema,test,1000058,7,0.609839916229248,0.8704098463058472,0.8833445906639099,True
1710807515,fk_qslstm,ema,test,1000058,8,-0.8916690945625305,0.16132640838623047,0.1730547696352005,True
1710807515,fk_qslstm,ema,test,1000058,9,-0.1968282014131546,0.010964203625917435,0.023148059844970703,True
1710807515,fk_qslstm,ema,test,1000058,10,0.8126497268676758,0.49636122584342957,0.5083081722259521,True
1710807515,fk_qslstm,ema,test,1000058,11,0.31029725074768066,0.583267331123352,0.5922201871871948,True
1710807515,fk_qslstm,ema,test,1000058,12,0.991150438785553,1.0613040924072266,1.0712661743164062,True
1710807515,fk_qslstm,ema,test,1000058,13,-0.8890223503112793,0.31562986969947815,0.3225610554218292,True
1710807515,fk_qslstm,ema,test,1000058,14,0.5488094687461853,0.5817895531654358,0.5864543914794922,True
1710807515,fk_qslstm,ema,test,1000058,15,0.8683319687843323,0.986430823802948,0.9974664449691772,True
1710807515,fk_qslstm,ema,test,1000058,16,-0.7069334387779236,0.3649846017360687,0.36738771200180054,True
1710807515,fk_qslstm,ema,test,1000058,17,-0.31878238916397095,0.10071823745965958,0.10216587781906128,True
1710807515,fk_qslstm,ema,test,1000058,18,-0.9231362342834473,-0.47330716252326965,-0.4706065058708191,True
1710807515,fk_qslstm,ema,test,1000058,19,0.370551735162735,-0.1563146710395813,-0.15352028608322144,True
1710807515,fk_qslstm,ema,test,1000058,20,0.7915052175521851,0.3498513698577881,0.35078129172325134,True
1710807515,fk_qslstm,ema,test,1000058,21,-0.40404579043388367,0.03745362162590027,0.04085630178451538,True
1710807515,fk_qslstm,ema,test,1000058,22,0.779762327671051,0.49782028794288635,0.4986326992511749,True
1710807515,fk_qslstm,ema,test,1000058,23,0.5016494393348694,0.6992458701133728,0.7014321088790894,True
1710807515,fk_qslstm,ema,test,1000058,24,0.9856316447257996,1.150775671005249,1.1531662940979004,True
1710807515,fk_qslstm,ema,test,1000058,25,0.09136941283941269,0.9754422307014465,0.9745427966117859,True
1710807515,fk_qslstm,ema,test,1000058,26,-0.3787117898464203,0.5531266927719116,0.546588659286499,True
1710807515,fk_qslstm,ema,test,1000058,27,-0.8864136338233948,-0.08934681862592697,-0.09542769193649292,True
1710807515,fk_qslstm,ema,test,1000058,28,-0.9930550456047058,-0.6673104763031006,-0.6724290251731873,True
1710807515,fk_qslstm,ema,test,1000058,29,0.26920467615127563,-0.3723255693912506,-0.37206196784973145,True
1710807515,fk_qslstm,ema,test,1000058,30,0.44974416494369507,-0.028013957664370537,-0.029442161321640015,True
1710807515,fk_qslstm,ema,test,1000058,31,0.7974949479103088,0.45608580112457275,0.4529475271701813,True
1710807515,fk_qslstm,ema,test,1000059,0,0.34944334626197815,0.20966601371765137,0.20962737500667572,True
1710807515,fk_qslstm,ema,test,1000059,1,0.7042514681816101,0.5902836918830872,0.5926558971405029,True
1710807515,fk_qslstm,ema,test,1000059,2,-0.263251930475235,0.3142758011817932,0.31196337938308716,True
1710807515,fk_qslstm,ema,test,1000059,3,0.8429374098777771,0.7571830749511719,0.7576718926429749,True
1710807515,fk_qslstm,ema,test,1000059,4,0.47032999992370605,0.8879444599151611,0.8899359107017517,True
1710807515,fk_qslstm,ema,test,1000059,5,0.7917782068252563,1.1854225397109985,1.1885199546813965,True
1710807515,fk_qslstm,ema,test,1000059,6,-0.4291178584098816,0.6908673048019409,0.6907894611358643,True
1710807515,fk_qslstm,ema,test,1000059,7,0.9109994769096375,1.0992934703826904,1.1055428981781006,True
1710807515,fk_qslstm,ema,test,1000059,8,-0.7215180993080139,0.4465239346027374,0.44430047273635864,True
1710807515,fk_qslstm,ema,test,1000059,9,-0.5719219446182251,0.014065981842577457,0.008683085441589355,True
1710807515,fk_qslstm,ema,test,1000059,10,0.31731268763542175,0.20164039731025696,0.19435659050941467,True
1710807515,fk_qslstm,ema,test,1000059,11,-0.8212267160415649,-0.33142369985580444,-0.3354714512825012,True
1710807515,fk_qslstm,ema,test,1000059,12,0.29156187176704407,-0.09020183235406876,-0.0958414077758789,True
1710807515,fk_qslstm,ema,test,1000059,13,-0.8384902477264404,-0.5752555727958679,-0.5806469321250916,True
1710807515,fk_qslstm,ema,test,1000059,14,0.6598069667816162,-0.06432029604911804,-0.06862494349479675,True
1710807515,fk_qslstm,ema,test,1000059,15,-0.731838583946228,-0.4905593693256378,-0.49389010667800903,True
1710807515,fk_qslstm,ema,test,1000059,16,0.4773459732532501,-0.10603992640972137,-0.11161211133003235,True
1710807515,fk_qslstm,ema,test,1000059,17,-0.42755699157714844,-0.34136614203453064,-0.3426821827888489,True
1710807515,fk_qslstm,ema,test,1000059,18,-0.38749605417251587,-0.505590558052063,-0.5068370699882507,True
1710807515,fk_qslstm,ema,test,1000059,19,-0.6243260502815247,-0.7790680527687073,-0.7836679816246033,True
1710807515,fk_qslstm,ema,test,1000059,20,-0.7529274821281433,-1.075010895729065,-1.0815181732177734,True
1710807515,fk_qslstm,ema,test,1000059,21,-0.6503219604492188,-1.250201940536499,-1.2542781829833984,True
1710807515,fk_qslstm,ema,test,1000059,22,-0.1741620898246765,-1.104658842086792,-1.1151719093322754,True
1710807515,fk_qslstm,ema,test,1000059,23,-0.4483644366264343,-1.1527457237243652,-1.1668992042541504,True
1710807515,fk_qslstm,ema,test,1000059,24,0.8065298795700073,-0.4382786154747009,-0.4401705861091614,True
1710807515,fk_qslstm,ema,test,1000059,25,-0.44274458289146423,-0.6162696480751038,-0.6173562407493591,True
1710807515,fk_qslstm,ema,test,1000059,26,-0.2725045382976532,-0.6565184593200684,-0.6562162637710571,True
1710807515,fk_qslstm,ema,test,1000059,27,0.707900881767273,-0.10047421604394913,-0.09475165605545044,True
1710807515,fk_qslstm,ema,test,1000059,28,-0.5169005393981934,-0.3905196785926819,-0.3825417160987854,True
1710807515,fk_qslstm,ema,test,1000059,29,-0.17040814459323883,-0.41466063261032104,-0.4069289565086365,True
1710807515,fk_qslstm,ema,test,1000059,30,-0.010858730413019657,-0.3382437527179718,-0.32966744899749756,True
1710807515,fk_qslstm,ema,test,1000059,31,0.4119440019130707,-0.023428605869412422,-0.019738852977752686,True
1710807515,fk_qslstm,ema,test,1000060,0,-0.961292028427124,-0.5767751932144165,-0.5622143149375916,True
1710807515,fk_qslstm,ema,test,1000060,1,-0.07472578436136246,-0.5062556266784668,-0.5072076916694641,True
1710807515,fk_qslstm,ema,test,1000060,2,0.7198365330696106,0.026897398754954338,0.027629941701889038,True
1710807515,fk_qslstm,ema,test,1000060,3,-0.3326352536678314,-0.17806324362754822,-0.16875046491622925,True
1710807515,fk_qslstm,ema,test,1000060,4,0.9029097557067871,0.39929527044296265,0.4033753573894501,True
1710807515,fk_qslstm,ema,test,1000060,5,-0.9424397945404053,-0.24602767825126648,-0.23465830087661743,True
1710807515,fk_qslstm,ema,test,1000060,6,-0.42467737197875977,-0.45162856578826904,-0.44216781854629517,True
1710807515,fk_qslstm,ema,test,1000060,7,-0.39967793226242065,-0.6011096239089966,-0.5909448266029358,True
1710807515,fk_qslstm,ema,test,1000060,8,0.7950659394264221,-0.003848104504868388,0.006496071815490723,True
1710807515,fk_qslstm,ema,test,1000060,9,0.1761985421180725,0.10264064371585846,0.11026658117771149,True
1710807515,fk_qslstm,ema,test,1000060,10,-0.5632012486457825,-0.2558082342147827,-0.248768150806427,True
1710807515,fk_qslstm,ema,test,1000060,11,-0.27422359585762024,-0.36918073892593384,-0.36158257722854614,True
1710807515,fk_qslstm,ema,test,1000060,12,0.9428388476371765,0.27035871148109436,0.2719486355781555,True
1710807515,fk_qslstm,ema,test,1000060,13,-0.7440443634986877,-0.2301396280527115,-0.22718071937561035,True
1710807515,fk_qslstm,ema,test,1000060,14,0.1150144413113594,-0.11510304361581802,-0.1159333884716034,True
1710807515,fk_qslstm,ema,test,1000060,15,-0.4954908490180969,-0.3893769383430481,-0.3881494998931885,True
1710807515,fk_qslstm,ema,test,1000060,16,0.17265914380550385,-0.2079060673713684,-0.20825570821762085,True
1710807515,fk_qslstm,ema,test,1000060,17,0.21234259009361267,-0.03891930729150772,-0.041416823863983154,True
1710807515,fk_qslstm,ema,test,1000060,18,0.0772450789809227,0.015211599878966808,0.012044072151184082,True
1710807515,fk_qslstm,ema,test,1000060,19,-0.3651868402957916,-0.2069428265094757,-0.20680087804794312,True
1710807515,fk_qslstm,ema,test,1000060,20,-0.5996819734573364,-0.5253634452819824,-0.5271763801574707,True
1710807515,fk_qslstm,ema,test,1000060,21,0.250286340713501,-0.27011892199516296,-0.27214473485946655,True
1710807515,fk_qslstm,ema,test,1000060,22,-0.11788662523031235,-0.28682711720466614,-0.286491334438324,True
1710807515,fk_qslstm,ema,test,1000060,23,-0.7506621479988098,-0.6798589825630188,-0.6843900084495544,True
1710807515,fk_qslstm,ema,test,1000060,24,0.32552316784858704,-0.3485732972621918,-0.35273391008377075,True
1710807515,fk_qslstm,ema,test,1000060,25,-0.3209001123905182,-0.4713987112045288,-0.4735003113746643,True
1710807515,fk_qslstm,ema,test,1000060,26,0.4197954535484314,-0.1252416968345642,-0.1301725208759308,True
1710807515,fk_qslstm,ema,test,1000060,27,-0.46733641624450684,-0.38059520721435547,-0.38323187828063965,True
1710807515,fk_qslstm,ema,test,1000060,28,-0.8848744630813599,-0.8354008197784424,-0.8429350256919861,True
1710807515,fk_qslstm,ema,test,1000060,29,0.7941977977752686,-0.1918019950389862,-0.19288277626037598,True
1710807515,fk_qslstm,ema,test,1000060,30,-0.5799150466918945,-0.5013906359672546,-0.5022614598274231,True
1710807515,fk_qslstm,ema,test,1000060,31,-0.4073048532009125,-0.6454954147338867,-0.6489317417144775,True
1710807515,fk_qslstm,ema,test,1000061,0,-0.7537455558776855,-0.4522473216056824,-0.44724327325820923,True
1710807515,fk_qslstm,ema,test,1000061,1,-0.19054357707500458,-0.47612401843070984,-0.48117703199386597,True
1710807515,fk_qslstm,ema,test,1000061,2,-0.37316179275512695,-0.604796290397644,-0.6118770837783813,True
1710807515,fk_qslstm,ema,test,1000061,3,-0.5121402740478516,-0.7911211848258972,-0.7989447712898254,True
1710807515,fk_qslstm,ema,test,1000061,4,0.9839522242546082,-0.04252561926841736,-0.044781893491744995,True
1710807515,fk_qslstm,ema,test,1000061,5,0.7290827631950378,0.40342915058135986,0.4011691212654114,True
1710807515,fk_qslstm,ema,test,1000061,6,-0.2596398890018463,0.16695939004421234,0.16807986795902252,True
1710807515,fk_qslstm,ema,test,1000061,7,0.8120794296264648,0.6208151578903198,0.622782826423645,True
1710807515,fk_qslstm,ema,test,1000061,8,0.28209438920021057,0.6659087538719177,0.6667994856834412,True
1710807515,fk_qslstm,ema,test,1000061,9,-0.5218372344970703,0.21962466835975647,0.2184828370809555,True
1710807515,fk_qslstm,ema,test,1000061,10,0.118570975959301,0.24684232473373413,0.24537718296051025,True
1710807515,fk_qslstm,ema,test,1000061,11,0.979595422744751,0.7852311134338379,0.7877540588378906,True
1710807515,fk_qslstm,ema,test,1000061,12,0.3098309338092804,0.814083456993103,0.8134550452232361,True
1710807515,fk_qslstm,ema,test,1000061,13,0.6639531254768372,1.0496386289596558,1.0531671047210693,True
1710807515,fk_qslstm,ema,test,1000061,14,0.9693702459335327,1.4213330745697021,1.4055368900299072,True
1710807515,fk_qslstm,ema,test,1000061,15,0.9590033888816833,1.7124685049057007,1.6346726417541504,True
1710807515,fk_qslstm,ema,test,1000061,16,0.5181030035018921,1.68083655834198,1.6036643981933594,True
1710807515,fk_qslstm,ema,test,1000061,17,0.42531073093414307,1.599855661392212,1.552675724029541,True
1710807515,fk_qslstm,ema,test,1000061,18,-0.17467930912971497,1.175076961517334,1.1861305236816406,True
1710807515,fk_qslstm,ema,test,1000061,19,-0.7629081010818481,0.4823167324066162,0.4938697814941406,True
1710807515,fk_qslstm,ema,test,1000061,20,-0.7163445949554443,-0.04395335167646408,-0.04856753349304199,True
1710807515,fk_qslstm,ema,test,1000061,21,-0.7139524221420288,-0.4635341167449951,-0.47451603412628174,True
1710807515,fk_qslstm,ema,test,1000061,22,0.4770869314670563,-0.08457513898611069,-0.10213315486907959,True
1710807515,fk_qslstm,ema,test,1000061,23,-0.020717184990644455,-0.08009042590856552,-0.0978456437587738,True
1710807515,fk_qslstm,ema,test,1000061,24,0.6140121817588806,0.30433496832847595,0.28302690386772156,True
1710807515,fk_qslstm,ema,test,1000061,25,0.7503498792648315,0.6936779022216797,0.6779967546463013,True
1710807515,fk_qslstm,ema,test,1000061,26,0.7851386070251465,1.0260255336761475,1.017720103263855,True
1710807515,fk_qslstm,ema,test,1000061,27,0.16004249453544617,0.9168459177017212,0.9069188237190247,True
1710807515,fk_qslstm,ema,test,1000061,28,0.9974241852760315,1.331931233406067,1.315763235092163,True
1710807515,fk_qslstm,ema,test,1000061,29,-0.8179841041564941,0.574754536151886,0.5653682947158813,True
1710807515,fk_qslstm,ema,test,1000061,30,-0.2291046530008316,0.32234081625938416,0.31164294481277466,True
1710807515,fk_qslstm,ema,test,1000061,31,0.7070705890655518,0.6821150183677673,0.6767650842666626,True
1710807515,fk_qslstm,ema,test,1000062,0,0.6689318418502808,0.40135911107063293,0.39935818314552307,True
1710807515,fk_qslstm,ema,test,1000062,1,-0.7006186842918396,-0.09928391873836517,-0.08435961604118347,True
1710807515,fk_qslstm,ema,test,1000062,2,0.206149622797966,0.04426264390349388,0.04515448212623596,True
1710807515,fk_qslstm,ema,test,1000062,3,-0.053555287420749664,0.003276943461969495,0.005092352628707886,True
1710807515,fk_qslstm,ema,test,1000062,4,-0.22072407603263855,-0.12981289625167847,-0.125605046749115,True
1710807515,fk_qslstm,ema,test,1000062,5,0.6547478437423706,0.28899839520454407,0.28975215554237366,True
1710807515,fk_qslstm,ema,test,1000062,6,0.5677886009216309,0.5718718767166138,0.5731201171875,True
1710807515,fk_qslstm,ema,test,1000062,7,0.6558083295822144,0.8509824872016907,0.8560614585876465,True
1710807515,fk_qslstm,ema,test,1000062,8,-0.4176041781902313,0.4302234649658203,0.42950502038002014,True
1710807515,fk_qslstm,ema,test,1000062,9,0.14897440373897552,0.4335634112358093,0.43059399724006653,True
1710807515,fk_qslstm,ema,test,1000062,10,0.5189234018325806,0.6582047939300537,0.6588712930679321,True
1710807515,fk_qslstm,ema,test,1000062,11,-0.2940669655799866,0.35012364387512207,0.35044366121292114,True
1710807515,fk_qslstm,ema,test,1000062,12,0.8487376570701599,0.7893415093421936,0.7945693731307983,True
1710807515,fk_qslstm,ema,test,1000062,13,0.4630589187145233,0.9093085527420044,0.9153906106948853,True
1710807515,fk_qslstm,ema,test,1000062,14,-0.05772851034998894,0.6928097605705261,0.6946039199829102,True
1710807515,fk_qslstm,ema,test,1000062,15,-0.5162873268127441,0.24447539448738098,0.24304300546646118,True
1710807515,fk_qslstm,ema,test,1000062,16,-0.49775469303131104,-0.10307248681783676,-0.10186541080474854,True
1710807515,fk_qslstm,ema,test,1000062,17,0.17554083466529846,0.02286650985479355,0.02465394139289856,True
1710807515,fk_qslstm,ema,test,1000062,18,0.7542916536331177,0.47086820006370544,0.47323331236839294,True
1710807515,fk_qslstm,ema,test,1000062,19,0.45965251326560974,0.6524860858917236,0.6547228097915649,True
1710807515,fk_qslstm,ema,test,1000062,20,0.7314828634262085,0.9608786106109619,0.9680367112159729,True
1710807515,fk_qslstm,ema,test,1000062,21,-0.5736638903617859,0.42450451850891113,0.4243814945220947,True
1710807515,fk_qslstm,ema,test,1000062,22,-0.36059972643852234,0.1232437863945961,0.12295606732368469,True
1710807515,fk_qslstm,ema,test,1000062,23,-0.5237285494804382,-0.21564210951328278,-0.21288126707077026,True
1710807515,fk_qslstm,ema,test,1000062,24,0.7209064960479736,0.26003023982048035,0.2612304389476776,True
1710807515,fk_qslstm,ema,test,1000062,25,-0.6065982580184937,-0.15593478083610535,-0.15159767866134644,True
1710807515,fk_qslstm,ema,test,1000062,26,0.9839774966239929,0.4656386971473694,0.46202966570854187,True
1710807515,fk_qslstm,ema,test,1000062,27,-0.9526374936103821,-0.19907157123088837,-0.19569432735443115,True
1710807515,fk_qslstm,ema,test,1000062,28,0.1614687591791153,-0.0623759962618351,-0.0627095103263855,True
1710807515,fk_qslstm,ema,test,1000062,29,0.6534318327903748,0.34215831756591797,0.3407633304595947,True
1710807515,fk_qslstm,ema,test,1000062,30,-0.8191194534301758,-0.21774502098560333,-0.21624970436096191,True
1710807515,fk_qslstm,ema,test,1000062,31,-0.1622830629348755,-0.27156585454940796,-0.2688588500022888,True
1710807515,fk_qslstm,ema,test,1000063,0,0.6146610975265503,0.3687966465950012,0.3675840198993683,True
1710807515,fk_qslstm,ema,test,1000063,1,-0.39802518486976624,0.05622222274541855,0.07009030878543854,True
1710807515,fk_qslstm,ema,test,1000063,2,-0.2626514732837677,-0.11261311173439026,-0.10563668608665466,True
1710807515,fk_qslstm,ema,test,1000063,3,-0.9423626065254211,-0.6555080413818359,-0.6516706347465515,True
1710807515,fk_qslstm,ema,test,1000063,4,-0.6552521586418152,-0.9175577163696289,-0.9195523858070374,True
1710807515,fk_qslstm,ema,test,1000063,5,-0.3585776388645172,-0.9491927623748779,-0.9515873789787292,True
1710807515,fk_qslstm,ema,test,1000063,6,0.41375818848609924,-0.5110992789268494,-0.5089460015296936,True
1710807515,fk_qslstm,ema,test,1000063,7,0.5563320517539978,-0.07508020102977753,-0.07509195804595947,True
1710807515,fk_qslstm,ema,test,1000063,8,-0.5310256481170654,-0.3786795437335968,-0.37734925746917725,True
1710807515,fk_qslstm,ema,test,1000063,9,-0.35244545340538025,-0.5144109129905701,-0.5133153796195984,True
1710807515,fk_qslstm,ema,test,1000063,10,-0.5048290491104126,-0.7144261598587036,-0.7147932648658752,True
1710807515,fk_qslstm,ema,test,1000063,11,-0.9642189145088196,-1.1500722169876099,-1.146895408630371,True
1710807515,fk_qslstm,ema,test,1000063,12,-0.8706805109977722,-1.442466139793396,-1.4219286441802979,True
1710807515,fk_qslstm,ema,test,1000063,13,0.9416850805282593,-0.5889618992805481,-0.5822252035140991,True
1710807515,fk_qslstm,ema,test,1000063,14,0.7505121827125549,-0.020862193778157234,-0.020719796419143677,True
1710807515,fk_qslstm,ema,test,1000063,15,0.5964837074279785,0.34120047092437744,0.3399759531021118,True
1710807515,fk_qslstm,ema,test,1000063,16,-0.4243614673614502,0.018343491479754448,0.02272820472717285,True
1710807515,fk_qslstm,ema,test,1000063,17,0.2280619889497757,0.15151198208332062,0.15384653210639954,True
1710807515,fk_qslstm,ema,test,1000063,18,-0.9322806596755981,-0.4381588101387024,-0.4322425127029419,True
1710807515,fk_qslstm,ema,test,1000063,19,-0.14271043241024017,-0.4361533224582672,-0.42799854278564453,True
1710807515,fk_qslstm,ema,test,1000063,20,-0.050260305404663086,-0.37907883524894714,-0.3680728077888489,True
1710807515,fk_qslstm,ema,test,1000063,21,0.4891323745250702,-0.009783651679754257,-0.0030510425567626953,True
1710807515,fk_qslstm,ema,test,1000063,22,-0.02345510944724083,-0.021899987012147903,-0.014994293451309204,True
1710807515,fk_qslstm,ema,test,1000063,23,0.6404311656951904,0.3667387068271637,0.36940470337867737,True
1710807515,fk_qslstm,ema,test,1000063,24,0.2043587565422058,0.4160062074661255,0.41653990745544434,True
1710807515,fk_qslstm,ema,test,1000063,25,-0.028490396216511726,0.31571072340011597,0.3157883286476135,True
1710807515,fk_qslstm,ema,test,1000063,26,-0.15178042650222778,0.16150033473968506,0.16418766975402832,True
1710807515,fk_qslstm,ema,test,1000063,27,-0.9832027554512024,-0.4607214033603668,-0.4542239308357239,True
1710807515,fk_qslstm,ema,test,1000063,28,-0.826114296913147,-0.8642457127571106,-0.8639641404151917,True
1710807515,fk_qslstm,ema,test,1000063,29,0.45662325620651245,-0.4174225926399231,-0.41103190183639526,True
1710807515,fk_qslstm,ema,test,1000063,30,-0.8711729049682617,-0.8566418290138245,-0.8553891777992249,True
1710807515,fk_qslstm,ema,test,1000063,31,0.74940025806427,-0.23567330837249756,-0.2294941544532776,True
1710807515,fk_qslstm,ema,test,1000064,0,0.25927671790122986,0.1555660218000412,0.15565109252929688,True
1710807515,fk_qslstm,ema,test,1000064,1,0.4416693449020386,0.3894544243812561,0.38815024495124817,True
1710807515,fk_qslstm,ema,test,1000064,2,0.6532331705093384,0.703503429889679,0.6995475888252258,True
1710807515,fk_qslstm,ema,test,1000064,3,0.20453333854675293,0.685522735118866,0.6808367967605591,True
1710807515,fk_qslstm,ema,test,1000064,4,0.9737829566001892,1.1326879262924194,1.1310596466064453,True
1710807515,fk_qslstm,ema,test,1000064,5,-0.027614250779151917,0.8895817995071411,0.8851802945137024,True
1710807515,fk_qslstm,ema,test,1000064,6,-0.6882364153862,0.29872360825538635,0.28925979137420654,True
1710807515,fk_qslstm,ema,test,1000064,7,0.7795616984367371,0.7067158818244934,0.7025596499443054,True
1710807515,fk_qslstm,ema,test,1000064,8,0.5001258850097656,0.8654482364654541,0.8650683760643005,True
1710807515,fk_qslstm,ema,test,1000064,9,-0.44028419256210327,0.4281880855560303,0.4224238991737366,True
1710807515,fk_qslstm,ema,test,1000064,10,0.8855626583099365,0.8738880753517151,0.8743864893913269,True
1710807515,fk_qslstm,ema,test,1000064,11,0.05657665804028511,0.7330564260482788,0.729763388633728,True
1710807515,fk_qslstm,ema,test,1000064,12,-0.026248566806316376,0.5706959962844849,0.5647015571594238,True
1710807515,fk_qslstm,ema,test,1000064,13,0.5393109321594238,0.7801433801651001,0.7789080142974854,True
1710807515,fk_qslstm,ema,test,1000064,14,-0.023211149498820305,0.6101880073547363,0.6073346734046936,True
1710807515,fk_qslstm,ema,test,1000064,15,-0.578844428062439,0.1408437341451645,0.13744720816612244,True
1710807515,fk_qslstm,ema,test,1000064,16,0.9381119608879089,0.6755421757698059,0.6741767525672913,True
1710807515,fk_qslstm,ema,test,1000064,17,-0.743697464466095,0.09421525150537491,0.09203118085861206,True
1710807515,fk_qslstm,ema,test,1000064,18,-0.8824043869972229,-0.45407041907310486,-0.45850908756256104,True
1710807515,fk_qslstm,ema,test,1000064,19,-0.658021867275238,-0.7580694556236267,-0.7650937438011169,True
1710807515,fk_qslstm,ema,test,1000064,20,-0.7555734515190125,-1.0597996711730957,-1.0673861503601074,True
1710807515,fk_qslstm,ema,test,1000064,21,0.8968743681907654,-0.30971506237983704,-0.30789798498153687,True
1710807515,fk_qslstm,ema,test,1000064,22,0.06760281324386597,-0.20721036195755005,-0.20537471771240234,True
1710807515,fk_qslstm,ema,test,1000064,23,0.7772687077522278,0.30059292912483215,0.29807424545288086,True
1710807515,fk_qslstm,ema,test,1000064,24,-0.5841193795204163,-0.10999728739261627,-0.10892444849014282,True
1710807515,fk_qslstm,ema,test,1000064,25,-0.14716269075870514,-0.1762954443693161,-0.17426109313964844,True
1710807515,fk_qslstm,ema,test,1000064,26,0.9938924908638,0.45529913902282715,0.45158320665359497,True
1710807515,fk_qslstm,ema,test,1000064,27,-0.9354362487792969,-0.1970224529504776,-0.19514641165733337,True
1710807515,fk_qslstm,ema,test,1000064,28,-0.8347190022468567,-0.6584493517875671,-0.663709282875061,True
1710807515,fk_qslstm,ema,test,1000064,29,-0.14934487640857697,-0.616366446018219,-0.6178907155990601,True
1710807515,fk_qslstm,ema,test,1000064,30,-0.6932576894760132,-0.9090477824211121,-0.9138661026954651,True
1710807515,fk_qslstm,ema,test,1000064,31,-0.6614882946014404,-1.124131202697754,-1.1302731037139893,True
1710807515,fk_qslstm,ema,test,1000065,0,0.01177503913640976,0.007065023761242628,0.008020907640457153,True
1710807515,fk_qslstm,ema,test,1000065,1,-0.14134378731250763,-0.07915425300598145,-0.07510438561439514,True
1710807515,fk_qslstm,ema,test,1000065,2,0.2532246708869934,0.08861140161752701,0.08383674919605255,True
1710807515,fk_qslstm,ema,test,1000065,3,-0.41591933369636536,-0.1786624789237976,-0.1782819628715515,True
1710807515,fk_qslstm,ema,test,1000065,4,0.8493508100509644,0.3666805028915405,0.36398518085479736,True
1710807515,fk_qslstm,ema,test,1000065,5,0.9298168420791626,0.851234495639801,0.8533845543861389,True
1710807515,fk_qslstm,ema,test,1000065,6,0.18410524725914001,0.7914507389068604,0.7887496948242188,True
1710807515,fk_qslstm,ema,test,1000065,7,-0.5387744307518005,0.30989596247673035,0.3019423484802246,True
1710807515,fk_qslstm,ema,test,1000065,8,-0.6768894791603088,-0.1582169383764267,-0.16557523608207703,True
1710807515,fk_qslstm,ema,test,1000065,9,0.9372345805168152,0.43576720356941223,0.42714741826057434,True
1710807515,fk_qslstm,ema,test,1000065,10,0.6400359272956848,0.7326353192329407,0.7288769483566284,True
1710807515,fk_qslstm,ema,test,1000065,11,-0.9486391544342041,0.016924748197197914,0.01803356409072876,True
1710807515,fk_qslstm,ema,test,1000065,12,0.04613050818443298,0.041218101978302,0.04166647791862488,True
1710807515,fk_qslstm,ema,test,1000065,13,0.9323812127113342,0.5924031734466553,0.5935177803039551,True
1710807515,fk_qslstm,ema,test,1000065,14,0.9670678377151489,1.0541632175445557,1.057645320892334,True
1710807515,fk_qslstm,ema,test,1000065,15,0.11568793654441833,0.912743330001831,0.9111631512641907,True
1710807515,fk_qslstm,ema,test,1000065,16,0.4065025746822357,0.9740962386131287,0.9741342663764954,True
1710807515,fk_qslstm,ema,test,1000065,17,-0.8976740837097168,0.2406725287437439,0.23910635709762573,True
1710807515,fk_qslstm,ema,test,1000065,18,-0.8935248851776123,-0.34357690811157227,-0.3453831076622009,True
1710807515,fk_qslstm,ema,test,1000065,19,0.7334240078926086,0.1651928871870041,0.16425061225891113,True
1710807515,fk_qslstm,ema,test,1000065,20,0.22301766276359558,0.26596489548683167,0.26541146636009216,True
1710807515,fk_qslstm,ema,test,1000065,21,-0.2584657669067383,0.057692453265190125,0.06019948422908783,True
1710807515,fk_qslstm,ema,test,1000065,22,-0.23186078667640686,-0.09296250343322754,-0.08727487921714783,True
1710807515,fk_qslstm,ema,test,1000065,23,-0.5944854021072388,-0.4310612380504608,-0.4259079694747925,True
1710807515,fk_qslstm,ema,test,1000065,24,-0.9540104269981384,-0.9172552824020386,-0.9154301285743713,True
1710807515,fk_qslstm,ema,test,1000065,25,-0.30481019616127014,-0.9166903495788574,-0.9152281880378723,True
1710807515,fk_qslstm,ema,test,1000065,26,0.8197729587554932,-0.2414885014295578,-0.23298698663711548,True
1710807515,fk_qslstm,ema,test,1000065,27,0.823449432849884,0.3008788824081421,0.30410057306289673,True
1710807515,fk_qslstm,ema,test,1000065,28,0.9775754809379578,0.8272483944892883,0.830393373966217,True
1710807515,fk_qslstm,ema,test,1000065,29,-0.3513818085193634,0.4509696364402771,0.4466800093650818,True
1710807515,fk_qslstm,ema,test,1000065,30,0.9326068758964539,0.920339822769165,0.9204245805740356,True
1710807515,fk_qslstm,ema,test,1000065,31,-0.5990284085273743,0.376854807138443,0.36909982562065125,True
1710807515,fk_qslstm,ema,test,1000066,0,0.9927272200584412,0.5956363081932068,0.5793473124504089,True
1710807515,fk_qslstm,ema,test,1000066,1,-0.6957923769950867,0.05903363227844238,0.0618385374546051,True
1710807515,fk_qslstm,ema,test,1000066,2,0.6753085851669312,0.45241206884384155,0.4446428716182709,True
1710807515,fk_qslstm,ema,test,1000066,3,-0.872756838798523,-0.16172446310520172,-0.16559350490570068,True
1710807515,fk_qslstm,ema,test,1000066,4,-0.3692302405834198,-0.3509177267551422,-0.3544626832008362,True
1710807515,fk_qslstm,ema,test,1000066,5,0.053605932742357254,-0.24857062101364136,-0.24975168704986572,True
1710807515,fk_qslstm,ema,test,1000066,6,-0.30278781056404114,-0.3805291950702667,-0.3788169026374817,True
1710807515,fk_qslstm,ema,test,1000066,7,-0.5918022394180298,-0.6595046520233154,-0.6611936688423157,True
1710807515,fk_qslstm,ema,test,1000066,8,-0.08948839455842972,-0.5812968015670776,-0.5815063118934631,True
1710807515,fk_qslstm,ema,test,1000066,9,-0.8241130113601685,-0.9595052599906921,-0.9637039303779602,True
1710807515,fk_qslstm,ema,test,1000066,10,-0.11389977484941483,-0.8359440565109253,-0.8409109711647034,True
1710807515,fk_qslstm,ema,test,1000066,11,-0.33614638447761536,-0.8704430460929871,-0.8763793110847473,True
1710807515,fk_qslstm,ema,test,1000066,12,-0.8714935779571533,-1.2192505598068237,-1.2210452556610107,True
1710807515,fk_qslstm,ema,test,1000066,13,-0.9066524505615234,-1.5193920135498047,-1.4943211078643799,True
1710807515,fk_qslstm,ema,test,1000066,14,-0.9625317454338074,-1.7930326461791992,-1.7086637020111084,True
1710807515,fk_qslstm,ema,test,1000066,15,0.2562001049518585,-1.2807060480117798,-1.274965763092041,True
1710807515,fk_qslstm,ema,test,1000066,16,0.5362811088562012,-0.7027961611747742,-0.7209276556968689,True
1710807515,fk_qslstm,ema,test,1000066,17,0.13497133553028107,-0.48125413060188293,-0.49188703298568726,True
1710807515,fk_qslstm,ema,test,1000066,18,-0.8352397084236145,-0.886147141456604,-0.8986783623695374,True
1710807515,fk_qslstm,ema,test,1000066,19,0.6910783052444458,-0.29427072405815125,-0.2910075783729553,True
1710807515,fk_qslstm,ema,test,1000066,20,-0.0057479399256408215,-0.23886533081531525,-0.22929781675338745,True
1710807515,fk_qslstm,ema,test,1000066,21,-0.2027544379234314,-0.31274494528770447,-0.30039793252944946,True
1710807515,fk_qslstm,ema,test,1000066,22,-0.9089776873588562,-0.7955825328826904,-0.7885516285896301,True
1710807515,fk_qslstm,ema,test,1000066,23,-0.6956833004951477,-1.0538760423660278,-1.05194091796875,True
1710807515,fk_qslstm,ema,test,1000066,24,-0.8238828182220459,-1.337430477142334,-1.3274588584899902,True
1710807515,fk_qslstm,ema,test,1000066,25,-0.5803834795951843,-1.4181745052337646,-1.4065337181091309,True
1710807515,fk_qslstm,ema,test,1000066,26,0.9244863986968994,-0.5798477530479431,-0.5783072113990784,True
1710807515,fk_qslstm,ema,test,1000066,27,-0.050859395414590836,-0.49439382553100586,-0.4938543438911438,True
1710807515,fk_qslstm,ema,test,1000066,28,0.40050140023231506,-0.15521423518657684,-0.15203961730003357,True
1710807515,fk_qslstm,ema,test,1000066,29,-0.17622509598731995,-0.22990643978118896,-0.22071969509124756,True
1710807515,fk_qslstm,ema,test,1000066,30,0.3379521071910858,0.018846116960048676,0.024957358837127686,True
1710807515,fk_qslstm,ema,test,1000066,31,0.009883226826786995,0.021006830036640167,0.028499126434326172,True
1710807515,fk_qslstm,ema,test,1000067,0,0.035304419696331024,0.021182650700211525,0.022026032209396362,True
1710807515,fk_qslstm,ema,test,1000067,1,-0.4678085446357727,-0.2637389898300171,-0.2580100893974304,True
1710807515,fk_qslstm,ema,test,1000067,2,0.2027941644191742,-0.08931470662355423,-0.09295335412025452,True
1710807515,fk_qslstm,ema,test,1000067,3,0.1945580542087555,0.04528307169675827,0.04122895002365112,True
1710807515,fk_qslstm,ema,test,1000067,4,-0.8588247299194336,-0.4790683686733246,-0.4825485348701477,True
1710807515,fk_qslstm,ema,test,1000067,5,-0.05871398746967316,-0.41848307847976685,-0.4193633198738098,True
1710807515,fk_qslstm,ema,test,1000067,6,0.9219955205917358,0.21841084957122803,0.21469298005104065,True
1710807515,fk_qslstm,ema,test,1000067,7,0.029967760667204857,0.19270934164524078,0.18993699550628662,True
1710807515,fk_qslstm,ema,test,1000067,8,0.8051531314849854,0.6372593641281128,0.6356427669525146,True
1710807515,fk_qslstm,ema,test,1000067,9,-0.11588512361049652,0.4402763843536377,0.43681642413139343,True
1710807515,fk_qslstm,ema,test,1000067,10,0.5124898552894592,0.6597150564193726,0.6575040817260742,True
1710807515,fk_qslstm,ema,test,1000067,11,-0.1684848517179489,0.42668113112449646,0.42420026659965515,True
1710807515,fk_qslstm,ema,test,1000067,12,0.21035072207450867,0.46755534410476685,0.4645857810974121,True
1710807515,fk_qslstm,ema,test,1000067,13,-0.22810526192188263,0.23718111217021942,0.2378171682357788,True
1710807515,fk_qslstm,ema,test,1000067,14,0.25426241755485535,0.3423023521900177,0.3425391912460327,True
1710807515,fk_qslstm,ema,test,1000067,15,-0.9954432249069214,-0.3234240710735321,-0.3149089813232422,True
1710807515,fk_qslstm,ema,test,1000067,16,0.24534454941749573,-0.11153251677751541,-0.10369575023651123,True
1710807515,fk_qslstm,ema,test,1000067,17,0.08537408709526062,-0.03800155594944954,-0.028792858123779297,True
1710807515,fk_qslstm,ema,test,1000067,18,0.5016023516654968,0.2705601453781128,0.275632381439209,True
1710807515,fk_qslstm,ema,test,1000067,19,-0.8857929706573486,-0.31502765417099,-0.30733197927474976,True
1710807515,fk_qslstm,ema,test,1000067,20,-0.7369816899299622,-0.6942111253738403,-0.6939703822135925,True
1710807515,fk_qslstm,ema,test,1000067,21,0.6618478894233704,-0.15826018154621124,-0.15321683883666992,True
1710807515,fk_qslstm,ema,test,1000067,22,-0.7165419459342957,-0.5565333366394043,-0.5530332922935486,True
1710807515,fk_qslstm,ema,test,1000067,23,-0.35183221101760864,-0.6563259959220886,-0.6551763415336609,True
1710807515,fk_qslstm,ema,test,1000067,24,0.2666126489639282,-0.3650932013988495,-0.36249929666519165,True
1710807515,fk_qslstm,ema,test,1000067,25,-0.6409273147583008,-0.676630973815918,-0.6780052781105042,True
1710807515,fk_qslstm,ema,test,1000067,26,-0.5591161847114563,-0.8767744898796082,-0.8827511668205261,True
1710807515,fk_qslstm,ema,test,1000067,27,0.4222313463687897,-0.44808077812194824,-0.44981449842453003,True
1710807515,fk_qslstm,ema,test,1000067,28,0.9239456057548523,0.1959027498960495,0.18862056732177734,True
1710807515,fk_qslstm,ema,test,1000067,29,-0.49395397305488586,-0.13965018093585968,-0.14283517003059387,True
1710807515,fk_qslstm,ema,test,1000067,30,0.5239217281341553,0.20263288915157318,0.19455808401107788,True
1710807515,fk_qslstm,ema,test,1000067,31,0.29544487595558167,0.33937326073646545,0.331231951713562,True
1710807515,fk_qslstm,ema,test,1000068,0,0.988520622253418,0.5931123495101929,0.5771485567092896,True
1710807515,fk_qslstm,ema,test,1000068,1,0.48360762000083923,0.7646544575691223,0.7612056732177734,True
1710807515,fk_qslstm,ema,test,1000068,2,0.07643841952085495,0.6575866341590881,0.6491954922676086,True
1710807515,fk_qslstm,ema,test,1000068,3,0.089886374771595,0.5800011157989502,0.5685604214668274,True
1710807515,fk_qslstm,ema,test,1000068,4,-0.72288578748703,0.03026941977441311,0.019103944301605225,True
1710807515,fk_qslstm,ema,test,1000068,5,-0.2244381457567215,-0.11044735461473465,-0.11639928817749023,True
1710807515,fk_qslstm,ema,test,1000068,6,0.9090211987495422,0.45705482363700867,0.4511430859565735,True
1710807515,fk_qslstm,ema,test,1000068,7,0.915820837020874,0.9151363372802734,0.9149856567382812,True
1710807515,fk_qslstm,ema,test,1000068,8,-0.5040991902351379,0.42964956164360046,0.42121490836143494,True
1710807515,fk_qslstm,ema,test,1000068,9,0.5074841380119324,0.6482101082801819,0.640001118183136,True
1710807515,fk_qslstm,ema,test,1000068,10,0.045803118497133255,0.546049952507019,0.5378044843673706,True
1710807515,fk_qslstm,ema,test,1000068,11,0.921386182308197,0.9896717071533203,0.9887391328811646,True
1710807515,fk_qslstm,ema,test,1000068,12,0.14604586362838745,0.8793648481369019,0.8753941655158997,True
1710807515,fk_qslstm,ema,test,1000068,13,0.6176292896270752,1.0740694999694824,1.0748589038848877,True
1710807515,fk_qslstm,ema,test,1000068,14,-0.1681591272354126,0.7583600878715515,0.7559241056442261,True
1710807515,fk_qslstm,ema,test,1000068,15,0.9984374642372131,1.205750584602356,1.204343318939209,True
1710807515,fk_qslstm,ema,test,1000068,16,0.7512844800949097,1.4153711795806885,1.3988356590270996,True
1710807515,fk_qslstm,ema,test,1000068,17,-0.2448265552520752,0.9854009747505188,0.9840872883796692,True
1710807515,fk_qslstm,ema,test,1000068,18,-0.46115347743034363,0.5116286873817444,0.5059173703193665,True
1710807515,fk_qslstm,ema,test,1000068,19,0.7624699473381042,0.866784930229187,0.8679379820823669,True
1710807515,fk_qslstm,ema,test,1000068,20,-0.8045480251312256,0.21069911122322083,0.20445001125335693,True
1710807515,fk_qslstm,ema,test,1000068,21,-0.0016948276897892356,0.16754238307476044,0.15883108973503113,True
1710807515,fk_qslstm,ema,test,1000068,22,-0.5219154953956604,-0.1791153848171234,-0.18346858024597168,True
1710807515,fk_qslstm,ema,test,1000068,23,0.5076481103897095,0.161296546459198,0.15419241786003113,True
1710807515,fk_qslstm,ema,test,1000068,24,-0.6143673062324524,-0.23958316445350647,-0.24285846948623657,True
1710807515,fk_qslstm,ema,test,1000068,25,0.04132542386651039,-0.16687127947807312,-0.17025724053382874,True
1710807515,fk_qslstm,ema,test,1000068,26,-0.5880169868469238,-0.4863072335720062,-0.48909568786621094,True
1710807515,fk_qslstm,ema,test,1000068,27,-0.5317200422286987,-0.7080777883529663,-0.7133353352546692,True
1710807515,fk_qslstm,ema,test,1000068,28,0.09243771433830261,-0.5109996199607849,-0.513640820980072,True
1710807515,fk_qslstm,ema,test,1000068,29,0.7663879990577698,0.05103309080004692,0.046868592500686646,True
1710807515,fk_qslstm,ema,test,1000068,30,0.5245835185050964,0.3555765748023987,0.34869253635406494,True
1710807515,fk_qslstm,ema,test,1000068,31,0.07693522423505783,0.3306224048137665,0.32307446002960205,True
1710807515,fk_qslstm,ema,test,1000069,0,0.18299812078475952,0.1097988709807396,0.11006169021129608,True
1710807515,fk_qslstm,ema,test,1000069,1,0.4560300409793854,0.36145713925361633,0.3586800992488861,True
1710807515,fk_qslstm,ema,test,1000069,2,0.4974232316017151,0.5876196622848511,0.580167293548584,True
1710807515,fk_qslstm,ema,test,1000069,3,-0.5468876361846924,0.1419631391763687,0.13662660121917725,True
1710807515,fk_qslstm,ema,test,1000069,4,0.9481908082962036,0.6824849843978882,0.6776064038276672,True
1710807515,fk_qslstm,ema,test,1000069,5,0.23807203769683838,0.6888312101364136,0.6828793287277222,True
1710807515,fk_qslstm,ema,test,1000069,6,-0.012562666088342667,0.543527364730835,0.5362220406532288,True
1710807515,fk_qslstm,ema,test,1000069,7,0.0036933296360075474,0.4370378851890564,0.4307931959629059,True
1710807515,fk_qslstm,ema,test,1000069,8,0.22563426196575165,0.48501086235046387,0.4803297817707062,True
1710807515,fk_qslstm,ema,test,1000069,9,-0.535614550113678,0.0666399672627449,0.06542597711086273,True
1710807515,fk_qslstm,ema,test,1000069,10,-0.7154934406280518,-0.3759841024875641,-0.37741559743881226,True
1710807515,fk_qslstm,ema,test,1000069,11,-0.1677526831626892,-0.4014388918876648,-0.3979266881942749,True
1710807515,fk_qslstm,ema,test,1000069,12,-0.297171026468277,-0.49945372343063354,-0.49267059564590454,True
1710807515,fk_qslstm,ema,test,1000069,13,0.5856143236160278,-0.04819437488913536,-0.043443530797958374,True
1710807515,fk_qslstm,ema,test,1000069,14,-0.8794718980789185,-0.5662386417388916,-0.5624192357063293,True
1710807515,fk_qslstm,ema,test,1000069,15,0.21170109510421753,-0.32597026228904724,-0.32455092668533325,True
1710807515,fk_qslstm,ema,test,1000069,16,0.4509715139865875,0.009806687012314796,0.007905185222625732,True
1710807515,fk_qslstm,ema,test,1000069,17,-0.9395481944084167,-0.5558835864067078,-0.5563531517982483,True
1710807515,fk_qslstm,ema,test,1000069,18,-0.44714805483818054,-0.712995707988739,-0.7161703705787659,True
1710807515,fk_qslstm,ema,test,1000069,19,-0.9441952109336853,-1.1369136571884155,-1.1366982460021973,True
1710807515,fk_qslstm,ema,test,1000069,20,-0.5966173410415649,-1.2675013542175293,-1.266145944595337,True
1710807515,fk_qslstm,ema,test,1000069,21,-0.10148287564516068,-1.0748908519744873,-1.0818722248077393,True
1710807515,fk_qslstm,ema,test,1000069,22,0.706802248954773,-0.4358312785625458,-0.4346078038215637,True
1710807515,fk_qslstm,ema,test,1000069,23,-0.5588082671165466,-0.6839500069618225,-0.685135006904602,True
1710807515,fk_qslstm,ema,test,1000069,24,0.9178737998008728,0.0035642937291413546,0.004487395286560059,True
1710807515,fk_qslstm,ema,test,1000069,25,0.5132032036781311,0.3107733726501465,0.31075137853622437,True
1710807515,fk_qslstm,ema,test,1000069,26,-0.22901463508605957,0.11120990663766861,0.11458075046539307,True
1710807515,fk_qslstm,ema,test,1000069,27,0.1087021753191948,0.15418922901153564,0.15675494074821472,True
1710807515,fk_qslstm,ema,test,1000069,28,0.3269001543521881,0.3194914758205414,0.32081541419029236,True
1710807515,fk_qslstm,ema,test,1000069,29,-0.7489215135574341,-0.1937597393989563,-0.19049882888793945,True
1710807515,fk_qslstm,ema,test,1000069,30,0.4338420331478119,0.10529743134975433,0.10521876811981201,True
1710807515,fk_qslstm,ema,test,1000069,31,0.5227684378623962,0.39789900183677673,0.3978870213031769,True
1710807515,fk_qslstm,ema,test,1000070,0,0.09792891144752502,0.05875734984874725,0.05932174623012543,True
1710807515,fk_qslstm,ema,test,1000070,1,0.04694589227437973,0.07517341524362564,0.07657639682292938,True
1710807515,fk_qslstm,ema,test,1000070,2,-0.17698505520820618,-0.04605230316519737,-0.046765029430389404,True
1710807515,fk_qslstm,ema,test,1000070,3,0.7678982615470886,0.4238971173763275,0.4213317036628723,True
1710807515,fk_qslstm,ema,test,1000070,4,0.430908739566803,0.5976629257202148,0.5958346128463745,True
1710807515,fk_qslstm,ema,test,1000070,5,-0.13863039016723633,0.39495208859443665,0.3927820920944214,True
1710807515,fk_qslstm,ema,test,1000070,6,-0.5883155465126038,-0.03702765330672264,-0.037463098764419556,True
1710807515,fk_qslstm,ema,test,1000070,7,0.6862798929214478,0.38214579224586487,0.3814244866371155,True
1710807515,fk_qslstm,ema,test,1000070,8,0.5929543972015381,0.6614892482757568,0.6645411252975464,True
1710807515,fk_qslstm,ema,test,1000070,9,0.8757933378219604,1.054667353630066,1.0619378089904785,True
1710807515,fk_qslstm,ema,test,1000070,10,0.06707069277763367,0.8839763402938843,0.8871418833732605,True
1710807515,fk_qslstm,ema,test,1000070,11,0.28259801864624023,0.8767398595809937,0.8795514106750488,True
1710807515,fk_qslstm,ema,test,1000070,12,-0.3648945987224579,0.48245513439178467,0.47962820529937744,True
1710807515,fk_qslstm,ema,test,1000070,13,0.6210055947303772,0.7585674524307251,0.7602860927581787,True
1710807515,fk_qslstm,ema,test,1000070,14,-0.6819459199905396,0.19768641889095306,0.1964617818593979,True
1710807515,fk_qslstm,ema,test,1000070,15,0.8384629487991333,0.6612269282341003,0.6617342829704285,True
1710807515,fk_qslstm,ema,test,1000070,16,0.8832792639732361,1.0589491128921509,1.0648548603057861,True
1710807515,fk_qslstm,ema,test,1000070,17,-0.39927971363067627,0.607591450214386,0.6058932542800903,True
1710807515,fk_qslstm,ema,test,1000070,18,0.418542742729187,0.7371988296508789,0.7357563972473145,True
1710807515,fk_qslstm,ema,test,1000070,19,-0.008307075127959251,0.5847747921943665,0.5811347961425781,True
1710807515,fk_qslstm,ema,test,1000070,20,-0.4870733618736267,0.1755758374929428,0.17156457901000977,True
1710807515,fk_qslstm,ema,test,1000070,21,-0.08698666095733643,0.08826866745948792,0.08762410283088684,True
1710807515,fk_qslstm,ema,test,1000070,22,-0.4941304922103882,-0.22586335241794586,-0.22207111120224,True
1710807515,fk_qslstm,ema,test,1000070,23,-0.0808204784989357,-0.22918297350406647,-0.2230468988418579,True
1710807515,fk_qslstm,ema,test,1000070,24,0.2091924399137497,-0.057830918580293655,-0.053632766008377075,True
1710807515,fk_qslstm,ema,test,1000070,25,-0.22905148565769196,-0.18369562923908234,-0.1770080327987671,True
1710807515,fk_qslstm,ema,test,1000070,26,-0.4840432405471802,-0.43738242983818054,-0.43168503046035767,True
1710807515,fk_qslstm,ema,test,1000070,27,-0.7355526089668274,-0.7912375330924988,-0.7916662096977234,True
1710807515,fk_qslstm,ema,test,1000070,28,0.0826803520321846,-0.5833818316459656,-0.5825415849685669,True
1710807515,fk_qslstm,ema,test,1000070,29,0.7809649705886841,0.0018735541962087154,0.0015580058097839355,True
1710807515,fk_qslstm,ema,test,1000070,30,-0.5221737623214722,-0.3118054270744324,-0.31002193689346313,True
1710807515,fk_qslstm,ema,test,1000070,31,-0.507878303527832,-0.5541713237762451,-0.5557376742362976,True
1710807515,fk_qslstm,ema,test,1000071,0,0.8376277089118958,0.5025766491889954,0.49560073018074036,True
1710807515,fk_qslstm,ema,test,1000071,1,0.7603108882904053,0.8582478761672974,0.8663095235824585,True
1710807515,fk_qslstm,ema,test,1000071,2,-0.4125688970088959,0.43905696272850037,0.4376918077468872,True
1710807515,fk_qslstm,ema,test,1000071,3,-0.19865474104881287,0.23205271363258362,0.22754526138305664,True
1710807515,fk_qslstm,ema,test,1000071,4,-0.5842428803443909,-0.16490356624126434,-0.16757309436798096,True
1710807515,fk_qslstm,ema,test,1000071,5,0.11414684355258942,-0.06343474239110947,-0.06600695848464966,True
1710807515,fk_qslstm,ema,test,1000071,6,-0.9668108224868774,-0.6308342814445496,-0.6313121318817139,True
1710807515,fk_qslstm,ema,test,1000071,7,-0.5931234359741211,-0.8605414628982544,-0.8652097582817078,True
1710807515,fk_qslstm,ema,test,1000071,8,0.20780852437019348,-0.5637480616569519,-0.5647192597389221,True
1710807515,fk_qslstm,ema,test,1000071,9,0.12025196105241776,-0.37884727120399475,-0.37948304414749146,True
1710807515,fk_qslstm,ema,test,1000071,10,0.9318312406539917,0.2560209035873413,0.249259352684021,True
1710807515,fk_qslstm,ema,test,1000071,11,0.2504233717918396,0.35507073998451233,0.346510648727417,True
1710807515,fk_qslstm,ema,test,1000071,12,-0.28593626618385315,0.11249484121799469,0.10695698857307434,True
1710807515,fk_qslstm,ema,test,1000071,13,-0.018984228372573853,0.07860533893108368,0.07502701878547668,True
1710807515,fk_qslstm,ema,test,1000071,14,0.1334926038980484,0.14297983050346375,0.14020664989948273,True
1710807515,fk_qslstm,ema,test,1000071,15,0.17306393384933472,0.2182222306728363,0.21532341837882996,True
1710807515,fk_qslstm,ema,test,1000071,16,0.5126295685768127,0.4821555018424988,0.4794609844684601,True
1710807515,fk_qslstm,ema,test,1000071,17,0.13750924170017242,0.4682299494743347,0.4652208387851715,True
1710807515,fk_qslstm,ema,test,1000071,18,-0.5762184262275696,0.0288529172539711,0.027467787265777588,True
1710807515,fk_qslstm,ema,test,1000071,19,-0.6933674216270447,-0.39293813705444336,-0.39502161741256714,True
1710807515,fk_qslstm,ema,test,1000071,20,-0.5232149362564087,-0.6282795071601868,-0.6301571726799011,True
1710807515,fk_qslstm,ema,test,1000071,21,-0.8882207274436951,-1.0355560779571533,-1.0381817817687988,True
1710807515,fk_qslstm,ema,test,1000071,22,0.3568194508552551,-0.6143531203269958,-0.6137993931770325,True
1710807515,fk_qslstm,ema,test,1000071,23,-0.88869708776474,-1.0247007608413696,-1.0285918712615967,True
1710807515,fk_qslstm,ema,test,1000071,24,0.4119293987751007,-0.5726029872894287,-0.5745596885681152,True
1710807515,fk_qslstm,ema,test,1000071,25,-0.5857924222946167,-0.8095578551292419,-0.8163343071937561,True
1710807515,fk_qslstm,ema,test,1000071,26,0.8951935768127441,-0.11053013801574707,-0.1125275194644928,True
1710807515,fk_qslstm,ema,test,1000071,27,0.8279205560684204,0.40832820534706116,0.4042973220348358,True
1710807515,fk_qslstm,ema,test,1000071,28,0.46544942259788513,0.6059322357177734,0.60129314661026,True
1710807515,fk_qslstm,ema,test,1000071,29,-0.35426244139671326,0.27218830585479736,0.2679891884326935,True
1710807515,fk_qslstm,ema,test,1000071,30,-0.5339986085891724,-0.10264851897954941,-0.10452467203140259,True
1710807515,fk_qslstm,ema,test,1000071,31,-0.43599018454551697,-0.3437129259109497,-0.34215646982192993,True
1710807515,fk_qslstm,ema,test,1000072,0,-0.6644800305366516,-0.39868801832199097,-0.3953129053115845,True
1710807515,fk_qslstm,ema,test,1000072,1,0.9521924257278442,0.2523650527000427,0.24019083380699158,True
1710807515,fk_qslstm,ema,test,1000072,2,-0.8075461387634277,-0.2826356589794159,-0.2887381911277771,True
1710807515,fk_qslstm,ema,test,1000072,3,0.4023212194442749,0.015284208580851555,0.006898820400238037,True
1710807515,fk_qslstm,ema,test,1000072,4,0.8175297379493713,0.5027452111244202,0.49692973494529724,True
1710807515,fk_qslstm,ema,test,1000072,5,-0.5090177655220032,0.0967855229973793,0.09432052075862885,True
1710807515,fk_qslstm,ema,test,1000072,6,-0.8627504706382751,-0.4402218461036682,-0.44394659996032715,True
1710807515,fk_qslstm,ema,test,1000072,7,-0.34570252895355225,-0.559598982334137,-0.5601996779441833,True
1710807515,fk_qslstm,ema,test,1000072,8,0.45022276043891907,-0.17754554748535156,-0.17583268880844116,True
1710807515,fk_qslstm,ema,test,1000072,9,0.015180690214037895,-0.1329280287027359,-0.1299692988395691,True
1710807515,fk_qslstm,ema,test,1000072,10,-0.7815412282943726,-0.5752671360969543,-0.5761916041374207,True
1710807515,fk_qslstm,ema,test,1000072,11,-0.8147886395454407,-0.9490869045257568,-0.9555540680885315,True
1710807515,fk_qslstm,ema,test,1000072,12,-0.7836540937423706,-1.2294620275497437,-1.2321608066558838,True
1710807515,fk_qslstm,ema,test,1000072,13,-0.3235224187374115,-1.1776829957962036,-1.1843492984771729,True
1710807515,fk_qslstm,ema,test,1000072,14,0.1589420884847641,-0.8467811942100525,-0.8569664359092712,True
1710807515,fk_qslstm,ema,test,1000072,15,-0.7861531376838684,-1.14911687374115,-1.161545753479004,True
1710807515,fk_qslstm,ema,test,1000072,16,-0.6805053353309631,-1.327596664428711,-1.3344309329986572,True
1710807515,fk_qslstm,ema,test,1000072,17,-0.5246748924255371,-1.3768823146820068,-1.3826680183410645,True
1710807515,fk_qslstm,ema,test,1000072,18,-0.47907543182373047,-1.388951063156128,-1.3982293605804443,True
1710807515,fk_qslstm,ema,test,1000072,19,-0.6022136807441711,-1.4724891185760498,-1.4777984619140625,True
1710807515,fk_qslstm,ema,test,1000072,20,0.034679364413022995,-1.1571836471557617,-1.1837801933288574,True
1710807515,fk_qslstm,ema,test,1000072,21,0.10119088739156723,-0.8650323748588562,-0.8919594883918762,True
1710807515,fk_qslstm,ema,test,1000072,22,-0.012080637738108635,-0.6992743015289307,-0.7138391137123108,True
1710807515,fk_qslstm,ema,test,1000072,23,-0.9057177901268005,-1.102850079536438,-1.1141135692596436,True
1710807515,fk_qslstm,ema,test,1000072,24,-0.7834444642066956,-1.3523467779159546,-1.3530666828155518,True
1710807515,fk_qslstm,ema,test,1000072,25,-0.32851555943489075,-1.2789866924285889,-1.2853245735168457,True
1710807515,fk_qslstm,ema,test,1000072,26,-0.3771827816963196,-1.2494990825653076,-1.2617504596710205,True
1710807515,fk_qslstm,ema,test,1000072,27,0.4400269687175751,-0.7355830669403076,-0.7434647679328918,True
1710807515,fk_qslstm,ema,test,1000072,28,-0.0578470453619957,-0.6231746673583984,-0.6244556903839111,True
1710807515,fk_qslstm,ema,test,1000072,29,-0.09064602106809616,-0.5529273748397827,-0.5468496680259705,True
1710807515,fk_qslstm,ema,test,1000072,30,0.7971453070640564,0.03594528138637543,0.04588449001312256,True
1710807515,fk_qslstm,ema,test,1000072,31,0.35425516963005066,0.24130931496620178,0.24965065717697144,True
1710807515,fk_qslstm,ema,test,1000073,0,0.082247793674469,0.04934867471456528,0.04997926950454712,True
1710807515,fk_qslstm,ema,test,1000073,1,0.9088835120201111,0.5848090648651123,0.5795451402664185,True
1710807515,fk_qslstm,ema,test,1000073,2,-0.06340164691209793,0.42980626225471497,0.42047178745269775,True
1710807515,fk_qslstm,ema,test,1000073,3,-0.26037704944610596,0.18761877715587616,0.18118628859519958,True
1710807515,fk_qslstm,ema,test,1000073,4,0.5131744742393494,0.45799970626831055,0.4525863230228424,True
1710807515,fk_qslstm,ema,test,1000073,5,-0.33659568428993225,0.16444236040115356,0.16362954676151276,True
1710807515,fk_qslstm,ema,test,1000073,6,0.8187693953514099,0.6228154897689819,0.6240058541297913,True
1710807515,fk_qslstm,ema,test,1000073,7,-0.5761536955833435,0.15256017446517944,0.15309956669807434,True
1710807515,fk_qslstm,ema,test,1000073,8,-0.04016023129224777,0.09795200824737549,0.09850513935089111,True
1710807515,fk_qslstm,ema,test,1000073,9,-0.06925886124372482,0.03680628910660744,0.04104781150817871,True
1710807515,fk_qslstm,ema,test,1000073,10,0.8440777063369751,0.5358916521072388,0.5399062633514404,True
1710807515,fk_qslstm,ema,test,1000073,11,-0.7203322052955627,-0.00348597951233387,-2.5510787963867188e-05,True
1710807515,fk_qslstm,ema,test,1000073,12,-0.22868160903453827,-0.13999775052070618,-0.13587316870689392,True
1710807515,fk_qslstm,ema,test,1000073,13,-0.5419754385948181,-0.4371834397315979,-0.432290256023407,True
1710807515,fk_qslstm,ema,test,1000073,14,0.5163503289222717,-0.039936553686857224,-0.037422001361846924,True
1710807515,fk_qslstm,ema,test,1000073,15,-0.6405574679374695,-0.4162836968898773,-0.4134065508842468,True
1710807515,fk_qslstm,ema,test,1000073,16,-0.46784666180610657,-0.6137349605560303,-0.6138818264007568,True
1710807515,fk_qslstm,ema,test,1000073,17,0.2661300599575043,-0.3313099443912506,-0.330859899520874,True
1710807515,fk_qslstm,ema,test,1000073,18,-0.6500047445297241,-0.6550508141517639,-0.6580504179000854,True
1710807515,fk_qslstm,ema,test,1000073,19,-0.6545934677124023,-0.9167967438697815,-0.9251280426979065,True
1710807515,fk_qslstm,ema,test,1000073,20,0.12559236586093903,-0.6580819487571716,-0.6640141606330872,True
1710807515,fk_qslstm,ema,test,1000073,21,0.3051574230194092,-0.34337112307548523,-0.3490093946456909,True
1710807515,fk_qslstm,ema,test,1000073,22,0.18154720962047577,-0.165768563747406,-0.17264050245285034,True
1710807515,fk_qslstm,ema,test,1000073,23,0.27057284116744995,0.0297288466244936,0.020425021648406982,True
1710807515,fk_qslstm,ema,test,1000073,24,0.29457640647888184,0.20052893459796906,0.18962526321411133,True
1710807515,fk_qslstm,ema,test,1000073,25,-0.6456567645072937,-0.22697091102600098,-0.23459309339523315,True
1710807515,fk_qslstm,ema,test,1000073,26,0.7664245367050171,0.2782779932022095,0.2689480483531952,True
1710807515,fk_qslstm,ema,test,1000073,27,0.7162136435508728,0.6523505449295044,0.6479595899581909,True
1710807515,fk_qslstm,ema,test,1000073,28,0.34153783321380615,0.7268031239509583,0.7218899726867676,True
1710807515,fk_qslstm,ema,test,1000073,29,-0.504270076751709,0.2788804769515991,0.27153274416923523,True
1710807515,fk_qslstm,ema,test,1000073,30,0.45781025290489197,0.49779051542282104,0.4907021224498749,True
1710807515,fk_qslstm,ema,test,1000073,31,-0.5618408918380737,0.06112786754965782,0.05787059664726257,True
1710807515,fk_qslstm,ema,test,1000074,0,-0.20804396271705627,-0.12482637912034988,-0.12291654944419861,True
1710807515,fk_qslstm,ema,test,1000074,1,-0.41100889444351196,-0.34646642208099365,-0.3443000912666321,True
1710807515,fk_qslstm,ema,test,1000074,2,0.14300885796546936,-0.19136781990528107,-0.19551849365234375,True
1710807515,fk_qslstm,ema,test,1000074,3,-0.5895628929138184,-0.5068320035934448,-0.510528028011322,True
1710807515,fk_qslstm,ema,test,1000074,4,0.7841406464576721,0.06501878052949905,0.06189945340156555,True
1710807515,fk_qslstm,ema,test,1000074,5,0.5137239098548889,0.3602493703365326,0.35656729340553284,True
1710807515,fk_qslstm,ema,test,1000074,6,0.6123039722442627,0.6555818915367126,0.6538749933242798,True
1710807515,fk_qslstm,ema,test,1000074,7,-0.7793045043945312,0.05688280612230301,0.05550546944141388,True
1710807515,fk_qslstm,ema,test,1000074,8,-0.2030857652425766,-0.07634521275758743,-0.07504463195800781,True
1710807515,fk_qslstm,ema,test,1000074,9,0.009507901966571808,-0.05537142977118492,-0.050873011350631714,True
1710807515,fk_qslstm,ema,test,1000074,10,-0.5052412748336792,-0.3474419116973877,-0.34115833044052124,True
1710807515,fk_qslstm,ema,test,1000074,11,-0.9444728493690491,-0.8446372151374817,-0.8424699902534485,True
1710807515,fk_qslstm,ema,test,1000074,12,0.569841742515564,-0.33380475640296936,-0.32685405015945435,True
1710807515,fk_qslstm,ema,test,1000074,13,0.7486212253570557,0.1821289211511612,0.1847272366285324,True
1710807515,fk_qslstm,ema,test,1000074,14,-0.7108224630355835,-0.2807903587818146,-0.277397096157074,True
1710807515,fk_qslstm,ema,test,1000074,15,-0.19457538425922394,-0.34137749671936035,-0.33795225620269775,True
1710807515,fk_qslstm,ema,test,1000074,16,-0.42172905802726746,-0.5261394381523132,-0.5217046737670898,True
1710807515,fk_qslstm,ema,test,1000074,17,0.968533992767334,0.16020885109901428,0.15892161428928375,True
1710807515,fk_qslstm,ema,test,1000074,18,-0.18307243287563324,0.018323617056012154,0.020066291093826294,True
1710807515,fk_qslstm,ema,test,1000074,19,0.656740128993988,0.4087029695510864,0.40641066431999207,True
1710807515,fk_qslstm,ema,test,1000074,20,0.47116631269454956,0.6096621751785278,0.6078271269798279,True
1710807515,fk_qslstm,ema,test,1000074,21,-0.9412785768508911,-0.07703740894794464,-0.07406660914421082,True
1710807515,fk_qslstm,ema,test,1000074,22,-0.30973583459854126,-0.247471421957016,-0.24231034517288208,True
1710807515,fk_qslstm,ema,test,1000074,23,-0.5795085430145264,-0.5456822514533997,-0.5407859683036804,True
1710807515,fk_qslstm,ema,test,1000074,24,-0.9384276270866394,-0.9996023774147034,-0.9972115159034729,True
1710807515,fk_qslstm,ema,test,1000074,25,0.8754600882530212,-0.274405837059021,-0.2647849917411804,True
1710807515,fk_qslstm,ema,test,1000074,26,-0.3340991139411926,-0.4199841320514679,-0.4097172021865845,True
1710807515,fk_qslstm,ema,test,1000074,27,-0.1434088498353958,-0.4220326244831085,-0.4131196141242981,True
1710807515,fk_qslstm,ema,test,1000074,28,0.20235586166381836,-0.21621258556842804,-0.20967888832092285,True
1710807515,fk_qslstm,ema,test,1000074,29,0.42844876646995544,0.08409920334815979,0.08518248796463013,True
1710807515,fk_qslstm,ema,test,1000074,30,0.6644982695579529,0.4659782946109772,0.46529892086982727,True
1710807515,fk_qslstm,ema,test,1000074,31,-0.6255204081535339,-0.0025295892264693975,-0.0026641786098480225,True
1710807515,fk_qslstm,ema,test,1000075,0,0.5906186699867249,0.35437121987342834,0.3534170687198639,True
1710807515,fk_qslstm,ema,test,1000075,1,-0.003356532659381628,0.2814830541610718,0.2901098132133484,True
1710807515,fk_qslstm,ema,test,1000075,2,0.4250522553920746,0.4802178144454956,0.4793578088283539,True
1710807515,fk_qslstm,ema,test,1000075,3,0.7969037294387817,0.8623164892196655,0.8668611645698547,True
1710807515,fk_qslstm,ema,test,1000075,4,0.29764336347579956,0.8684391975402832,0.8707735538482666,True
1710807515,fk_qslstm,ema,test,1000075,5,-0.22037239372730255,0.5625278949737549,0.5601484775543213,True
1710807515,fk_qslstm,ema,test,1000075,6,0.7299314141273499,0.8879811763763428,0.8924813270568848,True
1710807515,fk_qslstm,ema,test,1000075,7,0.05572852864861488,0.7438220381736755,0.74500572681427,True
1710807515,fk_qslstm,ema,test,1000075,8,-0.4361352026462555,0.33337652683258057,0.33080965280532837,True
1710807515,fk_qslstm,ema,test,1000075,9,-0.7300701141357422,-0.17134085297584534,-0.17342138290405273,True
1710807515,fk_qslstm,ema,test,1000075,10,-0.2980848550796509,-0.3159236013889313,-0.31308257579803467,True
1710807515,fk_qslstm,ema,test,1000075,11,0.717062771320343,0.17749878764152527,0.17971941828727722,True
1710807515,fk_qslstm,ema,test,1000075,12,-0.2782394289970398,-0.024944616481661797,-0.018449902534484863,True
1710807515,fk_qslstm,ema,test,1000075,13,0.8642371892929077,0.49858662486076355,0.5012557506561279,True
1710807515,fk_qslstm,ema,test,1000075,14,-0.5529763102531433,0.06708351522684097,0.06944684684276581,True
1710807515,fk_qslstm,ema,test,1000075,15,-0.4142393469810486,-0.1948767900466919,-0.19235509634017944,True
1710807515,fk_qslstm,ema,test,1000075,16,-0.28342634439468384,-0.3259572386741638,-0.32038527727127075,True
1710807515,fk_qslstm,ema,test,1000075,17,-0.6191298365592957,-0.6322436928749084,-0.6297178864479065,True
1710807515,fk_qslstm,ema,test,1000075,18,-0.3920648992061615,-0.7410339117050171,-0.7396910786628723,True
1710807515,fk_qslstm,ema,test,1000075,19,0.23818328976631165,-0.44991713762283325,-0.4475094676017761,True
1710807515,fk_qslstm,ema,test,1000075,20,0.4718504548072815,-0.07682343572378159,-0.07856190204620361,True
1710807515,fk_qslstm,ema,test,1000075,21,-0.7561787366867065,-0.5151659846305847,-0.5188433527946472,True
1710807515,fk_qslstm,ema,test,1000075,22,0.9906745553016663,0.18227194249629974,0.17161691188812256,True
1710807515,fk_qslstm,ema,test,1000075,23,-0.6772891879081726,-0.2605559527873993,-0.26706820726394653,True
1710807515,fk_qslstm,ema,test,1000075,24,-0.4737098813056946,-0.4926707148551941,-0.5007034540176392,True
1710807515,fk_qslstm,ema,test,1000075,25,0.31606772541999817,-0.20449593663215637,-0.21166998147964478,True
1710807515,fk_qslstm,ema,test,1000075,26,0.05326704680919647,-0.13163651525974274,-0.13738861680030823,True
1710807515,fk_qslstm,ema,test,1000075,27,-0.6509724259376526,-0.4958926737308502,-0.5027633309364319,True
1710807515,fk_qslstm,ema,test,1000075,28,-0.6581282019615173,-0.7915910482406616,-0.8025997281074524,True
1710807515,fk_qslstm,ema,test,1000075,29,0.48658889532089233,-0.3413194715976715,-0.3473760485649109,True
1710807515,fk_qslstm,ema,test,1000075,30,-0.17140884697437286,-0.37590089440345764,-0.37900882959365845,True
1710807515,fk_qslstm,ema,test,1000075,31,-0.9277864098548889,-0.8573925495147705,-0.86393803358078,True
1710807515,fk_qslstm,ema,test,1000076,0,-0.6083049774169922,-0.3649829924106598,-0.3621702194213867,True
1710807515,fk_qslstm,ema,test,1000076,1,-0.9022596478462219,-0.8333421945571899,-0.8396608233451843,True
1710807515,fk_qslstm,ema,test,1000076,2,0.8251675367355347,-0.17157325148582458,-0.17422592639923096,True
1710807515,fk_qslstm,ema,test,1000076,3,0.38654467463493347,0.0946682021021843,0.09311234951019287,True
1710807515,fk_qslstm,ema,test,1000076,4,-0.8010857701301575,-0.4049168825149536,-0.40527236461639404,True
1710807515,fk_qslstm,ema,test,1000076,5,0.2067907154560089,-0.19985908269882202,-0.19919449090957642,True
1710807515,fk_qslstm,ema,test,1000076,6,-0.0787811130285263,-0.20715592801570892,-0.20161956548690796,True
1710807515,fk_qslstm,ema,test,1000076,7,-0.5435308218002319,-0.49184322357177734,-0.48716217279434204,True
1710807515,fk_qslstm,ema,test,1000076,8,0.05559295788407326,-0.3601188063621521,-0.3549116849899292,True
1710807515,fk_qslstm,ema,test,1000076,9,0.44979533553123474,-0.01821783557534218,-0.016652405261993408,True
1710807515,fk_qslstm,ema,test,1000076,10,-0.5090958476066589,-0.3200317621231079,-0.3169943690299988,True
1710807515,fk_qslstm,ema,test,1000076,11,0.1611713171005249,-0.1593226194381714,-0.1591411828994751,True
1710807515,fk_qslstm,ema,test,1000076,12,0.6664387583732605,0.2724051773548126,0.2695625424385071,True
1710807515,fk_qslstm,ema,test,1000076,13,0.7894708514213562,0.6916066408157349,0.6918011903762817,True
1710807515,fk_qslstm,ema,test,1000076,14,-0.5748898983001709,0.20835137367248535,0.20474755764007568,True
1710807515,fk_qslstm,ema,test,1000076,15,0.6318370699882507,0.5457833409309387,0.5412698984146118,True
1710807515,fk_qslstm,ema,test,1000076,16,-0.7612053155899048,-0.020096540451049805,-0.02226737141609192,True
1710807515,fk_qslstm,ema,test,1000076,17,0.6490997672080994,0.3733826279640198,0.3689265549182892,True
1710807515,fk_qslstm,ema,test,1000076,18,0.22765186429023743,0.4352972209453583,0.4319875240325928,True
1710807515,fk_qslstm,ema,test,1000076,19,-0.5911211967468262,-0.00643495749682188,-0.007874608039855957,True
1710807515,fk_qslstm,ema,test,1000076,20,-0.9339653253555298,-0.5655271410942078,-0.5679442286491394,True
1710807515,fk_qslstm,ema,test,1000076,21,0.18239238858222961,-0.3429862856864929,-0.34152621030807495,True
1710807515,fk_qslstm,ema,test,1000076,22,0.5754985213279724,0.07091008871793747,0.07104907929897308,True
1710807515,fk_qslstm,ema,test,1000076,23,0.659140408039093,0.45221230387687683,0.4513567388057709,True
1710807515,fk_qslstm,ema,test,1000076,24,-0.9843456149101257,-0.2288375049829483,-0.22165697813034058,True
1710807515,fk_qslstm,ema,test,1000076,25,0.8488561511039734,0.32624366879463196,0.3284114897251129,True
1710807515,fk_qslstm,ema,test,1000076,26,0.08070153743028641,0.3094158470630646,0.312433123588562,True
1710807515,fk_qslstm,ema,test,1000076,27,-0.4201755225658417,-0.004572619684040546,0.0005648434162139893,True
1710807515,fk_qslstm,ema,test,1000076,28,-0.04012899100780487,-0.02773549035191536,-0.02138194441795349,True
1710807515,fk_qslstm,ema,test,1000076,29,-0.5285258889198303,-0.3393039107322693,-0.331396222114563,True
1710807515,fk_qslstm,ema,test,1000076,30,0.7669619917869568,0.1887340545654297,0.1931694746017456,True
1710807515,fk_qslstm,ema,test,1000076,31,-0.41877368092536926,-0.10027696192264557,-0.09209379553794861,True
1710807515,fk_qslstm,ema,test,1000077,0,-0.4853370785713196,-0.29120224714279175,-0.2888914942741394,True
1710807515,fk_qslstm,ema,test,1000077,1,0.021816201508045197,-0.21987208724021912,-0.22397035360336304,True
1710807515,fk_qslstm,ema,test,1000077,2,-0.12406052649021149,-0.2503339946269989,-0.2540528178215027,True
1710807515,fk_qslstm,ema,test,1000077,3,-0.7437250018119812,-0.6465021967887878,-0.653404176235199,True
1710807515,fk_qslstm,ema,test,1000077,4,-0.6243720650672913,-0.8918250203132629,-0.9021537899971008,True
1710807515,fk_qslstm,ema,test,1000077,5,0.574571430683136,-0.36871713399887085,-0.3694245219230652,True
1710807515,fk_qslstm,ema,test,1000077,6,-0.14952102303504944,-0.38468632102012634,-0.3819662928581238,True
1710807515,fk_qslstm,ema,test,1000077,7,0.24459435045719147,-0.16099244356155396,-0.1605394184589386,True
1710807515,fk_qslstm,ema,test,1000077,8,-0.2983889877796173,-0.307827353477478,-0.3041895031929016,True
1710807515,fk_qslstm,ema,test,1000077,9,-0.35101592540740967,-0.4568714201450348,-0.4527246356010437,True
1710807515,fk_qslstm,ema,test,1000077,10,-0.7282220125198364,-0.8024303317070007,-0.8037517666816711,True
1710807515,fk_qslstm,ema,test,1000077,11,0.39276784658432007,-0.40628355741500854,-0.4058288335800171,True
1710807515,fk_qslstm,ema,test,1000077,12,-0.968176543712616,-0.9059327840805054,-0.9072336554527283,True
1710807515,fk_qslstm,ema,test,1000077,13,-0.11726508289575577,-0.7951052784919739,-0.7979379296302795,True
1710807515,fk_qslstm,ema,test,1000077,14,0.2780890166759491,-0.4692308008670807,-0.4699835181236267,True
1710807515,fk_qslstm,ema,test,1000077,15,-0.1939772218465805,-0.49177098274230957,-0.49104762077331543,True
1710807515,fk_qslstm,ema,test,1000077,16,-0.42980509996414185,-0.6512998342514038,-0.6518867611885071,True
1710807515,fk_qslstm,ema,test,1000077,17,0.16748076677322388,-0.4205514192581177,-0.42015761137008667,True
1710807515,fk_qslstm,ema,test,1000077,18,-0.8012645840644836,-0.8171998858451843,-0.8219009041786194,True
1710807515,fk_qslstm,ema,test,1000077,19,0.13811032474040985,-0.5708937048912048,-0.574999988079071,True
1710807515,fk_qslstm,ema,test,1000077,20,0.8316068053245544,0.04224913567304611,0.03740471601486206,True
1710807515,fk_qslstm,ema,test,1000077,21,-0.9839189648628235,-0.5565521121025085,-0.5563186407089233,True
1710807515,fk_qslstm,ema,test,1000077,22,0.4637928903102875,-0.16696593165397644,-0.1685751974582672,True
1710807515,fk_qslstm,ema,test,1000077,23,-0.9463055729866028,-0.7013561129570007,-0.7026335597038269,True
1710807515,fk_qslstm,ema,test,1000077,24,-0.6791878938674927,-0.9685975909233093,-0.9759052395820618,True
1710807515,fk_qslstm,ema,test,1000077,25,-0.1428343802690506,-0.860578715801239,-0.8661707043647766,True
1710807515,fk_qslstm,ema,test,1000077,26,-0.07314512878656387,-0.7323500514030457,-0.7353890538215637,True
1710807515,fk_qslstm,ema,test,1000077,27,0.5591927170753479,-0.25036439299583435,-0.24925410747528076,True
1710807515,fk_qslstm,ema,test,1000077,28,0.4097195863723755,0.04554024711251259,0.043569594621658325,True
1710807515,fk_qslstm,ema,test,1000077,29,0.057714980095624924,0.07106118649244308,0.06951650977134705,True
1710807515,fk_qslstm,ema,test,1000077,30,0.47377878427505493,0.3411162197589874,0.33719825744628906,True
1710807515,fk_qslstm,ema,test,1000077,31,0.3938485383987427,0.5092021226882935,0.5054440498352051,True
1710807515,fk_qslstm,ema,test,1000078,0,-0.6053431034088135,-0.36320585012435913,-0.36041516065597534,True
1710807515,fk_qslstm,ema,test,1000078,1,-0.10786636173725128,-0.35528451204299927,-0.3594962954521179,True
1710807515,fk_qslstm,ema,test,1000078,2,-0.2041342556476593,-0.40670815110206604,-0.4107040762901306,True
1710807515,fk_qslstm,ema,test,1000078,3,-0.801964282989502,-0.806545078754425,-0.8150481581687927,True
1710807515,fk_qslstm,ema,test,1000078,4,-0.3502945899963379,-0.8554128408432007,-0.863164484500885,True
1710807515,fk_qslstm,ema,test,1000078,5,0.41493678092956543,-0.43536821007728577,-0.4354848861694336,True
1710807515,fk_qslstm,ema,test,1000078,6,0.17280329763889313,-0.24461257457733154,-0.24398678541183472,True
1710807515,fk_qslstm,ema,test,1000078,7,0.8149958252906799,0.29330742359161377,0.29038214683532715,True
1710807515,fk_qslstm,ema,test,1000078,8,-0.11851174384355545,0.1635388880968094,0.16356226801872253,True
1710807515,fk_qslstm,ema,test,1000078,9,-0.7014650702476501,-0.29004794359207153,-0.2904685139656067,True
1710807515,fk_qslstm,ema,test,1000078,10,-0.931373655796051,-0.7908625602722168,-0.7951508164405823,True
1710807515,fk_qslstm,ema,test,1000078,11,-0.6496297121047974,-1.022467851638794,-1.028566598892212,True
1710807515,fk_qslstm,ema,test,1000078,12,0.09263411164283752,-0.7623938322067261,-0.7660333514213562,True
1710807515,fk_qslstm,ema,test,1000078,13,0.47452664375305176,-0.32519906759262085,-0.32602882385253906,True
1710807515,fk_qslstm,ema,test,1000078,14,-0.22383609414100647,-0.39446091651916504,-0.39263659715652466,True
1710807515,fk_qslstm,ema,test,1000078,15,-0.10892149060964584,-0.3809216320514679,-0.3778381943702698,True
1710807515,fk_qslstm,ema,test,1000078,16,0.10661329329013824,-0.24076932668685913,-0.2381111979484558,True
1710807515,fk_qslstm,ema,test,1000078,17,-0.7009459733963013,-0.6131830811500549,-0.6143203377723694,True
1710807515,fk_qslstm,ema,test,1000078,18,0.22419364750385284,-0.35603025555610657,-0.35777395963668823,True
1710807515,fk_qslstm,ema,test,1000078,19,0.2954150438308716,-0.1075751781463623,-0.11180150508880615,True
1710807515,fk_qslstm,ema,test,1000078,20,-0.9371923208236694,-0.6483755707740784,-0.6529459357261658,True
1710807515,fk_qslstm,ema,test,1000078,21,0.14986436069011688,-0.42878180742263794,-0.43261224031448364,True
1710807515,fk_qslstm,ema,test,1000078,22,0.535881757736206,-0.021496392786502838,-0.026664942502975464,True
1710807515,fk_qslstm,ema,test,1000078,23,-0.2273148149251938,-0.1535860002040863,-0.1544114649295807,True
1710807515,fk_qslstm,ema,test,1000078,24,-0.36629992723464966,-0.3426487445831299,-0.3418816924095154,True
1710807515,fk_qslstm,ema,test,1000078,25,-0.3137146830558777,-0.4623478055000305,-0.45988792181015015,True
1710807515,fk_qslstm,ema,test,1000078,26,0.4326738119125366,-0.11027396470308304,-0.1102759838104248,True
1710807515,fk_qslstm,ema,test,1000078,27,-0.07972869277000427,-0.13605639338493347,-0.13449284434318542,True
1710807515,fk_qslstm,ema,test,1000078,28,-0.5773218870162964,-0.4552382230758667,-0.45541948080062866,True
1710807515,fk_qslstm,ema,test,1000078,29,-0.8769381046295166,-0.8903534412384033,-0.8953755497932434,True
1710807515,fk_qslstm,ema,test,1000078,30,-0.5834539532661438,-1.0623551607131958,-1.0690181255340576,True
1710807515,fk_qslstm,ema,test,1000078,31,0.06879857927560806,-0.8086049556732178,-0.8149057030677795,True
1710807515,fk_qslstm,ema,test,1000079,0,0.45787128806114197,0.27472278475761414,0.27450990676879883,True
1710807515,fk_qslstm,ema,test,1000079,1,0.6436536908149719,0.6059704422950745,0.610673725605011,True
1710807515,fk_qslstm,ema,test,1000079,2,-0.14585992693901062,0.3972603678703308,0.3957083225250244,True
1710807515,fk_qslstm,ema,test,1000079,3,-0.40340420603752136,0.07576578855514526,0.07524415850639343,True
1710807515,fk_qslstm,ema,test,1000079,4,-0.3675161600112915,-0.1598970741033554,-0.15663063526153564,True
1710807515,fk_qslstm,ema,test,1000079,5,-0.7920490503311157,-0.6031470894813538,-0.6028789281845093,True
1710807515,fk_qslstm,ema,test,1000079,6,-0.2552126348018646,-0.6356452703475952,-0.6334463953971863,True
1710807515,fk_qslstm,ema,test,1000079,7,0.855795681476593,0.004961198195815086,0.008136630058288574,True
1710807515,fk_qslstm,ema,test,1000079,8,-0.9016932249069214,-0.5370469689369202,-0.532832682132721,True
1710807515,fk_qslstm,ema,test,1000079,9,0.9920287132263184,0.1655796319246292,0.16124176979064941,True
1710807515,fk_qslstm,ema,test,1000079,10,-0.016684802249073982,0.12245282530784607,0.12043802440166473,True
1710807515,fk_qslstm,ema,test,1000079,11,0.6814886331558228,0.5068554282188416,0.5034717917442322,True
1710807515,fk_qslstm,ema,test,1000079,12,-0.738940417766571,-0.037879884243011475,-0.03959837555885315,True
1710807515,fk_qslstm,ema,test,1000079,13,0.05259847640991211,0.0012551784748211503,-0.001160353422164917,True
1710807515,fk_qslstm,ema,test,1000079,14,-0.5304117798805237,-0.31724292039871216,-0.31599360704421997,True
1710807515,fk_qslstm,ema,test,1000079,15,0.22838814556598663,-0.1167614534497261,-0.11700817942619324,True
1710807515,fk_qslstm,ema,test,1000079,16,-0.43472155928611755,-0.35424208641052246,-0.35154539346694946,True
1710807515,fk_qslstm,ema,test,1000079,17,0.4092588424682617,-0.03783836588263512,-0.03908383846282959,True
1710807515,fk_qslstm,ema,test,1000079,18,-0.7589428424835205,-0.4856364130973816,-0.48746150732040405,True
1710807515,fk_qslstm,ema,test,1000079,19,0.948893666267395,0.1808270812034607,0.17345735430717468,True
1710807515,fk_qslstm,ema,test,1000079,20,-0.290235698223114,-0.029479756951332092,-0.031304746866226196,True
1710807515,fk_qslstm,ema,test,1000079,21,0.628745973110199,0.3536638021469116,0.3478562533855438,True
1710807515,fk_qslstm,ema,test,1000079,22,-0.35190659761428833,0.07178707420825958,0.07017137110233307,True
1710807515,fk_qslstm,ema,test,1000079,23,-0.03341041877865791,0.03738340735435486,0.036338627338409424,True
1710807515,fk_qslstm,ema,test,1000079,24,-0.8376827239990234,-0.47270289063453674,-0.47371286153793335,True
1710807515,fk_qslstm,ema,test,1000079,25,-0.8788209557533264,-0.9054548740386963,-0.9112902283668518,True
1710807515,fk_qslstm,ema,test,1000079,26,0.18817263841629028,-0.6114603281021118,-0.6132875084877014,True
1710807515,fk_qslstm,ema,test,1000079,27,0.8005059957504272,-0.00886466447263956,-0.010203778743743896,True
1710807515,fk_qslstm,ema,test,1000079,28,0.10769865661859512,0.057527463883161545,0.05612406134605408,True
1710807515,fk_qslstm,ema,test,1000079,29,0.8145107626914978,0.5347284078598022,0.5320265889167786,True
1710807515,fk_qslstm,ema,test,1000079,30,-0.17631009221076965,0.32199668884277344,0.3194608688354492,True
1710807515,fk_qslstm,ema,test,1000079,31,-0.6114832162857056,-0.10929258912801743,-0.1112305223941803,True
1710807515,fk_qslstm,ema,test,1000080,0,0.9963598251342773,0.5978158712387085,0.5812427401542664,True
1710807515,fk_qslstm,ema,test,1000080,1,-0.2455984652042389,0.3308936357498169,0.3289766013622284,True
1710807515,fk_qslstm,ema,test,1000080,2,-0.8032221794128418,-0.21721838414669037,-0.2229386568069458,True
1710807515,fk_qslstm,ema,test,1000080,3,0.3738591969013214,0.05054081231355667,0.0397874116897583,True
1710807515,fk_qslstm,ema,test,1000080,4,0.2282993346452713,0.1774122565984726,0.16673846542835236,True
1710807515,fk_qslstm,ema,test,1000080,5,-0.7103304266929626,-0.28426846861839294,-0.29269546270370483,True
1710807515,fk_qslstm,ema,test,1000080,6,-0.1844385415315628,-0.3380779027938843,-0.34314048290252686,True
1710807515,fk_qslstm,ema,test,1000080,7,0.21165502071380615,-0.14346930384635925,-0.14788252115249634,True
1710807515,fk_qslstm,ema,test,1000080,8,-0.6733901500701904,-0.5188095569610596,-0.5240793824195862,True
1710807515,fk_qslstm,ema,test,1000080,9,0.7933143377304077,0.06094096601009369,0.05488915741443634,True
1710807515,fk_qslstm,ema,test,1000080,10,-0.4162812829017639,-0.20101599395275116,-0.2016611099243164,True
1710807515,fk_qslstm,ema,test,1000080,11,0.3421975076198578,0.04450570046901703,0.038772404193878174,True
1710807515,fk_qslstm,ema,test,1000080,12,-0.7991843819618225,-0.4439060389995575,-0.44866687059402466,True
1710807515,fk_qslstm,ema,test,1000080,13,-0.25139713287353516,-0.505963146686554,-0.5093234181404114,True
1710807515,fk_qslstm,ema,test,1000080,14,0.5547031164169312,-0.07194861024618149,-0.07483464479446411,True
1710807515,fk_qslstm,ema,test,1000080,15,-0.0833742618560791,-0.10758344829082489,-0.10768967866897583,True
1710807515,fk_qslstm,ema,test,1000080,16,0.52074134349823,0.22637805342674255,0.22162699699401855,True
1710807515,fk_qslstm,ema,test,1000080,17,0.21438363194465637,0.3097326159477234,0.30400973558425903,True
1710807515,fk_qslstm,ema,test,1000080,18,-0.3643020987510681,0.02920483611524105,0.02717292308807373,True
1710807515,fk_qslstm,ema,test,1000080,19,-0.6962796449661255,-0.39440393447875977,-0.3971295952796936,True
1710807515,fk_qslstm,ema,test,1000080,20,0.3158453106880188,-0.12601596117019653,-0.12902429699897766,True
1710807515,fk_qslstm,ema,test,1000080,21,0.33481940627098083,0.10007888078689575,0.09535574913024902,True
1710807515,fk_qslstm,ema,test,1000080,22,0.442827969789505,0.34575989842414856,0.3389343321323395,True
1710807515,fk_qslstm,ema,test,1000080,23,-0.032451435923576355,0.2571370601654053,0.2521567642688751,True
1710807515,fk_qslstm,ema,test,1000080,24,0.419101357460022,0.4571704566478729,0.4517245888710022,True
1710807515,fk_qslstm,ema,test,1000080,25,0.23488546907901764,0.5066676139831543,0.5018045902252197,True
1710807515,fk_qslstm,ema,test,1000080,26,0.19792842864990234,0.5240911841392517,0.5195250511169434,True
1710807515,fk_qslstm,ema,test,1000080,27,0.002923328895121813,0.42102694511413574,0.41786837577819824,True
1710807515,fk_qslstm,ema,test,1000080,28,0.010896431282162666,0.34335941076278687,0.3423275947570801,True
1710807515,fk_qslstm,ema,test,1000080,29,0.7914270162582397,0.7495437264442444,0.7547608613967896,True
1710807515,fk_qslstm,ema,test,1000080,30,-0.3726559579372406,0.3760414123535156,0.3783348798751831,True
1710807515,fk_qslstm,ema,test,1000080,31,-0.7783046364784241,-0.16614963114261627,-0.164576917886734,True
1710807515,fk_qslstm,ema,test,1000081,0,-0.12193949520587921,-0.07316369563341141,-0.07157456874847412,True
1710807515,fk_qslstm,ema,test,1000081,1,-0.20429366827011108,-0.18110716342926025,-0.1778484582901001,True
1710807515,fk_qslstm,ema,test,1000081,2,-0.6627155542373657,-0.5425150394439697,-0.5479001402854919,True
1710807515,fk_qslstm,ema,test,1000081,3,-0.8707925081253052,-0.9564875364303589,-0.9665692448616028,True
1710807515,fk_qslstm,ema,test,1000081,4,-0.5833743810653687,-1.1152147054672241,-1.1253998279571533,True
1710807515,fk_qslstm,ema,test,1000081,5,0.9856034517288208,-0.3008096516132355,-0.30300837755203247,True
1710807515,fk_qslstm,ema,test,1000081,6,0.9420989155769348,0.324611634016037,0.31639528274536133,True
1710807515,fk_qslstm,ema,test,1000081,7,-0.31526726484298706,0.07052893936634064,0.06779345870018005,True
1710807515,fk_qslstm,ema,test,1000081,8,-0.5306968688964844,-0.26199498772621155,-0.2630012631416321,True
1710807515,fk_qslstm,ema,test,1000081,9,0.9991281628608704,0.3898809254169464,0.38277414441108704,True
1710807515,fk_qslstm,ema,test,1000081,10,0.4283607304096222,0.5689211487770081,0.5619322657585144,True
1710807515,fk_qslstm,ema,test,1000081,11,0.6244031190872192,0.829778790473938,0.82747882604599,True
1710807515,fk_qslstm,ema,test,1000081,12,0.427863210439682,0.920540988445282,0.9200270175933838,True
1710807515,fk_qslstm,ema,test,1000081,13,0.5122249722480774,1.0437678098678589,1.0460329055786133,True
1710807515,fk_qslstm,ema,test,1000081,14,-0.1891360878944397,0.7215325832366943,0.7206456065177917,True
1710807515,fk_qslstm,ema,test,1000081,15,-0.10805604606866837,0.5123924016952515,0.5092760920524597,True
1710807515,fk_qslstm,ema,test,1000081,16,0.6747437119483948,0.814760148525238,0.8184898495674133,True
1710807515,fk_qslstm,ema,test,1000081,17,-0.38057246804237366,0.4234646260738373,0.42316362261772156,True
1710807515,fk_qslstm,ema,test,1000081,18,0.8746154308319092,0.8635409474372864,0.8686218857765198,True
1710807515,fk_qslstm,ema,test,1000081,19,0.058079201728105545,0.7256802916526794,0.7264521718025208,True
1710807515,fk_qslstm,ema,test,1000081,20,0.4200911223888397,0.8325989246368408,0.8344293832778931,True
1710807515,fk_qslstm,ema,test,1000081,21,-0.06568468362092972,0.6266683340072632,0.6254920363426208,True
1710807515,fk_qslstm,ema,test,1000081,22,-0.32780808210372925,0.30464980006217957,0.3029719591140747,True
1710807515,fk_qslstm,ema,test,1000081,23,0.43428370356559753,0.5042901039123535,0.5035408735275269,True
1710807515,fk_qslstm,ema,test,1000081,24,-0.9632354974746704,-0.1745092272758484,-0.16733458638191223,True
1710807515,fk_qslstm,ema,test,1000081,25,-0.14439894258975983,-0.22624674439430237,-0.21631193161010742,True
1710807515,fk_qslstm,ema,test,1000081,26,0.9852100610733032,0.410128653049469,0.4145050048828125,True
1710807515,fk_qslstm,ema,test,1000081,27,0.2142731249332428,0.4566667973995209,0.4577222466468811,True
1710807515,fk_qslstm,ema,test,1000081,28,0.3776791989803314,0.5919409394264221,0.5914921760559082,True
1710807515,fk_qslstm,ema,test,1000081,29,0.8276240825653076,0.9701272249221802,0.9762066602706909,True
1710807515,fk_qslstm,ema,test,1000081,30,0.20772571861743927,0.9007371664047241,0.9039881825447083,True
1710807515,fk_qslstm,ema,test,1000081,31,0.45015138387680054,0.9906805753707886,0.9958064556121826,True
1710807515,fk_qslstm,ema,test,1000082,0,0.17056779563426971,0.1023406833410263,0.10264092683792114,True
1710807515,fk_qslstm,ema,test,1000082,1,0.9632331728935242,0.6598124504089355,0.6555837988853455,True
1710807515,fk_qslstm,ema,test,1000082,2,0.24141676723957062,0.672700047492981,0.6621248722076416,True
1710807515,fk_qslstm,ema,test,1000082,3,-0.38226422667503357,0.30880147218704224,0.2981022596359253,True
1710807515,fk_qslstm,ema,test,1000082,4,0.8914814591407776,0.7819300293922424,0.7769774794578552,True
1710807515,fk_qslstm,ema,test,1000082,5,0.9710626602172852,1.208181619644165,1.2029426097869873,True
1710807515,fk_qslstm,ema,test,1000082,6,-0.3641211688518524,0.748072624206543,0.7395864129066467,True
1710807515,fk_qslstm,ema,test,1000082,7,0.7524749636650085,1.0499430894851685,1.0500733852386475,True
1710807515,fk_qslstm,ema,test,1000082,8,0.2682951092720032,1.0009315013885498,0.999984085559845,True
1710807515,fk_qslstm,ema,test,1000082,9,-0.7540750503540039,0.34830018877983093,0.3403756022453308,True
1710807515,fk_qslstm,ema,test,1000082,10,0.34661585092544556,0.48660966753959656,0.4770760238170624,True
1710807515,fk_qslstm,ema,test,1000082,11,0.04076404497027397,0.413746178150177,0.4060164988040924,True
1710807515,fk_qslstm,ema,test,1000082,12,0.9633654952049255,0.9090161919593811,0.9075759649276733,True
1710807515,fk_qslstm,ema,test,1000082,13,0.538179874420166,1.0501209497451782,1.0493574142456055,True
1710807515,fk_qslstm,ema,test,1000082,14,0.85313880443573,1.3519799709320068,1.3426644802093506,True
1710807515,fk_qslstm,ema,test,1000082,15,-0.5320324301719666,0.7623645663261414,0.7598576545715332,True
1710807515,fk_qslstm,ema,test,1000082,16,-0.13787297904491425,0.5271678566932678,0.522055983543396,True
1710807515,fk_qslstm,ema,test,1000082,17,-0.5352396368980408,0.10059048980474472,0.09311169385910034,True
1710807515,fk_qslstm,ema,test,1000082,18,0.3932127356529236,0.31640002131462097,0.3069201707839966,True
1710807515,fk_qslstm,ema,test,1000082,19,0.35576385259628296,0.46657833456993103,0.45809662342071533,True
1710807515,fk_qslstm,ema,test,1000082,20,-0.8418095707893372,-0.13182306289672852,-0.13696825504302979,True
1710807515,fk_qslstm,ema,test,1000082,21,-0.9314529895782471,-0.664330244064331,-0.6720947623252869,True
1710807515,fk_qslstm,ema,test,1000082,22,-0.3047824501991272,-0.7143336534500122,-0.7180408835411072,True
1710807515,fk_qslstm,ema,test,1000082,23,-0.7392759323120117,-1.015032410621643,-1.0203845500946045,True
1710807515,fk_qslstm,ema,test,1000082,24,-0.294283926486969,-0.9885963201522827,-0.994361937046051,True
1710807515,fk_qslstm,ema,test,1000082,25,-0.7859101295471191,-1.2624231576919556,-1.2640337944030762,True
1710807515,fk_qslstm,ema,test,1000082,26,-0.4633278250694275,-1.2879352569580078,-1.2916314601898193,True
1710807515,fk_qslstm,ema,test,1000082,27,0.9822431206703186,-0.4410023093223572,-0.44441622495651245,True
1710807515,fk_qslstm,ema,test,1000082,28,0.3304683566093445,-0.15452083945274353,-0.15826469659805298,True
1710807515,fk_qslstm,ema,test,1000082,29,0.7333868741989136,0.3164154589176178,0.3121538758277893,True
1710807515,fk_qslstm,ema,test,1000082,30,0.6910058856010437,0.6677359342575073,0.6679725646972656,True
1710807515,fk_qslstm,ema,test,1000082,31,-0.593742311000824,0.17794333398342133,0.1781294047832489,True
1710807515,fk_qslstm,ema,test,1000083,0,0.47577548027038574,0.285465270280838,0.2852011024951935,True
1710807515,fk_qslstm,ema,test,1000083,1,-0.681023359298706,-0.18024180829524994,-0.1671932339668274,True
1710807515,fk_qslstm,ema,test,1000083,2,-0.8170978426933289,-0.6344521641731262,-0.6357051134109497,True
1710807515,fk_qslstm,ema,test,1000083,3,-0.8574553728103638,-1.022035002708435,-1.0279903411865234,True
1710807515,fk_qslstm,ema,test,1000083,4,-0.7172646522521973,-1.2479867935180664,-1.2509706020355225,True
1710807515,fk_qslstm,ema,test,1000083,5,0.24721753597259521,-0.8500588536262512,-0.8575718998908997,True
1710807515,fk_qslstm,ema,test,1000083,6,-0.9454936385154724,-1.2473433017730713,-1.2510986328125,True
1710807515,fk_qslstm,ema,test,1000083,7,0.7971561551094055,-0.5195809602737427,-0.5171288847923279,True
1710807515,fk_qslstm,ema,test,1000083,8,0.5995436310768127,-0.05593859776854515,-0.05461841821670532,True
1710807515,fk_qslstm,ema,test,1000083,9,0.06417550891637802,-0.00624557351693511,-0.0026328563690185547,True
1710807515,fk_qslstm,ema,test,1000083,10,0.17037241160869598,0.09722699224948883,0.10026539862155914,True
1710807515,fk_qslstm,ema,test,1000083,11,-0.7144300937652588,-0.35087645053863525,-0.34705275297164917,True
1710807515,fk_qslstm,ema,test,1000083,12,0.7767548561096191,0.18535174429416656,0.18692603707313538,True
1710807515,fk_qslstm,ema,test,1000083,13,-0.37425491213798523,-0.07627155631780624,-0.06898695230484009,True
1710807515,fk_qslstm,ema,test,1000083,14,-0.4616483747959137,-0.33800628781318665,-0.3312656283378601,True
1710807515,fk_qslstm,ema,test,1000083,15,0.3323005437850952,-0.07102470099925995,-0.06734374165534973,True
1710807515,fk_qslstm,ema,test,1000083,16,-0.21576306223869324,-0.1862775981426239,-0.17943131923675537,True
1710807515,fk_qslstm,ema,test,1000083,17,0.6657783389091492,0.2504449486732483,0.25245726108551025,True
1710807515,fk_qslstm,ema,test,1000083,18,-0.7669993042945862,-0.2598436176776886,-0.2563125491142273,True
1710807515,fk_qslstm,ema,test,1000083,19,0.7995568513870239,0.27185919880867004,0.27027955651283264,True
1710807515,fk_qslstm,ema,test,1000083,20,-0.7765864729881287,-0.24846449494361877,-0.24667203426361084,True
1710807515,fk_qslstm,ema,test,1000083,21,0.5951547622680664,0.15832127630710602,0.15520283579826355,True
1710807515,fk_qslstm,ema,test,1000083,22,-0.6471055746078491,-0.2616063356399536,-0.26109760999679565,True
1710807515,fk_qslstm,ema,test,1000083,23,-0.33620521426200867,-0.41100820899009705,-0.4098632335662842,True
1710807515,fk_qslstm,ema,test,1000083,24,-0.7191703915596008,-0.7603088021278381,-0.7631219029426575,True
1710807515,fk_qslstm,ema,test,1000083,25,0.31844407320022583,-0.4171805679798126,-0.41803890466690063,True
1710807515,fk_qslstm,ema,test,1000083,26,0.04922528564929962,-0.30420929193496704,-0.3048175573348999,True
1710807515,fk_qslstm,ema,test,1000083,27,-0.5920721292495728,-0.5986106991767883,-0.6022319197654724,True
1710807515,fk_qslstm,ema,test,1000083,28,0.01777912676334381,-0.46822109818458557,-0.4708179831504822,True
1710807515,fk_qslstm,ema,test,1000083,29,0.6270723342895508,0.0016665217699483037,-0.002542167901992798,True
1710807515,fk_qslstm,ema,test,1000083,30,0.6760575175285339,0.4069676995277405,0.4009350538253784,True
1710807515,fk_qslstm,ema,test,1000083,31,-0.961738109588623,-0.2514687180519104,-0.25038790702819824,True
1710807515,fk_qslstm,ema,test,1000084,0,-0.031037548556923866,-0.01862252876162529,-0.01745787262916565,True
1710807515,fk_qslstm,ema,test,1000084,1,0.941739022731781,0.5501453876495361,0.5417342185974121,True
1710807515,fk_qslstm,ema,test,1000084,2,-0.7066440582275391,0.016129862517118454,0.00783461332321167,True
1710807515,fk_qslstm,ema,test,1000084,3,-0.6737709045410156,-0.3913586437702179,-0.401644229888916,True
1710807515,fk_qslstm,ema,test,1000084,4,0.995253324508667,0.2840650677680969,0.2701035737991333,True
1710807515,fk_qslstm,ema,test,1000084,5,0.8873948454856873,0.7596889734268188,0.7514598369598389,True
1710807515,fk_qslstm,ema,test,1000084,6,-0.005694223567843437,0.6043346524238586,0.5928375720977783,True
1710807515,fk_qslstm,ema,test,1000084,7,-0.9682074785232544,-0.09745675325393677,-0.10248172283172607,True
1710807515,fk_qslstm,ema,test,1000084,8,0.171937495470047,0.025197092443704605,0.021011769771575928,True
1710807515,fk_qslstm,ema,test,1000084,9,0.5685020685195923,0.36125892400741577,0.3582625687122345,True
1710807515,fk_qslstm,ema,test,1000084,10,0.7971447110176086,0.7672939300537109,0.7697938680648804,True
1710807515,fk_qslstm,ema,test,1000084,11,0.08520182967185974,0.664956271648407,0.6638284921646118,True
1710807515,fk_qslstm,ema,test,1000084,12,0.5675289034843445,0.8724823594093323,0.8751979470252991,True
1710807515,fk_qslstm,ema,test,1000084,13,0.747402012348175,1.146427035331726,1.1518383026123047,True
1710807515,fk_qslstm,ema,test,1000084,14,0.9500572681427002,1.4871760606765747,1.4646546840667725,True
1710807515,fk_qslstm,ema,test,1000084,15,0.18251700699329376,1.2992510795593262,1.2901418209075928,True
1710807515,fk_qslstm,ema,test,1000084,16,-0.10736489295959473,0.9749819040298462,0.9816312193870544,True
1710807515,fk_qslstm,ema,test,1000084,17,0.6180776357650757,1.1508320569992065,1.163383960723877,True
1710807515,fk_qslstm,ema,test,1000084,18,-0.8814811706542969,0.39177700877189636,0.39796409010887146,True
1710807515,fk_qslstm,ema,test,1000084,19,-0.968274712562561,-0.267543226480484,-0.2619495987892151,True
1710807515,fk_qslstm,ema,test,1000084,20,-0.5556432008743286,-0.5474205017089844,-0.5443210005760193,True
1710807515,fk_qslstm,ema,test,1000084,21,-0.5239317417144775,-0.7522954344749451,-0.7513312697410583,True
1710807515,fk_qslstm,ema,test,1000084,22,0.6761269569396973,-0.1961601972579956,-0.19263958930969238,True
1710807515,fk_qslstm,ema,test,1000084,23,0.4085358679294586,0.0881933644413948,0.08616772294044495,True
1710807515,fk_qslstm,ema,test,1000084,24,0.9049253463745117,0.6135098934173584,0.6097098588943481,True
1710807515,fk_qslstm,ema,test,1000084,25,0.6473947167396545,0.8792447447776794,0.8787583112716675,True
1710807515,fk_qslstm,ema,test,1000084,26,-0.728419840335846,0.266343891620636,0.26016589999198914,True
1710807515,fk_qslstm,ema,test,1000084,27,-0.15007178485393524,0.12303204089403152,0.11765475571155548,True
1710807515,fk_qslstm,ema,test,1000084,28,-0.14672109484672546,0.010392969474196434,0.010293126106262207,True
1710807515,fk_qslstm,ema,test,1000084,29,0.43859389424324036,0.27147072553634644,0.2694129943847656,True
1710807515,fk_qslstm,ema,test,1000084,30,-0.7477830052375793,-0.2314932495355606,-0.23118704557418823,True
1710807515,fk_qslstm,ema,test,1000084,31,0.35078710317611694,0.02527766302227974,0.022230803966522217,True
1710807515,fk_qslstm,ema,test,1000085,0,-0.09675146639347076,-0.05805087834596634,-0.05657342076301575,True
1710807515,fk_qslstm,ema,test,1000085,1,-0.2734959125518799,-0.21053825318813324,-0.20648175477981567,True
1710807515,fk_qslstm,ema,test,1000085,2,0.050179049372673035,-0.13832317292690277,-0.14011752605438232,True
1710807515,fk_qslstm,ema,test,1000085,3,0.785699725151062,0.36076128482818604,0.3568826913833618,True
1710807515,fk_qslstm,ema,test,1000085,4,-0.6488488912582397,-0.10070030391216278,-0.10094580054283142,True
1710807515,fk_qslstm,ema,test,1000085,5,0.11079283803701401,-0.014084544032812119,-0.015897154808044434,True
1710807515,fk_qslstm,ema,test,1000085,6,0.2966760993003845,0.16673803329467773,0.16407820582389832,True
1710807515,fk_qslstm,ema,test,1000085,7,-0.4640014171600342,-0.14501042664051056,-0.14347106218338013,True
1710807515,fk_qslstm,ema,test,1000085,8,0.6451888084411621,0.27110493183135986,0.26961883902549744,True
1710807515,fk_qslstm,ema,test,1000085,9,-0.6354959011077881,-0.16441361606121063,-0.16255784034729004,True
1710807515,fk_qslstm,ema,test,1000085,10,0.12910284101963043,-0.05406918376684189,-0.05448043346405029,True
1710807515,fk_qslstm,ema,test,1000085,11,0.04805467650294304,-0.014422542415559292,-0.013348966836929321,True
1710807515,fk_qslstm,ema,test,1000085,12,0.6330429315567017,0.36828774213790894,0.3670845627784729,True
1710807515,fk_qslstm,ema,test,1000085,13,-0.6861262917518616,-0.1170455738902092,-0.11634019017219543,True
1710807515,fk_qslstm,ema,test,1000085,14,-0.6489159464836121,-0.4829860031604767,-0.48578643798828125,True
1710807515,fk_qslstm,ema,test,1000085,15,0.46261128783226013,-0.10882203280925751,-0.11116072535514832,True
1710807515,fk_qslstm,ema,test,1000085,16,0.2624606192111969,0.07041873782873154,0.06667423248291016,True
1710807515,fk_qslstm,ema,test,1000085,17,-0.9453044533729553,-0.5108476877212524,-0.5123968720436096,True
1710807515,fk_qslstm,ema,test,1000085,18,0.4921517074108124,-0.11338712275028229,-0.1154644787311554,True
1710807515,fk_qslstm,ema,test,1000085,19,-0.8581489324569702,-0.605599045753479,-0.6078739762306213,True
1710807515,fk_qslstm,ema,test,1000085,20,-0.4264688491821289,-0.7403605580329895,-0.744998037815094,True
1710807515,fk_qslstm,ema,test,1000085,21,0.3417932987213135,-0.38721245527267456,-0.3880550265312195,True
1710807515,fk_qslstm,ema,test,1000085,22,0.431203693151474,-0.05104774609208107,-0.05466309189796448,True
1710807515,fk_qslstm,ema,test,1000085,23,0.19316966831684113,0.07506360858678818,0.06964041292667389,True
1710807515,fk_qslstm,ema,test,1000085,24,0.7550651431083679,0.5130899548530579,0.5077135562896729,True
1710807515,fk_qslstm,ema,test,1000085,25,0.19651874899864197,0.528383195400238,0.5219284296035767,True
1710807515,fk_qslstm,ema,test,1000085,26,0.8459165096282959,0.9302564859390259,0.9306817650794983,True
1710807515,fk_qslstm,ema,test,1000085,27,0.3670518100261688,0.9644362330436707,0.9644762277603149,True
1710807515,fk_qslstm,ema,test,1000085,28,-0.9245476722717285,0.2168203890323639,0.2182067632675171,True
1710807515,fk_qslstm,ema,test,1000085,29,-0.6959782838821411,-0.24413064122200012,-0.24381154775619507,True
1710807515,fk_qslstm,ema,test,1000085,30,-0.9509332776069641,-0.7658644914627075,-0.7672231793403625,True
1710807515,fk_qslstm,ema,test,1000085,31,0.9710567593574524,-0.03005753830075264,-0.028791844844818115,True
1710807515,fk_qslstm,ema,test,1000086,0,0.6089369058609009,0.36536213755607605,0.364215612411499,True
1710807515,fk_qslstm,ema,test,1000086,1,0.778487503528595,0.7593822479248047,0.7685502767562866,True
1710807515,fk_qslstm,ema,test,1000086,2,0.4767713248729706,0.8935685753822327,0.8985947966575623,True
1710807515,fk_qslstm,ema,test,1000086,3,-0.640984058380127,0.3302644193172455,0.32742607593536377,True
1710807515,fk_qslstm,ema,test,1000086,4,0.21802918612957,0.39502906799316406,0.3891439437866211,True
1710807515,fk_qslstm,ema,test,1000086,5,-0.04786817356944084,0.2873023450374603,0.284415066242218,True
1710807515,fk_qslstm,ema,test,1000086,6,-0.44205430150032043,-0.035390716046094894,-0.03431007266044617,True
1710807515,fk_qslstm,ema,test,1000086,7,0.724291205406189,0.4062621295452118,0.40672725439071655,True
1710807515,fk_qslstm,ema,test,1000086,8,-0.6498085856437683,-0.06487543880939484,-0.06192365288734436,True
1710807515,fk_qslstm,ema,test,1000086,9,0.27940911054611206,0.11574511975049973,0.11446243524551392,True
1710807515,fk_qslstm,ema,test,1000086,10,0.6705678701400757,0.4949367940425873,0.495024710893631,True
1710807515,fk_qslstm,ema,test,1000086,11,-0.4201415777206421,0.1438644975423813,0.14535847306251526,True
1710807515,fk_qslstm,ema,test,1000086,12,-0.279587060213089,-0.052660632878541946,-0.048907577991485596,True
1710807515,fk_qslstm,ema,test,1000086,13,0.9771462082862854,0.5441592335700989,0.5445793867111206,True
1710807515,fk_qslstm,ema,test,1000086,14,0.07560213655233383,0.4806886613368988,0.47768229246139526,True
1710807515,fk_qslstm,ema,test,1000086,15,0.20013640820980072,0.5046327710151672,0.49949753284454346,True
1710807515,fk_qslstm,ema,test,1000086,16,-0.7401166558265686,-0.040363769978284836,-0.04398953914642334,True
1710807515,fk_qslstm,ema,test,1000086,17,0.15521009266376495,0.06083504483103752,0.05732877552509308,True
1710807515,fk_qslstm,ema,test,1000086,18,-0.2731117308139801,-0.1151990070939064,-0.11191701889038086,True
1710807515,fk_qslstm,ema,test,1000086,19,0.2479141652584076,0.05658930167555809,0.05762690305709839,True
1710807515,fk_qslstm,ema,test,1000086,20,-0.6760160326957703,-0.3603381812572479,-0.35847705602645874,True
1710807515,fk_qslstm,ema,test,1000086,21,0.9125953316688538,0.25928664207458496,0.2561071217060089,True
1710807515,fk_qslstm,ema,test,1000086,22,-0.9657012224197388,-0.37199142575263977,-0.3675153851509094,True
1710807515,fk_qslstm,ema,test,1000086,23,-0.2064332664012909,-0.4214530885219574,-0.4173740744590759,True
1710807515,fk_qslstm,ema,test,1000086,24,-0.5887956023216248,-0.6904398798942566,-0.6888164281845093,True
1710807515,fk_qslstm,ema,test,1000086,25,0.08748020976781845,-0.49986374378204346,-0.4970362186431885,True
1710807515,fk_qslstm,ema,test,1000086,26,0.6045435070991516,-0.037164896726608276,-0.036471784114837646,True
1710807515,fk_qslstm,ema,test,1000086,27,0.030871015042066574,-0.011209309101104736,-0.010569661855697632,True
1710807515,fk_qslstm,ema,test,1000086,28,0.7245792746543884,0.42578011751174927,0.4235421121120453,True
1710807515,fk_qslstm,ema,test,1000086,29,-0.44603103399276733,0.07300547510385513,0.07299226522445679,True
1710807515,fk_qslstm,ema,test,1000086,30,-0.9322354793548584,-0.5009369254112244,-0.5019422173500061,True
1710807515,fk_qslstm,ema,test,1000086,31,0.5159797072410583,-0.09116171300411224,-0.09136062860488892,True
1710807515,fk_qslstm,ema,test,1000087,0,-0.14198248088359833,-0.08518948405981064,-0.08351647853851318,True
1710807515,fk_qslstm,ema,test,1000087,1,-0.6542422771453857,-0.4606969356536865,-0.45974379777908325,True
1710807515,fk_qslstm,ema,test,1000087,2,0.111778125166893,-0.3014906644821167,-0.3075394630432129,True
1710807515,fk_qslstm,ema,test,1000087,3,-0.8619607090950012,-0.758368968963623,-0.7671576142311096,True
1710807515,fk_qslstm,ema,test,1000087,4,-0.6077819466590881,-0.9713643193244934,-0.9837226271629333,True
1710807515,fk_qslstm,ema,test,1000087,5,0.3246155083179474,-0.5823221802711487,-0.5882854461669922,True
1710807515,fk_qslstm,ema,test,1000087,6,-0.5590485334396362,-0.8012868165969849,-0.8099196553230286,True
1710807515,fk_qslstm,ema,test,1000087,7,-0.1558385193347931,-0.7345325946807861,-0.7411206364631653,True
1710807515,fk_qslstm,ema,test,1000087,8,0.8843844532966614,-0.05699541047215462,-0.05883753299713135,True
1710807515,fk_qslstm,ema,test,1000087,9,-0.43084385991096497,-0.30410265922546387,-0.3015129566192627,True
1710807515,fk_qslstm,ema,test,1000087,10,0.6489579081535339,0.14609262347221375,0.14415514469146729,True
1710807515,fk_qslstm,ema,test,1000087,11,0.4256461262702942,0.37226176261901855,0.3689591586589813,True
1710807515,fk_qslstm,ema,test,1000087,12,0.7499922513961792,0.7478047609329224,0.7486072778701782,True
1710807515,fk_qslstm,ema,test,1000087,13,0.6221145391464233,0.971512496471405,0.9759400486946106,True
1710807515,fk_qslstm,ema,test,1000087,14,-0.484310507774353,0.48662370443344116,0.48445573449134827,True
1710807515,fk_qslstm,ema,test,1000087,15,0.7907436490058899,0.8637451529502869,0.8676313757896423,True
1710807515,fk_qslstm,ema,test,1000087,16,-0.5271497964859009,0.3747062683105469,0.3726261556148529,True
1710807515,fk_qslstm,ema,test,1000087,17,0.7281813025474548,0.7366738319396973,0.7380484938621521,True
1710807515,fk_qslstm,ema,test,1000087,18,0.0055610728450119495,0.5926756858825684,0.5916793346405029,True
1710807515,fk_qslstm,ema,test,1000087,19,0.5528702139854431,0.8058626651763916,0.8082420229911804,True
1710807515,fk_qslstm,ema,test,1000087,20,-0.5768647193908691,0.29857131838798523,0.29695525765419006,True
1710807515,fk_qslstm,ema,test,1000087,21,0.7770243883132935,0.7050716876983643,0.707027792930603,True
1710807515,fk_qslstm,ema,test,1000087,22,0.7105379700660706,0.9903801679611206,0.9981040358543396,True
1710807515,fk_qslstm,ema,test,1000087,23,0.26243719458580017,0.9497663974761963,0.9554415345191956,True
1710807515,fk_qslstm,ema,test,1000087,24,-0.9505913257598877,0.18945832550525665,0.19711574912071228,True
1710807515,fk_qslstm,ema,test,1000087,25,0.34555038809776306,0.3588969111442566,0.3634781837463379,True
1710807515,fk_qslstm,ema,test,1000087,26,0.18998901546001434,0.4011109173297882,0.40603190660476685,True
1710807515,fk_qslstm,ema,test,1000087,27,-0.6139715313911438,-0.047494180500507355,-0.04152679443359375,True
1710807515,fk_qslstm,ema,test,1000087,28,-0.06684501469135284,-0.07810235023498535,-0.07049104571342468,True
1710807515,fk_qslstm,ema,test,1000087,29,-0.950382649898529,-0.6327114701271057,-0.6253622174263,True
1710807515,fk_qslstm,ema,test,1000087,30,-0.9832130074501038,-1.0960969924926758,-1.0890653133392334,True
1710807515,fk_qslstm,ema,test,1000087,31,0.9981787800788879,-0.2779703140258789,-0.2669885754585266,True
1710807515,fk_qslstm,ema,test,1000088,0,0.7146432399749756,0.42878594994544983,0.4258573353290558,True
1710807515,fk_qslstm,ema,test,1000088,1,0.014358442276716232,0.351643830537796,0.3594787120819092,True
1710807515,fk_qslstm,ema,test,1000088,2,0.880348265171051,0.8095240592956543,0.8142819404602051,True
1710807515,fk_qslstm,ema,test,1000088,3,-0.7534618973731995,0.1955420821905136,0.19441953301429749,True
1710807515,fk_qslstm,ema,test,1000088,4,0.14055311679840088,0.2407655417919159,0.23550602793693542,True
1710807515,fk_qslstm,ema,test,1000088,5,-0.04796963557600975,0.16383065283298492,0.16210323572158813,True
1710807515,fk_qslstm,ema,test,1000088,6,-0.03347889706492424,0.1109771803021431,0.11146348714828491,True
1710807515,fk_qslstm,ema,test,1000088,7,-0.5095977783203125,-0.21697694063186646,-0.21350634098052979,True
1710807515,fk_qslstm,ema,test,1000088,8,-0.31328433752059937,-0.3615521490573883,-0.3558349013328552,True
1710807515,fk_qslstm,ema,test,1000088,9,0.6889469027519226,0.12412642687559128,0.12742969393730164,True
1710807515,fk_qslstm,ema,test,1000088,10,0.7135571837425232,0.5274354219436646,0.5304988026618958,True
1710807515,fk_qslstm,ema,test,1000088,11,0.4354223608970642,0.683201789855957,0.684891402721405,True
1710807515,fk_qslstm,ema,test,1000088,12,0.7101384401321411,0.9726444482803345,0.9789883494377136,True
1710807515,fk_qslstm,ema,test,1000088,13,0.008590827696025372,0.7832700610160828,0.785359799861908,True
1710807515,fk_qslstm,ema,test,1000088,14,-0.5196877717971802,0.3148033916950226,0.3116692304611206,True
1710807515,fk_qslstm,ema,test,1000088,15,-0.9442163705825806,-0.3146871030330658,-0.31488513946533203,True
1710807515,fk_qslstm,ema,test,1000088,16,0.3122013211250305,-0.0644288957118988,-0.06362351775169373,True
1710807515,fk_qslstm,ema,test,1000088,17,-0.6258216500282288,-0.4270361065864563,-0.4242878556251526,True
1710807515,fk_qslstm,ema,test,1000088,18,0.12180411070585251,-0.2685464322566986,-0.26617223024368286,True
1710807515,fk_qslstm,ema,test,1000088,19,-0.8036665320396423,-0.6970371007919312,-0.6983336806297302,True
1710807515,fk_qslstm,ema,test,1000088,20,0.9089741110801697,-0.012245191261172295,-0.013592422008514404,True
1710807515,fk_qslstm,ema,test,1000088,21,-0.21653902530670166,-0.13971956074237823,-0.13651835918426514,True
1710807515,fk_qslstm,ema,test,1000088,22,-0.07722455263137817,-0.1581103801727295,-0.1553749442100525,True
1710807515,fk_qslstm,ema,test,1000088,23,0.09323655813932419,-0.07054637372493744,-0.06889092922210693,True
1710807515,fk_qslstm,ema,test,1000088,24,-0.09836579114198685,-0.11545657366514206,-0.11212372779846191,True
1710807515,fk_qslstm,ema,test,1000088,25,-0.45223888754844666,-0.36370858550071716,-0.35959428548812866,True
1710807515,fk_qslstm,ema,test,1000088,26,-0.9122397899627686,-0.838310718536377,-0.838729202747345,True
1710807515,fk_qslstm,ema,test,1000088,27,-0.5227789878845215,-0.9843159914016724,-0.9873700737953186,True
1710807515,fk_qslstm,ema,test,1000088,28,0.9481672644615173,-0.21855244040489197,-0.21599644422531128,True
1710807515,fk_qslstm,ema,test,1000088,29,-0.3020957410335541,-0.356099396944046,-0.35122549533843994,True
1710807515,fk_qslstm,ema,test,1000088,30,-0.8780973553657532,-0.8117379546165466,-0.8138471245765686,True
1710807515,fk_qslstm,ema,test,1000088,31,-0.03124941512942314,-0.6681399941444397,-0.6687882542610168,True
1710807515,fk_qslstm,ema,test,1000089,0,0.39493268728256226,0.23695960640907288,0.23686546087265015,True
1710807515,fk_qslstm,ema,test,1000089,1,-0.11026103049516678,0.12341106683015823,0.13203489780426025,True
1710807515,fk_qslstm,ema,test,1000089,2,-0.262051522731781,-0.05850205942988396,-0.0542159378528595,True
1710807515,fk_qslstm,ema,test,1000089,3,-0.11291729658842087,-0.11455202847719193,-0.10917651653289795,True
1710807515,fk_qslstm,ema,test,1000089,4,0.9945561289787292,0.5050920248031616,0.5042685270309448,True
1710807515,fk_qslstm,ema,test,1000089,5,0.453665167093277,0.6762727499008179,0.6740120649337769,True
1710807515,fk_qslstm,ema,test,1000089,6,0.24233514070510864,0.6864192485809326,0.6819982528686523,True
1710807515,fk_qslstm,ema,test,1000089,7,0.40619340538978577,0.792851448059082,0.7900723218917847,True
1710807515,fk_qslstm,ema,test,1000089,8,0.8099378943443298,1.1202439069747925,1.1224274635314941,True
1710807515,fk_qslstm,ema,test,1000089,9,-0.48023635149002075,0.6080533266067505,0.6053640842437744,True
1710807515,fk_qslstm,ema,test,1000089,10,0.9063173532485962,1.0302330255508423,1.034493088722229,True
1710807515,fk_qslstm,ema,test,1000089,11,0.8360984921455383,1.3258455991744995,1.3214161396026611,True
1710807515,fk_qslstm,ema,test,1000089,12,-0.14911291003227234,0.9712086915969849,0.9721887707710266,True
1710807515,fk_qslstm,ema,test,1000089,13,-0.6513903737068176,0.38613271713256836,0.38047030568122864,True
1710807515,fk_qslstm,ema,test,1000089,14,-0.49183720350265503,0.013803841546177864,0.006326615810394287,True
1710807515,fk_qslstm,ema,test,1000089,15,0.5256125926971436,0.3264106512069702,0.31767868995666504,True
1710807515,fk_qslstm,ema,test,1000089,16,0.8663867115974426,0.7809605598449707,0.7788969874382019,True
1710807515,fk_qslstm,ema,test,1000089,17,-0.06727174669504166,0.5844054222106934,0.5770713090896606,True
1710807515,fk_qslstm,ema,test,1000089,18,-0.14766164124011993,0.3789273202419281,0.37014374136924744,True
1710807515,fk_qslstm,ema,test,1000089,19,0.5773107409477234,0.6495283246040344,0.6447937488555908,True
1710807515,fk_qslstm,ema,test,1000089,20,-0.9598292112350464,-0.05627486854791641,-0.05365639925003052,True
1710807515,fk_qslstm,ema,test,1000089,21,-0.09566833078861237,-0.10242089629173279,-0.09754177927970886,True
1710807515,fk_qslstm,ema,test,1000089,22,0.2161366194486618,0.04774526134133339,0.052655935287475586,True
1710807515,fk_qslstm,ema,test,1000089,23,-0.18022847175598145,-0.06994087249040604,-0.061512649059295654,True
1710807515,fk_qslstm,ema,test,1000089,24,0.9021909832954407,0.48536187410354614,0.4899354577064514,True
1710807515,fk_qslstm,ema,test,1000089,25,0.9866146445274353,0.9802582859992981,0.98707515001297,True
1710807515,fk_qslstm,ema,test,1000089,26,-0.5321687459945679,0.46490538120269775,0.4605732262134552,True
1710807515,fk_qslstm,ema,test,1000089,27,-0.8122169971466064,-0.11540587991476059,-0.12216231226921082,True
1710807515,fk_qslstm,ema,test,1000089,28,-0.5596646666526794,-0.42812350392341614,-0.43412530422210693,True
1710807515,fk_qslstm,ema,test,1000089,29,-0.5494269132614136,-0.67215496301651,-0.677906334400177,True
1710807515,fk_qslstm,ema,test,1000089,30,-0.7788332104682922,-1.0050239562988281,-1.0127153396606445,True
1710807515,fk_qslstm,ema,test,1000089,31,0.3492138087749481,-0.5944908261299133,-0.5988367199897766,True
1710807515,fk_qslstm,ema,test,1000090,0,-0.5422438979148865,-0.32534632086753845,-0.3228920102119446,True
1710807515,fk_qslstm,ema,test,1000090,1,0.11669056117534637,-0.19026271998882294,-0.19613677263259888,True
1710807515,fk_qslstm,ema,test,1000090,2,-0.7194014191627502,-0.5838510394096375,-0.5951797962188721,True
1710807515,fk_qslstm,ema,test,1000090,3,0.7765052914619446,-0.0011776472674682736,-0.007941901683807373,True
1710807515,fk_qslstm,ema,test,1000090,4,-0.2748062014579773,-0.16582584381103516,-0.16380971670150757,True
1710807515,fk_qslstm,ema,test,1000090,5,0.8412890434265137,0.3721127510070801,0.3705102801322937,True
1710807515,fk_qslstm,ema,test,1000090,6,0.6775386929512024,0.7042134404182434,0.7063745260238647,True
1710807515,fk_qslstm,ema,test,1000090,7,0.6765645742416382,0.9693095088005066,0.9754571318626404,True
1710807515,fk_qslstm,ema,test,1000090,8,-0.576514720916748,0.4295387864112854,0.42871102690696716,True
1710807515,fk_qslstm,ema,test,1000090,9,0.26589804887771606,0.5031698346138,0.49992141127586365,True
1710807515,fk_qslstm,ema,test,1000090,10,-0.6585565209388733,0.007401959504932165,0.00608178973197937,True
1710807515,fk_qslstm,ema,test,1000090,11,-0.7625427842140198,-0.45160412788391113,-0.4548555612564087,True
1710807515,fk_qslstm,ema,test,1000090,12,-0.010259686969220638,-0.3674390912055969,-0.36609095335006714,True
1710807515,fk_qslstm,ema,test,1000090,13,-0.39896726608276367,-0.5333316326141357,-0.529710590839386,True
1710807515,fk_qslstm,ema,test,1000090,14,0.035106904804706573,-0.4056011736392975,-0.4013546109199524,True
1710807515,fk_qslstm,ema,test,1000090,15,-0.9661553502082825,-0.9041741490364075,-0.9020373225212097,True
1710807515,fk_qslstm,ema,test,1000090,16,0.34207624197006226,-0.5180935859680176,-0.515219509601593,True
1710807515,fk_qslstm,ema,test,1000090,17,0.9643334746360779,0.1641252189874649,0.15966558456420898,True
1710807515,fk_qslstm,ema,test,1000090,18,0.7228266000747681,0.5649961829185486,0.5604355931282043,True
1710807515,fk_qslstm,ema,test,1000090,19,0.5165154337882996,0.7619062066078186,0.7588905096054077,True
1710807515,fk_qslstm,ema,test,1000090,20,-0.325897753238678,0.41398629546165466,0.4080927073955536,True
1710807515,fk_qslstm,ema,test,1000090,21,0.8789957165718079,0.8585864901542664,0.8588489890098572,True
1710807515,fk_qslstm,ema,test,1000090,22,-0.8301416635513306,0.1887841671705246,0.18694132566452026,True
1710807515,fk_qslstm,ema,test,1000090,23,0.7178353071212769,0.5817285180091858,0.5799275636672974,True
1710807515,fk_qslstm,ema,test,1000090,24,-0.47959405183792114,0.177626371383667,0.17738422751426697,True
1710807515,fk_qslstm,ema,test,1000090,25,0.7143868803977966,0.5707332491874695,0.570911705493927,True
1710807515,fk_qslstm,ema,test,1000090,26,0.03920545056462288,0.4801098704338074,0.47976553440093994,True
1710807515,fk_qslstm,ema,test,1000090,27,0.4915871322154999,0.6790401935577393,0.680137038230896,True
1710807515,fk_qslstm,ema,test,1000090,28,0.537431538105011,0.865691065788269,0.8706164360046387,True
1710807515,fk_qslstm,ema,test,1000090,29,0.8219830393791199,1.185742735862732,1.191347599029541,True
1710807515,fk_qslstm,ema,test,1000090,30,-0.6724115014076233,0.5451472401618958,0.5478882193565369,True
1710807515,fk_qslstm,ema,test,1000090,31,-0.9625973105430603,-0.14144060015678406,-0.13573235273361206,True
1710807515,fk_qslstm,ema,test,1000091,0,0.7667651772499084,0.46005910634994507,0.45571866631507874,True
1710807515,fk_qslstm,ema,test,1000091,1,-0.22680342197418213,0.23196522891521454,0.2424403727054596,True
1710807515,fk_qslstm,ema,test,1000091,2,0.2804798483848572,0.353860080242157,0.3530215620994568,True
1710807515,fk_qslstm,ema,test,1000091,3,-0.6062443852424622,-0.08065856993198395,-0.08076998591423035,True
1710807515,fk_qslstm,ema,test,1000091,4,-0.34946754574775696,-0.27420738339424133,-0.2725875973701477,True
1710807515,fk_qslstm,ema,test,1000091,5,0.06111811101436615,-0.18269504606723785,-0.1799103021621704,True
1710807515,fk_qslstm,ema,test,1000091,6,-0.26712700724601746,-0.30643224716186523,-0.30089712142944336,True
1710807515,fk_qslstm,ema,test,1000091,7,-0.11278580874204636,-0.3128172755241394,-0.30670541524887085,True
1710807515,fk_qslstm,ema,test,1000091,8,-0.28425246477127075,-0.42080530524253845,-0.41391241550445557,True
1710807515,fk_qslstm,ema,test,1000091,9,-0.6076936721801758,-0.7012604475021362,-0.6992203593254089,True
1710807515,fk_qslstm,ema,test,1000091,10,-0.6506655812263489,-0.9514077305793762,-0.9542954564094543,True
1710807515,fk_qslstm,ema,test,1000091,11,0.027609292417764664,-0.7445605993270874,-0.7469131350517273,True
1710807515,fk_qslstm,ema,test,1000091,12,0.8619526028633118,-0.07847694307565689,-0.0796012282371521,True
1710807515,fk_qslstm,ema,test,1000091,13,-0.7597194910049438,-0.5186132788658142,-0.5206658244132996,True
1710807515,fk_qslstm,ema,test,1000091,14,0.6353620290756226,-0.03367337957024574,-0.03792601823806763,True
1710807515,fk_qslstm,ema,test,1000091,15,-0.20334894955158234,-0.148948073387146,-0.14790338277816772,True
1710807515,fk_qslstm,ema,test,1000091,16,-0.4571487307548523,-0.3934476971626282,-0.39228302240371704,True
1710807515,fk_qslstm,ema,test,1000091,17,-0.7422784566879272,-0.7601252198219299,-0.7641339898109436,True
1710807515,fk_qslstm,ema,test,1000091,18,-0.9466466903686523,-1.1760882139205933,-1.1756806373596191,True
1710807515,fk_qslstm,ema,test,1000091,19,0.6761034727096558,-0.535208523273468,-0.5293312072753906,True
1710807515,fk_qslstm,ema,test,1000091,20,-0.5885645151138306,-0.7813054919242859,-0.7827935814857483,True
1710807515,fk_qslstm,ema,test,1000091,21,-0.3533329367637634,-0.8370441794395447,-0.8413625359535217,True
1710807515,fk_qslstm,ema,test,1000091,22,0.10516569763422012,-0.6065359115600586,-0.6072713732719421,True
1710807515,fk_qslstm,ema,test,1000091,23,0.3102525770664215,-0.29907718300819397,-0.29938268661499023,True
1710807515,fk_qslstm,ema,test,1000091,24,-0.6005492210388184,-0.5995912551879883,-0.6022883653640747,True
1710807515,fk_qslstm,ema,test,1000091,25,0.6804206967353821,-0.0714205950498581,-0.07329064607620239,True
1710807515,fk_qslstm,ema,test,1000091,26,-0.8704885840415955,-0.5794296264648438,-0.5808586478233337,True
1710807515,fk_qslstm,ema,test,1000091,27,0.37194764614105225,-0.24037513136863708,-0.24349063634872437,True
1710807515,fk_qslstm,ema,test,1000091,28,0.5720232725143433,0.15091384947299957,0.14541509747505188,True
1710807515,fk_qslstm,ema,test,1000091,29,-0.4738343060016632,-0.16356950998306274,-0.16486263275146484,True
1710807515,fk_qslstm,ema,test,1000091,30,0.5569760799407959,0.20333003997802734,0.19802439212799072,True
1710807515,fk_qslstm,ema,test,1000091,31,-0.24616098403930664,0.014967435039579868,0.015147209167480469,True
1710807515,fk_qslstm,ema,test,1000092,0,-0.9637405872344971,-0.5782443284988403,-0.5635054707527161,True
1710807515,fk_qslstm,ema,test,1000092,1,0.5654255747795105,-0.12334012240171432,-0.12087565660476685,True
1710807515,fk_qslstm,ema,test,1000092,2,-0.7576695680618286,-0.5532738566398621,-0.5533697605133057,True
1710807515,fk_qslstm,ema,test,1000092,3,0.8461057543754578,0.0650443583726883,0.06567269563674927,True
1710807515,fk_qslstm,ema,test,1000092,4,0.4351811707019806,0.31314417719841003,0.3146630823612213,True
1710807515,fk_qslstm,ema,test,1000092,5,-0.5648993849754333,-0.08842428773641586,-0.08346042037010193,True
1710807515,fk_qslstm,ema,test,1000092,6,0.31882286071777344,0.12055427581071854,0.12260296940803528,True
1710807515,fk_qslstm,ema,test,1000092,7,0.9947434067726135,0.6932894587516785,0.6952717304229736,True
1710807515,fk_qslstm,ema,test,1000092,8,-0.03799813613295555,0.5318326950073242,0.5288100242614746,True
1710807515,fk_qslstm,ema,test,1000092,9,-0.4109213948249817,0.17891332507133484,0.17567092180252075,True
1710807515,fk_qslstm,ema,test,1000092,10,-0.225921168923378,0.007577954791486263,0.008402019739151001,True
1710807515,fk_qslstm,ema,test,1000092,11,-0.39714106917381287,-0.2322222739458084,-0.2269713282585144,True
1710807515,fk_qslstm,ema,test,1000092,12,0.08916027098894119,-0.13228166103363037,-0.12703773379325867,True
1710807515,fk_qslstm,ema,test,1000092,13,-0.14685167372226715,-0.1939363330602646,-0.18629580736160278,True
1710807515,fk_qslstm,ema,test,1000092,14,0.7268171310424805,0.2809412181377411,0.2841283679008484,True
1710807515,fk_qslstm,ema,test,1000092,15,-0.35321900248527527,0.01282158400863409,0.01858699321746826,True
1710807515,fk_qslstm,ema,test,1000092,16,0.4909619390964508,0.30483442544937134,0.3050505816936493,True
1710807515,fk_qslstm,ema,test,1000092,17,0.01140305120497942,0.2507093846797943,0.251583993434906,True
1710807515,fk_qslstm,ema,test,1000092,18,0.38679736852645874,0.43264591693878174,0.43148326873779297,True
1710807515,fk_qslstm,ema,test,1000092,19,-0.4860401451587677,0.054492656141519547,0.05593493580818176,True
1710807515,fk_qslstm,ema,test,1000092,20,0.09349603950977325,0.09969174861907959,0.100562185049057,True
1710807515,fk_qslstm,ema,test,1000092,21,-0.6731902956962585,-0.32416078448295593,-0.3215530514717102,True
1710807515,fk_qslstm,ema,test,1000092,22,0.3670767545700073,-0.03908256068825722,-0.03899917006492615,True
1710807515,fk_qslstm,ema,test,1000092,23,0.18170486390590668,0.07775687426328659,0.07743619382381439,True
1710807515,fk_qslstm,ema,test,1000092,24,0.9971007108688354,0.6604658961296082,0.6576277613639832,True
1710807515,fk_qslstm,ema,test,1000092,25,-0.6607555150985718,0.13191942870616913,0.12547916173934937,True
1710807515,fk_qslstm,ema,test,1000092,26,-0.8596345782279968,-0.41024520993232727,-0.4187270998954773,True
1710807515,fk_qslstm,ema,test,1000092,27,0.65364009141922,0.0639878660440445,0.05682066082954407,True
1710807515,fk_qslstm,ema,test,1000092,28,0.76012122631073,0.5072630047798157,0.5024259090423584,True
1710807515,fk_qslstm,ema,test,1000092,29,-0.6106982231140137,0.03939146548509598,0.03555166721343994,True
1710807515,fk_qslstm,ema,test,1000092,30,0.6425201296806335,0.41702523827552795,0.4108332097530365,True
1710807515,fk_qslstm,ema,test,1000092,31,0.49259695410728455,0.6291783452033997,0.6259662508964539,True
1710807515,fk_qslstm,ema,test,1000093,0,-0.9773346185684204,-0.5864007472991943,-0.5706401467323303,True
1710807515,fk_qslstm,ema,test,1000093,1,0.48757845163345337,-0.17657352983951569,-0.1742304265499115,True
1710807515,fk_qslstm,ema,test,1000093,2,0.557576596736908,0.19328711926937103,0.19250383973121643,True
1710807515,fk_qslstm,ema,test,1000093,3,0.10047193616628647,0.21491286158561707,0.21705245971679688,True
1710807515,fk_qslstm,ema,test,1000093,4,0.13455280661582947,0.25266197323799133,0.25617149472236633,True
1710807515,fk_qslstm,ema,test,1000093,5,0.18554648756980896,0.3134574592113495,0.31776079535484314,True
1710807515,fk_qslstm,ema,test,1000093,6,-0.8161910772323608,-0.23894868791103363,-0.23217183351516724,True
1710807515,fk_qslstm,ema,test,1000093,7,-0.8618504405021667,-0.7082692384719849,-0.7074428200721741,True
1710807515,fk_qslstm,ema,test,1000093,8,-0.6349382996559143,-0.9475783109664917,-0.9495499730110168,True
1710807515,fk_qslstm,ema,test,1000093,9,0.374967485666275,-0.5330821871757507,-0.5291919112205505,True
1710807515,fk_qslstm,ema,test,1000093,10,-0.6074214577674866,-0.7909186482429504,-0.7918453812599182,True
1710807515,fk_qslstm,ema,test,1000093,11,0.2649632394313812,-0.47375696897506714,-0.47345227003097534,True
1710807515,fk_qslstm,ema,test,1000093,12,0.018700169399380684,-0.3677854537963867,-0.3662998080253601,True
1710807515,fk_qslstm,ema,test,1000093,13,0.9111905097961426,0.2524859309196472,0.2483542263507843,True
1710807515,fk_qslstm,ema,test,1000093,14,-0.18207424879074097,0.09274418652057648,0.09184238314628601,True
1710807515,fk_qslstm,ema,test,1000093,15,0.33444082736968994,0.27485984563827515,0.2697172164916992,True
1710807515,fk_qslstm,ema,test,1000093,16,-0.27130749821662903,0.05710337311029434,0.056556105613708496,True
1710807515,fk_qslstm,ema,test,1000093,17,0.160365492105484,0.14190199971199036,0.1400994509458542,True
1710807515,fk_qslstm,ema,test,1000093,18,0.04731564223766327,0.14191098511219025,0.14169248938560486,True
1710807515,fk_qslstm,ema,test,1000093,19,0.6980197429656982,0.5323406457901001,0.5330946445465088,True
1710807515,fk_qslstm,ema,test,1000093,20,0.24172885715961456,0.5709097981452942,0.5702402591705322,True
1710807515,fk_qslstm,ema,test,1000093,21,-0.39786937832832336,0.2180062234401703,0.21728701889514923,True
1710807515,fk_qslstm,ema,test,1000093,22,-0.7477563619613647,-0.2742488384246826,-0.2748764157295227,True
1710807515,fk_qslstm,ema,test,1000093,23,-0.244005486369133,-0.3658023774623871,-0.3620968461036682,True
1710807515,fk_qslstm,ema,test,1000093,24,-0.544640302658081,-0.6194260716438293,-0.6160603165626526,True
1710807515,fk_qslstm,ema,test,1000093,25,-0.36460644006729126,-0.7143047451972961,-0.7112070918083191,True
1710807515,fk_qslstm,ema,test,1000093,26,-0.6219994425773621,-0.9446434378623962,-0.9453096985816956,True
1710807515,fk_qslstm,ema,test,1000093,27,-0.5564138293266296,-1.089563012123108,-1.0925238132476807,True
1710807515,fk_qslstm,ema,test,1000093,28,-0.745124340057373,-1.3187249898910522,-1.3161063194274902,True
1710807515,fk_qslstm,ema,test,1000093,29,-0.01605772227048874,-1.0646146535873413,-1.0727765560150146,True
1710807515,fk_qslstm,ema,test,1000093,30,-0.5160245895385742,-1.1613065004348755,-1.1748929023742676,True
1710807515,fk_qslstm,ema,test,1000093,31,0.7960909605026245,-0.4513905942440033,-0.4527663588523865,True
1710807515,fk_qslstm,ema,test,1000094,0,-0.10476940125226974,-0.06286164373159409,-0.061348021030426025,True
1710807515,fk_qslstm,ema,test,1000094,1,0.5570928454399109,0.28396642208099365,0.2772458791732788,True
1710807515,fk_qslstm,ema,test,1000094,2,-0.23553813993930817,0.08585023880004883,0.08126877248287201,True
1710807515,fk_qslstm,ema,test,1000094,3,0.11646948754787445,0.1385618895292282,0.13435734808444977,True
1710807515,fk_qslstm,ema,test,1000094,4,0.9337491393089294,0.6710990071296692,0.6690158843994141,True
1710807515,fk_qslstm,ema,test,1000094,5,-0.09658295661211014,0.47892943024635315,0.47441837191581726,True
1710807515,fk_qslstm,ema,test,1000094,6,-0.1553345024585724,0.28994283080101013,0.28614160418510437,True
1710807515,fk_qslstm,ema,test,1000094,7,0.7248581051826477,0.6668691039085388,0.6678757667541504,True
1710807515,fk_qslstm,ema,test,1000094,8,-0.6130635142326355,0.1656571924686432,0.16547253727912903,True
1710807515,fk_qslstm,ema,test,1000094,9,-0.018085889518260956,0.12167421728372574,0.12172964215278625,True
1710807515,fk_qslstm,ema,test,1000094,10,0.8350361585617065,0.598361074924469,0.6013835668563843,True
1710807515,fk_qslstm,ema,test,1000094,11,-0.8069179058074951,-0.005461893044412136,-0.0020699501037597656,True
1710807515,fk_qslstm,ema,test,1000094,12,-0.8365333676338196,-0.506289541721344,-0.507651150226593,True
1710807515,fk_qslstm,ema,test,1000094,13,0.6603301167488098,-0.008833572268486023,-0.007969111204147339,True
1710807515,fk_qslstm,ema,test,1000094,14,0.7491344809532166,0.4424138367176056,0.4434139132499695,True
1710807515,fk_qslstm,ema,test,1000094,15,0.17509131133556366,0.458985835313797,0.4576883018016815,True
1710807515,fk_qslstm,ema,test,1000094,16,-0.2218809872865677,0.23406007885932922,0.2340318262577057,True
1710807515,fk_qslstm,ema,test,1000094,17,-0.10715193301439285,0.12295690923929214,0.12560440599918365,True
1710807515,fk_qslstm,ema,test,1000094,18,-0.11342636495828629,0.030309705063700676,0.03655087947845459,True
1710807515,fk_qslstm,ema,test,1000094,19,-0.6591878533363342,-0.3712649643421173,-0.3652879595756531,True
1710807515,fk_qslstm,ema,test,1000094,20,0.6806526780128479,0.11137961596250534,0.11496362090110779,True
1710807515,fk_qslstm,ema,test,1000094,21,-0.273664653301239,-0.07509508728981018,-0.06684300303459167,True
1710807515,fk_qslstm,ema,test,1000094,22,0.8950632214546204,0.4769618511199951,0.4800783395767212,True
1710807515,fk_qslstm,ema,test,1000094,23,-0.4286276400089264,0.12439290434122086,0.12751856446266174,True
1710807515,fk_qslstm,ema,test,1000094,24,-0.4396798312664032,-0.1642935872077942,-0.1611143946647644,True
1710807515,fk_qslstm,ema,test,1000094,25,-0.7493073344230652,-0.5810192823410034,-0.5813705325126648,True
1710807515,fk_qslstm,ema,test,1000094,26,0.33957427740097046,-0.2610708773136139,-0.26096707582473755,True
1710807515,fk_qslstm,ema,test,1000094,27,0.5616267919540405,0.12811939418315887,0.12494802474975586,True
1710807515,fk_qslstm,ema,test,1000094,28,-0.06044238805770874,0.06623008102178574,0.06491000950336456,True
1710807515,fk_qslstm,ema,test,1000094,29,-0.6571521162986755,-0.3413071930408478,-0.34296441078186035,True
1710807515,fk_qslstm,ema,test,1000094,30,-0.6061689853668213,-0.6367471814155579,-0.6414997577667236,True
1710807515,fk_qslstm,ema,test,1000094,31,-0.04982627183198929,-0.5392934679985046,-0.540485680103302,True
1710807515,fk_qslstm,ema,test,1000095,0,0.3910786211490631,0.23464716970920563,0.23455819487571716,True
1710807515,fk_qslstm,ema,test,1000095,1,-0.6708891987800598,-0.21481579542160034,-0.2033705711364746,True
1710807515,fk_qslstm,ema,test,1000095,2,0.17766669392585754,-0.06525261700153351,-0.06603741645812988,True
1710807515,fk_qslstm,ema,test,1000095,3,0.5294726490974426,0.26548147201538086,0.26138997077941895,True
1710807515,fk_qslstm,ema,test,1000095,4,-0.8942169547080994,-0.32414498925209045,-0.32409900426864624,True
1710807515,fk_qslstm,ema,test,1000095,5,0.6029677391052246,0.10246463119983673,0.09978219866752625,True
1710807515,fk_qslstm,ema,test,1000095,6,0.5591562390327454,0.417465478181839,0.41536810994148254,True
1710807515,fk_qslstm,ema,test,1000095,7,-0.7140268087387085,-0.09444373100996017,-0.09465906023979187,True
1710807515,fk_qslstm,ema,test,1000095,8,0.9652380347251892,0.5035878419876099,0.49805569648742676,True
1710807515,fk_qslstm,ema,test,1000095,9,-0.46235695481300354,0.1254560947418213,0.1222093403339386,True
1710807515,fk_qslstm,ema,test,1000095,10,-0.44027289748191833,-0.16379886865615845,-0.16544872522354126,True
1710807515,fk_qslstm,ema,test,1000095,11,-0.5723040699958801,-0.47442153096199036,-0.47580575942993164,True
1710807515,fk_qslstm,ema,test,1000095,12,0.8042889833450317,0.10303618013858795,0.10131210088729858,True
1710807515,fk_qslstm,ema,test,1000095,13,-0.9879940748214722,-0.5103675127029419,-0.5056482553482056,True
1710807515,fk_qslstm,ema,test,1000095,14,-0.7915679812431335,-0.8832347393035889,-0.8869732022285461,True
1710807515,fk_qslstm,ema,test,1000095,15,-0.1985444277524948,-0.8257144689559937,-0.8280442357063293,True
1710807515,fk_qslstm,ema,test,1000095,16,-0.1304236352443695,-0.7388257384300232,-0.7389407753944397,True
1710807515,fk_qslstm,ema,test,1000095,17,-0.23024395108222961,-0.7292069792747498,-0.7282789349555969,True
1710807515,fk_qslstm,ema,test,1000095,18,0.9888070821762085,0.009918673895299435,0.009161531925201416,True
1710807515,fk_qslstm,ema,test,1000095,19,-0.08989362418651581,-0.046001236885786057,-0.04384404420852661,True
1710807515,fk_qslstm,ema,test,1000095,20,0.1662263572216034,0.06293482333421707,0.06164993345737457,True
1710807515,fk_qslstm,ema,test,1000095,21,-0.310886949300766,-0.13618431985378265,-0.13335156440734863,True
1710807515,fk_qslstm,ema,test,1000095,22,-0.34508663415908813,-0.31599944829940796,-0.31115806102752686,True
1710807515,fk_qslstm,ema,test,1000095,23,0.044609636068344116,-0.2260337620973587,-0.22111374139785767,True
1710807515,fk_qslstm,ema,test,1000095,24,0.1382351666688919,-0.09788591414690018,-0.09499049186706543,True
1710807515,fk_qslstm,ema,test,1000095,25,-0.39839819073677063,-0.3173476457595825,-0.31300944089889526,True
1710807515,fk_qslstm,ema,test,1000095,26,0.607533872127533,0.1106422021985054,0.11037065088748932,True
1710807515,fk_qslstm,ema,test,1000095,27,0.6178944706916809,0.45925045013427734,0.4578785002231598,True
1710807515,fk_qslstm,ema,test,1000095,28,0.4951474964618683,0.6644888520240784,0.6632583141326904,True
1710807515,fk_qslstm,ema,test,1000095,29,-0.8307640552520752,0.033132653683423996,0.03197532892227173,True
1710807515,fk_qslstm,ema,test,1000095,30,-0.769892692565918,-0.43542948365211487,-0.43953537940979004,True
1710807515,fk_qslstm,ema,test,1000095,31,0.149135559797287,-0.2588622570037842,-0.2596065402030945,True
1710807515,fk_qslstm,ema,test,1000096,0,-0.48243477940559387,-0.2894608676433563,-0.2871547341346741,True
1710807515,fk_qslstm,ema,test,1000096,1,0.5264244079589844,0.08428594470024109,0.07559078931808472,True
1710807515,fk_qslstm,ema,test,1000096,2,-0.6618235111236572,-0.32966533303260803,-0.3370392322540283,True
1710807515,fk_qslstm,ema,test,1000096,3,-0.7881534099578857,-0.7366243600845337,-0.7499759793281555,True
1710807515,fk_qslstm,ema,test,1000096,4,-0.8820363879203796,-1.1185213327407837,-1.1297283172607422,True
1710807515,fk_qslstm,ema,test,1000096,5,0.3290080726146698,-0.6974121928215027,-0.7041305899620056,True
1710807515,fk_qslstm,ema,test,1000096,6,-0.9022820591926575,-1.0992989540100098,-1.1076006889343262,True
1710807515,fk_qslstm,ema,test,1000096,7,-0.5693504214286804,-1.221049427986145,-1.2299325466156006,True
1710807515,fk_qslstm,ema,test,1000096,8,-0.21252503991127014,-1.1043546199798584,-1.1172809600830078,True
1710807515,fk_qslstm,ema,test,1000096,9,-0.6241433620452881,-1.2579697370529175,-1.2699105739593506,True
1710807515,fk_qslstm,ema,test,1000096,10,0.3430930972099304,-0.8005198836326599,-0.8124244809150696,True
1710807515,fk_qslstm,ema,test,1000096,11,-0.5527278780937195,-0.9720526337623596,-0.9877064824104309,True
1710807515,fk_qslstm,ema,test,1000096,12,0.3159765601158142,-0.588056206703186,-0.595049262046814,True
1710807515,fk_qslstm,ema,test,1000096,13,0.009606966748833656,-0.4646807610988617,-0.4656338691711426,True
1710807515,fk_qslstm,ema,test,1000096,14,0.3576773703098297,-0.1571381837129593,-0.1568770408630371,True
1710807515,fk_qslstm,ema,test,1000096,15,-0.6910427212715149,-0.5403361916542053,-0.5411245226860046,True
1710807515,fk_qslstm,ema,test,1000096,16,0.06233852729201317,-0.39486584067344666,-0.39446836709976196,True
1710807515,fk_qslstm,ema,test,1000096,17,0.4059431552886963,-0.07232676446437836,-0.07340303063392639,True
1710807515,fk_qslstm,ema,test,1000096,18,0.6303905248641968,0.32037290930747986,0.31657925248146057,True
1710807515,fk_qslstm,ema,test,1000096,19,0.9473695158958435,0.824720025062561,0.8242653012275696,True
1710807515,fk_qslstm,ema,test,1000096,20,0.9140326380729675,1.2081955671310425,1.205615758895874,True
1710807515,fk_qslstm,ema,test,1000096,21,-0.050490688532590866,0.9362620711326599,0.9324725270271301,True
1710807515,fk_qslstm,ema,test,1000096,22,-0.9154975414276123,0.1997111439704895,0.19561579823493958,True
1710807515,fk_qslstm,ema,test,1000096,23,-0.4568081200122833,-0.1143159568309784,-0.11729305982589722,True
1710807515,fk_qslstm,ema,test,1000096,24,-0.07145470380783081,-0.13432559370994568,-0.13380476832389832,True
1710807515,fk_qslstm,ema,test,1000096,25,-0.11976133286952972,-0.17931726574897766,-0.1759142279624939,True
1710807515,fk_qslstm,ema,test,1000096,26,-0.38952645659446716,-0.3771696984767914,-0.3725058436393738,True
1710807515,fk_qslstm,ema,test,1000096,27,-0.7314922213554382,-0.740631103515625,-0.7416079640388489,True
1710807515,fk_qslstm,ema,test,1000096,28,0.1213359609246254,-0.5197032690048218,-0.5198341608047485,True
1710807515,fk_qslstm,ema,test,1000096,29,0.9861503839492798,0.17592759430408478,0.16847966611385345,True
1710807515,fk_qslstm,ema,test,1000096,30,0.23376919329166412,0.28100359439849854,0.2710217237472534,True
1710807515,fk_qslstm,ema,test,1000096,31,0.4667465388774872,0.5048508048057556,0.49391910433769226,True
1710807515,fk_qslstm,ema,test,1000097,0,0.8189035654067993,0.49134212732315063,0.48515021800994873,True
1710807515,fk_qslstm,ema,test,1000097,1,-0.5695620775222778,0.05133645609021187,0.06279982626438141,True
1710807515,fk_qslstm,ema,test,1000097,2,0.3742450177669525,0.26561617851257324,0.2630291283130646,True
1710807515,fk_qslstm,ema,test,1000097,3,0.2918221354484558,0.38758620619773865,0.3824024498462677,True
1710807515,fk_qslstm,ema,test,1000097,4,0.23056480288505554,0.4484078586101532,0.4420008659362793,True
1710807515,fk_qslstm,ema,test,1000097,5,0.010996953584253788,0.365324467420578,0.3599490523338318,True
1710807515,fk_qslstm,ema,test,1000097,6,-0.8031546473503113,-0.18963320553302765,-0.19235709309577942,True
1710807515,fk_qslstm,ema,test,1000097,7,-0.46501466631889343,-0.4307153522968292,-0.43148666620254517,True
1710807515,fk_qslstm,ema,test,1000097,8,-0.2818751335144043,-0.5136973857879639,-0.5101028084754944,True
1710807515,fk_qslstm,ema,test,1000097,9,0.6955711841583252,0.006384816486388445,0.009931743144989014,True
1710807515,fk_qslstm,ema,test,1000097,10,0.4655289053916931,0.28442519903182983,0.28434157371520996,True
1710807515,fk_qslstm,ema,test,1000097,11,-0.011901232413947582,0.2203994244337082,0.21999870240688324,True
1710807515,fk_qslstm,ema,test,1000097,12,-0.32340794801712036,-0.017725227400660515,-0.015000909566879272,True
1710807515,fk_qslstm,ema,test,1000097,13,0.12823784351348877,0.06276252120733261,0.06453394889831543,True
1710807515,fk_qslstm,ema,test,1000097,14,0.4984411597251892,0.3492746949195862,0.3492644131183624,True
1710807515,fk_qslstm,ema,test,1000097,15,0.8241404891014099,0.7739040851593018,0.7786300778388977,True
1710807515,fk_qslstm,ema,test,1000097,16,-0.26016366481781006,0.4630250632762909,0.46271848678588867,True
1710807515,fk_qslstm,ema,test,1000097,17,0.6266942024230957,0.7464365363121033,0.7488951683044434,True
1710807515,fk_qslstm,ema,test,1000097,18,0.8049716353416443,1.080132246017456,1.0875067710876465,True
1710807515,fk_qslstm,ema,test,1000097,19,-0.7248736619949341,0.42918160557746887,0.4305438697338104,True
1710807515,fk_qslstm,ema,test,1000097,20,0.4292488098144531,0.600894570350647,0.6008273363113403,True
1710807515,fk_qslstm,ema,test,1000097,21,0.31378939747810364,0.6689893007278442,0.66950923204422,True
1710807515,fk_qslstm,ema,test,1000097,22,0.0073032197542488575,0.5395733714103699,0.5382869243621826,True
1710807515,fk_qslstm,ema,test,1000097,23,0.2574259340763092,0.586114227771759,0.5848620533943176,True
1710807515,fk_qslstm,ema,test,1000097,24,0.5510099530220032,0.7994973659515381,0.8030791282653809,True
1710807515,fk_qslstm,ema,test,1000097,25,-0.2980843782424927,0.46074727177619934,0.4618493318557739,True
1710807515,fk_qslstm,ema,test,1000097,26,-0.33086347579956055,0.17007972300052643,0.1728413999080658,True
1710807515,fk_qslstm,ema,test,1000097,27,0.6703681945800781,0.5382847189903259,0.543262779712677,True
1710807515,fk_qslstm,ema,test,1000097,28,0.509109616279602,0.7360935211181641,0.7434513568878174,True
1710807515,fk_qslstm,ema,test,1000097,29,0.25081130862236023,0.739361584186554,0.7445994019508362,True
1710807515,fk_qslstm,ema,test,1000097,30,-0.23807290196418762,0.44864556193351746,0.4511576294898987,True
1710807515,fk_qslstm,ema,test,1000097,31,0.7962702512741089,0.8366786241531372,0.8453594446182251,True
1710807515,fk_qslstm,ema,test,1000098,0,-0.21557201445102692,-0.1293432116508484,-0.12741073966026306,True
1710807515,fk_qslstm,ema,test,1000098,1,0.4651355445384979,0.17560675740242004,0.16820506751537323,True
1710807515,fk_qslstm,ema,test,1000098,2,0.8584976196289062,0.6555839776992798,0.6452279090881348,True
1710807515,fk_qslstm,ema,test,1000098,3,0.38426077365875244,0.7550236582756042,0.7467119693756104,True
1710807515,fk_qslstm,ema,test,1000098,4,-0.2079983353614807,0.479219913482666,0.47099047899246216,True
1710807515,fk_qslstm,ema,test,1000098,5,0.3669743239879608,0.6035605072975159,0.5974209904670715,True
1710807515,fk_qslstm,ema,test,1000098,6,-0.6022425889968872,0.12150288373231888,0.11765585839748383,True
1710807515,fk_qslstm,ema,test,1000098,7,-0.6761453151702881,-0.30848488211631775,-0.3115193247795105,True
1710807515,fk_qslstm,ema,test,1000098,8,0.5744776129722595,0.09789866209030151,0.09574815630912781,True
1710807515,fk_qslstm,ema,test,1000098,9,-0.9118993282318115,-0.4688206911087036,-0.4667338728904724,True
1710807515,fk_qslstm,ema,test,1000098,10,-0.397552490234375,-0.6135880351066589,-0.6126284003257751,True
1710807515,fk_qslstm,ema,test,1000098,11,0.19162815809249878,-0.3758935332298279,-0.3723421096801758,True
1710807515,fk_qslstm,ema,test,1000098,12,0.8925703763961792,0.23482739925384521,0.2335817813873291,True
1710807515,fk_qslstm,ema,test,1000098,13,0.5931888222694397,0.543775200843811,0.5418586730957031,True
1710807515,fk_qslstm,ema,test,1000098,14,-0.594330906867981,0.07842161506414413,0.07599085569381714,True
1710807515,fk_qslstm,ema,test,1000098,15,-0.8710464835166931,-0.45989057421684265,-0.46437007188796997,True
1710807515,fk_qslstm,ema,test,1000098,16,0.827309250831604,0.12847308814525604,0.12492123246192932,True
1710807515,fk_qslstm,ema,test,1000098,17,-0.9490869045257568,-0.46667367219924927,-0.4639020562171936,True
1710807515,fk_qslstm,ema,test,1000098,18,-0.3414989709854126,-0.578238308429718,-0.5766438245773315,True
1710807515,fk_qslstm,ema,test,1000098,19,0.33418014645576477,-0.262082576751709,-0.2591260075569153,True
1710807515,fk_qslstm,ema,test,1000098,20,0.36942601203918457,0.01198955625295639,0.011338531970977783,True
1710807515,fk_qslstm,ema,test,1000098,21,0.7657397389411926,0.4690355062484741,0.4667046070098877,True
1710807515,fk_qslstm,ema,test,1000098,22,-0.08803888410329819,0.322405070066452,0.31998905539512634,True
1710807515,fk_qslstm,ema,test,1000098,23,0.7445734143257141,0.7046681046485901,0.7054538726806641,True
1710807515,fk_qslstm,ema,test,1000098,24,0.09885035455226898,0.6230447292327881,0.621403157711029,True
1710807515,fk_qslstm,ema,test,1000098,25,-0.6050565242767334,0.13540184497833252,0.13203315436840057,True
1710807515,fk_qslstm,ema,test,1000098,26,0.9515887498855591,0.6792747378349304,0.6768530011177063,True
1710807515,fk_qslstm,ema,test,1000098,27,0.053097132593393326,0.5752780437469482,0.5703344345092773,True
1710807515,fk_qslstm,ema,test,1000098,28,0.7094599008560181,0.8858983516693115,0.88704913854599,True
1710807515,fk_qslstm,ema,test,1000098,29,0.2427649348974228,0.8543776869773865,0.8543881773948669,True
1710807515,fk_qslstm,ema,test,1000098,30,0.2865448594093323,0.8554290533065796,0.8553869724273682,True
1710807515,fk_qslstm,ema,test,1000098,31,0.35540589690208435,0.8975867629051208,0.8988729119300842,True
1710807515,fk_qslstm,ema,test,1000099,0,0.15227264165878296,0.0913635790348053,0.09172308444976807,True
1710807515,fk_qslstm,ema,test,1000099,1,0.15752969682216644,0.16760867834091187,0.16742438077926636,True
1710807515,fk_qslstm,ema,test,1000099,2,-0.20363761484622955,0.01190437562763691,0.010250329971313477,True
1710807515,fk_qslstm,ema,test,1000099,3,0.3067658245563507,0.19358299672603607,0.18946366012096405,True
1710807515,fk_qslstm,ema,test,1000099,4,0.44112029671669006,0.41953855752944946,0.4154819846153259,True
1710807515,fk_qslstm,ema,test,1000099,5,0.6122156381607056,0.7029602527618408,0.7028967142105103,True
1710807515,fk_qslstm,ema,test,1000099,6,0.39992478489875793,0.802323043346405,0.8034207224845886,True
1710807515,fk_qslstm,ema,test,1000099,7,0.048718784004449844,0.6710897088050842,0.6700226068496704,True
1710807515,fk_qslstm,ema,test,1000099,8,0.424297958612442,0.791450560092926,0.7928519248962402,True
1710807515,fk_qslstm,ema,test,1000099,9,-0.6002262830734253,0.27302467823028564,0.2715544104576111,True
1710807515,fk_qslstm,ema,test,1000099,10,0.10087250173091888,0.2789432406425476,0.277641624212265,True
1710807515,fk_qslstm,ema,test,1000099,11,-0.15279391407966614,0.1314782351255417,0.1357152760028839,True
1710807515,fk_qslstm,ema,test,1000099,12,-0.8084690570831299,-0.3798988461494446,-0.3755834102630615,True
1710807515,fk_qslstm,ema,test,1000099,13,-0.18944866955280304,-0.4175882637500763,-0.41031450033187866,True
1710807515,fk_qslstm,ema,test,1000099,14,0.7432256937026978,0.11186478286981583,0.11800262331962585,True
1710807515,fk_qslstm,ema,test,1000099,15,0.9369609355926514,0.65166836977005,0.6567658185958862,True
1710807515,fk_qslstm,ema,test,1000099,16,-0.26495563983917236,0.3623613119125366,0.36235037446022034,True
1710807515,fk_qslstm,ema,test,1000099,17,-0.6590220332145691,-0.10552415996789932,-0.10708612203598022,True
1710807515,fk_qslstm,ema,test,1000099,18,0.696527898311615,0.33349740505218506,0.33031564950942993,True
1710807515,fk_qslstm,ema,test,1000099,19,0.8834404349327087,0.7968621850013733,0.7996456623077393,True
1710807515,fk_qslstm,ema,test,1000099,20,0.7875737547874451,1.1100339889526367,1.1145758628845215,True
1710807515,fk_qslstm,ema,test,1000099,21,0.07785350829362869,0.9347392916679382,0.9365968108177185,True
1710807515,fk_qslstm,ema,test,1000099,22,-0.34977227449417114,0.5379281044006348,0.5336328744888306,True
1710807515,fk_qslstm,ema,test,1000099,23,-0.9931015968322754,-0.16551847755908966,-0.1645810604095459,True
1710807515,fk_qslstm,ema,test,1000099,24,0.5607869625091553,0.20405739545822144,0.20382660627365112,True
1710807515,fk_qslstm,ema,test,1000099,25,-0.07847391813993454,0.11616156250238419,0.12025430798530579,True
1710807515,fk_qslstm,ema,test,1000099,26,-0.3913782835006714,-0.14189772307872772,-0.13518908619880676,True
1710807515,fk_qslstm,ema,test,1000099,27,-0.45315060019493103,-0.38540855050086975,-0.378032386302948,True
1710807515,fk_qslstm,ema,test,1000099,28,-0.839896559715271,-0.8122647404670715,-0.8104752898216248,True
1710807515,fk_qslstm,ema,test,1000099,29,0.8622660636901855,-0.13245218992233276,-0.126764178276062,True
1710807515,fk_qslstm,ema,test,1000099,30,-0.6095238327980042,-0.4716760516166687,-0.4664871096611023,True
1710807515,fk_qslstm,ema,test,1000099,31,-0.5752149820327759,-0.7224698066711426,-0.7239041924476624,True
1710807515,fk_qslstm,ema,test,1000100,0,-0.18788549304008484,-0.11273130029439926,-0.11088669300079346,True
1710807515,fk_qslstm,ema,test,1000100,1,-0.38704028725624084,-0.3224092125892639,-0.31975775957107544,True
1710807515,fk_qslstm,ema,test,1000100,2,-0.709141194820404,-0.6834120750427246,-0.692236065864563,True
1710807515,fk_qslstm,ema,test,1000100,3,-0.9207268357276917,-1.0991657972335815,-1.1079685688018799,True
1710807515,fk_qslstm,ema,test,1000100,4,0.4217773377895355,-0.6262661814689636,-0.6297438740730286,True
1710807515,fk_qslstm,ema,test,1000100,5,0.4442410469055176,-0.23446834087371826,-0.236797034740448,True
1710807515,fk_qslstm,ema,test,1000100,6,-0.32911181449890137,-0.3850417733192444,-0.3837319612503052,True
1710807515,fk_qslstm,ema,test,1000100,7,-0.10600212961435318,-0.37163469195365906,-0.3681371212005615,True
1710807515,fk_qslstm,ema,test,1000100,8,-0.9972651600837708,-0.8956668376922607,-0.892810046672821,True
1710807515,fk_qslstm,ema,test,1000100,9,-0.18687526881694794,-0.8286586403846741,-0.8261902928352356,True
1710807515,fk_qslstm,ema,test,1000100,10,-0.8305206894874573,-1.1612392663955688,-1.1592633724212646,True
1710807515,fk_qslstm,ema,test,1000100,11,-0.8470221757888794,-1.4372047185897827,-1.4201695919036865,True
1710807515,fk_qslstm,ema,test,1000100,12,-0.13277161121368408,-1.2294267416000366,-1.2303979396820068,True
1710807515,fk_qslstm,ema,test,1000100,13,0.5127190947532654,-0.6759099364280701,-0.6805168986320496,True
1710807515,fk_qslstm,ema,test,1000100,14,0.8085299134254456,-0.05561000108718872,-0.05586814880371094,True
1710807515,fk_qslstm,ema,test,1000100,15,0.1737450659275055,0.05975903943181038,0.06276670098304749,True
1710807515,fk_qslstm,ema,test,1000100,16,0.3859653174877167,0.279386430978775,0.28097209334373474,True
1710807515,fk_qslstm,ema,test,1000100,17,0.31004124879837036,0.40953388810157776,0.4112585484981537,True
1710807515,fk_qslstm,ema,test,1000100,18,-0.0089880945160985,0.32223424315452576,0.3256150484085083,True
1710807515,fk_qslstm,ema,test,1000100,19,-0.06707970798015594,0.21753956377506256,0.22332599759101868,True
1710807515,fk_qslstm,ema,test,1000100,20,0.3876073956489563,0.4065960943698883,0.4115754961967468,True
1710807515,fk_qslstm,ema,test,1000100,21,-0.023223718628287315,0.31134265661239624,0.3175637423992157,True
1710807515,fk_qslstm,ema,test,1000100,22,-0.3697867691516876,0.027202056720852852,0.03643721342086792,True
1710807515,fk_qslstm,ema,test,1000100,23,0.8219363689422607,0.5149234533309937,0.5233293175697327,True
1710807515,fk_qslstm,ema,test,1000100,24,-0.5519285202026367,0.08078169077634811,0.08899687230587006,True
1710807515,fk_qslstm,ema,test,1000100,25,-0.9677169322967529,-0.5160048007965088,-0.5093099474906921,True
1710807515,fk_qslstm,ema,test,1000100,26,-0.7961728572845459,-0.8905075788497925,-0.8898523449897766,True
1710807515,fk_qslstm,ema,test,1000100,27,0.8701521754264832,-0.19031475484371185,-0.1818496584892273,True
1710807515,fk_qslstm,ema,test,1000100,28,-0.6624854207038879,-0.5497430562973022,-0.5432040691375732,True
1710807515,fk_qslstm,ema,test,1000100,29,0.44646137952804565,-0.1719176322221756,-0.16867005825042725,True
1710807515,fk_qslstm,ema,test,1000100,30,0.9040676355361938,0.4049064517021179,0.403756320476532,True
1710807515,fk_qslstm,ema,test,1000100,31,-0.958240270614624,-0.2510189712047577,-0.24567991495132446,True
1710807515,fk_qslstm,ema,test,1000101,0,0.4453529119491577,0.2672117352485657,0.2670292258262634,True
1710807515,fk_qslstm,ema,test,1000101,1,-0.011759043671190739,0.2067139595746994,0.2141508162021637,True
1710807515,fk_qslstm,ema,test,1000101,2,0.872995913028717,0.6891686916351318,0.6901456713676453,True
1710807515,fk_qslstm,ema,test,1000101,3,-0.6216018795967102,0.17837382853031158,0.17626674473285675,True
1710807515,fk_qslstm,ema,test,1000101,4,0.9428942203521729,0.708435595035553,0.7053579688072205,True
1710807515,fk_qslstm,ema,test,1000101,5,-0.2732071280479431,0.4028242230415344,0.39690908789634705,True
1710807515,fk_qslstm,ema,test,1000101,6,0.17036546766757965,0.4244786500930786,0.4165675640106201,True
1710807515,fk_qslstm,ema,test,1000101,7,0.9574307799339294,0.9140413999557495,0.9131683707237244,True
1710807515,fk_qslstm,ema,test,1000101,8,-0.184183731675148,0.6207228899002075,0.6137140989303589,True
1710807515,fk_qslstm,ema,test,1000101,9,0.46402058005332947,0.7749906778335571,0.7701678276062012,True
1710807515,fk_qslstm,ema,test,1000101,10,-0.1692793220281601,0.518424928188324,0.5119178295135498,True
1710807515,fk_qslstm,ema,test,1000101,11,-0.2993814945220947,0.2351110428571701,0.23037439584732056,True
1710807515,fk_qslstm,ema,test,1000101,12,-0.6647722125053406,-0.2107744812965393,-0.21302342414855957,True
1710807515,fk_qslstm,ema,test,1000101,13,0.9778060913085938,0.41806405782699585,0.4119639992713928,True
1710807515,fk_qslstm,ema,test,1000101,14,-0.09738181531429291,0.27602216601371765,0.2718045711517334,True
1710807515,fk_qslstm,ema,test,1000101,15,0.7768580913543701,0.6869325637817383,0.6856438517570496,True
1710807515,fk_qslstm,ema,test,1000101,16,0.41016560792922974,0.7956454157829285,0.7951567769050598,True
1710807515,fk_qslstm,ema,test,1000101,17,-0.46487048268318176,0.3575940728187561,0.35287898778915405,True
1710807515,fk_qslstm,ema,test,1000101,18,0.6692674160003662,0.6876357197761536,0.6866408586502075,True
1710807515,fk_qslstm,ema,test,1000101,19,0.8020925521850586,1.0313640832901,1.0372109413146973,True
1710807515,fk_qslstm,ema,test,1000101,20,0.6111271381378174,1.1917675733566284,1.1960856914520264,True
1710807515,fk_qslstm,ema,test,1000101,21,-0.7737608551979065,0.4891575276851654,0.49314770102500916,True
1710807515,fk_qslstm,ema,test,1000101,22,0.40738293528556824,0.6357557773590088,0.6389768123626709,True
1710807515,fk_qslstm,ema,test,1000101,23,0.17907364666461945,0.6160488128662109,0.6173917055130005,True
1710807515,fk_qslstm,ema,test,1000101,24,0.4224095642566681,0.7462847828865051,0.7484457492828369,True
1710807515,fk_qslstm,ema,test,1000101,25,-0.034334659576416016,0.5764270424842834,0.576177179813385,True
1710807515,fk_qslstm,ema,test,1000101,26,0.2956230342388153,0.6385154128074646,0.6383110284805298,True
1710807515,fk_qslstm,ema,test,1000101,27,0.17056523263454437,0.613151490688324,0.6129498481750488,True
1710807515,fk_qslstm,ema,test,1000101,28,0.6168314814567566,0.8606200814247131,0.8661301136016846,True
1710807515,fk_qslstm,ema,test,1000101,29,0.26624685525894165,0.8482441902160645,0.8531494736671448,True
1710807515,fk_qslstm,ema,test,1000101,30,-0.5938946604728699,0.32225853204727173,0.32242342829704285,True
1710807515,fk_qslstm,ema,test,1000101,31,0.8000646233558655,0.7378455996513367,0.7426165342330933,True
1710807515,fk_qslstm,ema,test,1000102,0,-0.18174758553504944,-0.10904855281114578,-0.10722506046295166,True
1710807515,fk_qslstm,ema,test,1000102,1,0.45541462302207947,0.18600991368293762,0.1788857877254486,True
1710807515,fk_qslstm,ema,test,1000102,2,0.33570849895477295,0.3502330482006073,0.3386196196079254,True
1710807515,fk_qslstm,ema,test,1000102,3,-0.090945765376091,0.22561897337436676,0.21913769841194153,True
1710807515,fk_qslstm,ema,test,1000102,4,-0.9099871516227722,-0.3654971420764923,-0.3679099678993225,True
1710807515,fk_qslstm,ema,test,1000102,5,-0.05944247171282768,-0.3280631899833679,-0.3258171081542969,True
1710807515,fk_qslstm,ema,test,1000102,6,0.7790245413780212,0.20496416091918945,0.20693828165531158,True
1710807515,fk_qslstm,ema,test,1000102,7,-0.6803112030029297,-0.24421539902687073,-0.23972731828689575,True
1710807515,fk_qslstm,ema,test,1000102,8,0.2932659387588501,-0.019412757828831673,-0.01953411102294922,True
1710807515,fk_qslstm,ema,test,1000102,9,-0.8898847699165344,-0.5494610667228699,-0.5490119457244873,True
1710807515,fk_qslstm,ema,test,1000102,10,-0.5549604892730713,-0.7725451588630676,-0.7763836979866028,True
1710807515,fk_qslstm,ema,test,1000102,11,0.05921926349401474,-0.5825045704841614,-0.5825746655464172,True
1710807515,fk_qslstm,ema,test,1000102,12,0.2412589192390442,-0.32124829292297363,-0.3211820125579834,True
1710807515,fk_qslstm,ema,test,1000102,13,-0.0423542819917202,-0.28241121768951416,-0.2815641760826111,True
1710807515,fk_qslstm,ema,test,1000102,14,-0.0453215129673481,-0.25312188267707825,-0.2517656683921814,True
1710807515,fk_qslstm,ema,test,1000102,15,-0.9371770620346069,-0.7648037075996399,-0.7660922408103943,True
1710807515,fk_qslstm,ema,test,1000102,16,-0.7663760185241699,-1.0716686248779297,-1.0765149593353271,True
1710807515,fk_qslstm,ema,test,1000102,17,0.9264141321182251,-0.30148640275001526,-0.29919904470443726,True
1710807515,fk_qslstm,ema,test,1000102,18,-0.6056872606277466,-0.6046015024185181,-0.6054198741912842,True
1710807515,fk_qslstm,ema,test,1000102,19,-0.6079764366149902,-0.8484670519828796,-0.8559276461601257,True
1710807515,fk_qslstm,ema,test,1000102,20,-0.0981491431593895,-0.7376631498336792,-0.7422115206718445,True
1710807515,fk_qslstm,ema,test,1000102,21,0.2634858191013336,-0.4320390224456787,-0.43376654386520386,True
1710807515,fk_qslstm,ema,test,1000102,22,0.463630735874176,-0.06745277345180511,-0.07145583629608154,True
1710807515,fk_qslstm,ema,test,1000102,23,-0.3382781445980072,-0.25692909955978394,-0.25697892904281616,True
1710807515,fk_qslstm,ema,test,1000102,24,0.5157793760299683,0.10392434149980545,0.09976942837238312,True
1710807515,fk_qslstm,ema,test,1000102,25,0.3799346685409546,0.3111002743244171,0.30528905987739563,True
1710807515,fk_qslstm,ema,test,1000102,26,-0.6258715391159058,-0.12664268910884857,-0.13002097606658936,True
1710807515,fk_qslstm,ema,test,1000102,27,0.9639687538146973,0.47706711292266846,0.4688087999820709,True
1710807515,fk_qslstm,ema,test,1000102,28,0.08135984092950821,0.4304696023464203,0.4218510091304779,True
1710807515,fk_qslstm,ema,test,1000102,29,0.48659083247184753,0.6363301873207092,0.6290709972381592,True
1710807515,fk_qslstm,ema,test,1000102,30,-0.2602035105228424,0.35294201970100403,0.3466166853904724,True
1710807515,fk_qslstm,ema,test,1000102,31,0.1602165400981903,0.37848353385925293,0.3723396062850952,True
1710807515,fk_qslstm,ema,test,1000103,0,0.928532063961029,0.5571192502975464,0.5453335046768188,True
1710807515,fk_qslstm,ema,test,1000103,1,-0.04422459006309509,0.4191606342792511,0.41989344358444214,True
1710807515,fk_qslstm,ema,test,1000103,2,0.1304076611995697,0.41357311606407166,0.4068814516067505,True
1710807515,fk_qslstm,ema,test,1000103,3,0.9572175145149231,0.905189037322998,0.9032760262489319,True
1710807515,fk_qslstm,ema,test,1000103,4,-0.7450474500656128,0.27712273597717285,0.26829755306243896,True
1710807515,fk_qslstm,ema,test,1000103,5,0.3444276750087738,0.42835479974746704,0.4162101745605469,True
1710807515,fk_qslstm,ema,test,1000103,6,0.8878799080848694,0.8754117488861084,0.8723257780075073,True
1710807515,fk_qslstm,ema,test,1000103,7,-0.4459635317325592,0.43275129795074463,0.42369309067726135,True
1710807515,fk_qslstm,ema,test,1000103,8,-0.16729453206062317,0.24582430720329285,0.2372179627418518,True
1710807515,fk_qslstm,ema,test,1000103,9,-0.29101717472076416,0.022049138322472572,0.019213110208511353,True
1710807515,fk_qslstm,ema,test,1000103,10,-0.46067455410957336,-0.25876542925834656,-0.25774627923965454,True
1710807515,fk_qslstm,ema,test,1000103,11,-0.3485786020755768,-0.4161595106124878,-0.41237175464630127,True
1710807515,fk_qslstm,ema,test,1000103,12,0.48344695568084717,-0.04285942763090134,-0.04133245348930359,True
1710807515,fk_qslstm,ema,test,1000103,13,0.6597569584846497,0.3615666329860687,0.3604479730129242,True
1710807515,fk_qslstm,ema,test,1000103,14,0.4476568102836609,0.5578473806381226,0.5553798675537109,True
1710807515,fk_qslstm,ema,test,1000103,15,-0.8837723731994629,-0.08398552983999252,-0.08371013402938843,True
1710807515,fk_qslstm,ema,test,1000103,16,-0.8815162777900696,-0.5960981845855713,-0.6000714898109436,True
1710807515,fk_qslstm,ema,test,1000103,17,-0.9829921126365662,-1.0666738748550415,-1.0685360431671143,True
1710807515,fk_qslstm,ema,test,1000103,18,-0.5300901532173157,-1.1713931560516357,-1.172675371170044,True
1710807515,fk_qslstm,ema,test,1000103,19,-0.12524040043354034,-1.012258768081665,-1.0168609619140625,True
1710807515,fk_qslstm,ema,test,1000103,20,0.3468097150325775,-0.6017211675643921,-0.6026402115821838,True
1710807515,fk_qslstm,ema,test,1000103,21,-0.49652594327926636,-0.7792925238609314,-0.7827901244163513,True
1710807515,fk_qslstm,ema,test,1000103,22,-0.7615516185760498,-1.0803649425506592,-1.0867760181427002,True
1710807515,fk_qslstm,ema,test,1000103,23,-0.4952965974807739,-1.1614699363708496,-1.168175458908081,True
1710807515,fk_qslstm,ema,test,1000103,24,-0.8565211892127991,-1.4430886507034302,-1.432314157485962,True
1710807515,fk_qslstm,ema,test,1000103,25,0.48873284459114075,-0.86123126745224,-0.8653982281684875,True
1710807515,fk_qslstm,ema,test,1000103,26,-0.9904041290283203,-1.2832274436950684,-1.2851073741912842,True
1710807515,fk_qslstm,ema,test,1000103,27,-0.12219835817813873,-1.0999009609222412,-1.110445499420166,True
1710807515,fk_qslstm,ema,test,1000103,28,0.24537600576877594,-0.7326951622962952,-0.7407825589179993,True
1710807515,fk_qslstm,ema,test,1000103,29,0.6378419399261475,-0.2034509927034378,-0.20171207189559937,True
1710807515,fk_qslstm,ema,test,1000103,30,0.24303463101387024,-0.01694001629948616,-0.012746214866638184,True
1710807515,fk_qslstm,ema,test,1000103,31,0.5288418531417847,0.3037531077861786,0.30622684955596924,True
1710807515,fk_qslstm,ema,test,1000104,0,-0.5043646097183228,-0.30261877179145813,-0.3002718687057495,True
1710807515,fk_qslstm,ema,test,1000104,1,-0.9158086180686951,-0.7915802001953125,-0.7960670590400696,True
1710807515,fk_qslstm,ema,test,1000104,2,-0.80629563331604,-1.1170415878295898,-1.1320433616638184,True
1710807515,fk_qslstm,ema,test,1000104,3,-0.2665055990219116,-1.0535366535186768,-1.070767879486084,True
1710807515,fk_qslstm,ema,test,1000104,4,0.7707168459892273,-0.3803991675376892,-0.38087379932403564,True
1710807515,fk_qslstm,ema,test,1000104,5,0.022795721888542175,-0.2906419038772583,-0.2852216362953186,True
1710807515,fk_qslstm,ema,test,1000104,6,-0.9584656953811646,-0.8075929284095764,-0.8058398365974426,True
1710807515,fk_qslstm,ema,test,1000104,7,0.4187973141670227,-0.3947959542274475,-0.38797205686569214,True
1710807515,fk_qslstm,ema,test,1000104,8,-0.890952467918396,-0.8504082560539246,-0.8479695916175842,True
1710807515,fk_qslstm,ema,test,1000104,9,0.15155045688152313,-0.5893962979316711,-0.5861760973930359,True
1710807515,fk_qslstm,ema,test,1000104,10,-0.7541764974594116,-0.9240229725837708,-0.9263326525688171,True
1710807515,fk_qslstm,ema,test,1000104,11,-0.016802983358502388,-0.7493001818656921,-0.7510736584663391,True
1710807515,fk_qslstm,ema,test,1000104,12,-0.2077501267194748,-0.7240902185440063,-0.7244037985801697,True
1710807515,fk_qslstm,ema,test,1000104,13,-0.7226463556289673,-1.0128599405288696,-1.0172526836395264,True
1710807515,fk_qslstm,ema,test,1000104,14,-0.13559335470199585,-0.8916440010070801,-0.8962603211402893,True
1710807515,fk_qslstm,ema,test,1000104,15,-0.5792118310928345,-1.0608422756195068,-1.0679762363433838,True
1710807515,fk_qslstm,ema,test,1000104,16,-0.5847590565681458,-1.1995292901992798,-1.206540822982788,True
1710807515,fk_qslstm,ema,test,1000104,17,-0.23904339969158173,-1.103049397468567,-1.1134459972381592,True
1710807515,fk_qslstm,ema,test,1000104,18,-0.7954180836677551,-1.3596904277801514,-1.3615307807922363,True
1710807515,fk_qslstm,ema,test,1000104,19,0.6009615063667297,-0.7271754145622253,-0.7315842509269714,True
1710807515,fk_qslstm,ema,test,1000104,20,0.20881083607673645,-0.4564538300037384,-0.45991361141204834,True
1710807515,fk_qslstm,ema,test,1000104,21,0.3550162613391876,-0.15215331315994263,-0.15304166078567505,True
1710807515,fk_qslstm,ema,test,1000104,22,-0.9714459776878357,-0.7045902013778687,-0.7046940922737122,True
1710807515,fk_qslstm,ema,test,1000104,23,0.39985981583595276,-0.32375627756118774,-0.32056230306625366,True
1710807515,fk_qslstm,ema,test,1000104,24,0.5457983613014221,0.06847397238016129,0.07034054398536682,True
1710807515,fk_qslstm,ema,test,1000104,25,-0.5399791598320007,-0.26920831203460693,-0.26450181007385254,True
1710807515,fk_qslstm,ema,test,1000104,26,0.08892204612493515,-0.16201342642307281,-0.15848487615585327,True
1710807515,fk_qslstm,ema,test,1000104,27,-0.4442296624183655,-0.39614853262901306,-0.39055317640304565,True
1710807515,fk_qslstm,ema,test,1000104,28,0.4681166410446167,-0.03604884073138237,-0.03408321738243103,True
1710807515,fk_qslstm,ema,test,1000104,29,0.39137351512908936,0.20598503947257996,0.20438289642333984,True
1710807515,fk_qslstm,ema,test,1000104,30,-0.9609969258308411,-0.41181010007858276,-0.40911173820495605,True
1710807515,fk_qslstm,ema,test,1000104,31,-0.5347307920455933,-0.6502865552902222,-0.6511533856391907,True
1710807515,fk_qslstm,ema,test,1000105,0,-0.5845609903335571,-0.3507365882396698,-0.34808361530303955,True
1710807515,fk_qslstm,ema,test,1000105,1,-0.08833954483270645,-0.3335929811000824,-0.3376914858818054,True
1710807515,fk_qslstm,ema,test,1000105,2,-0.16662432253360748,-0.36684897541999817,-0.3706114888191223,True
1710807515,fk_qslstm,ema,test,1000105,3,0.1470075249671936,-0.20527467131614685,-0.2065078616142273,True
1710807515,fk_qslstm,ema,test,1000105,4,-0.7757323980331421,-0.6296591758728027,-0.6332581043243408,True
1710807515,fk_qslstm,ema,test,1000105,5,-0.4391002655029297,-0.7671875357627869,-0.7720902562141418,True
1710807515,fk_qslstm,ema,test,1000105,6,0.6632029414176941,-0.21582823991775513,-0.2134532928466797,True
1710807515,fk_qslstm,ema,test,1000105,7,0.07957728952169418,-0.12491621822118759,-0.12200766801834106,True
1710807515,fk_qslstm,ema,test,1000105,8,0.17945945262908936,0.0077426922507584095,0.007648587226867676,True
1710807515,fk_qslstm,ema,test,1000105,9,-0.8320807218551636,-0.49305427074432373,-0.49400490522384644,True
1710807515,fk_qslstm,ema,test,1000105,10,0.08648697286844254,-0.34255123138427734,-0.3429190516471863,True
1710807515,fk_qslstm,ema,test,1000105,11,-0.29458633065223694,-0.4507927894592285,-0.4480801224708557,True
1710807515,fk_qslstm,ema,test,1000105,12,-0.8536188006401062,-0.8728055357933044,-0.8753266930580139,True
1710807515,fk_qslstm,ema,test,1000105,13,0.3279274106025696,-0.5014879703521729,-0.5019769072532654,True
1710807515,fk_qslstm,ema,test,1000105,14,-0.011893285438418388,-0.4083263576030731,-0.40834254026412964,True
1710807515,fk_qslstm,ema,test,1000105,15,-0.40003862977027893,-0.5666842460632324,-0.5674126148223877,True
1710807515,fk_qslstm,ema,test,1000105,16,-0.5867013931274414,-0.8053682446479797,-0.8100009560585022,True
1710807515,fk_qslstm,ema,test,1000105,17,0.15913894772529602,-0.5488112568855286,-0.5514726042747498,True
1710807515,fk_qslstm,ema,test,1000105,18,0.6028435230255127,-0.07734289765357971,-0.0811605155467987,True
1710807515,fk_qslstm,ema,test,1000105,19,0.7050297856330872,0.361143559217453,0.35469138622283936,True
1710807515,fk_qslstm,ema,test,1000105,20,-0.4036545753479004,0.04672209545969963,0.04355359077453613,True
1710807515,fk_qslstm,ema,test,1000105,21,-0.6547845005989075,-0.3554930090904236,-0.3598055839538574,True
1710807515,fk_qslstm,ema,test,1000105,22,0.2577979266643524,-0.12971565127372742,-0.1342988908290863,True
1710807515,fk_qslstm,ema,test,1000105,23,0.9200323224067688,0.44824689626693726,0.4413313865661621,True
1710807515,fk_qslstm,ema,test,1000105,24,0.5807197690010071,0.7070293426513672,0.7020015716552734,True
1710807515,fk_qslstm,ema,test,1000105,25,0.45856109261512756,0.8407601714134216,0.8373801112174988,True
1710807515,fk_qslstm,ema,test,1000105,26,0.18160097301006317,0.781568706035614,0.7767206430435181,True
1710807515,fk_qslstm,ema,test,1000105,27,-0.8641617298126221,0.10675793886184692,0.10210318863391876,True
1710807515,fk_qslstm,ema,test,1000105,28,0.17132480442523956,0.18820123374462128,0.18377582728862762,True
1710807515,fk_qslstm,ema,test,1000105,29,0.7248944044113159,0.5854976177215576,0.5860863924026489,True
1710807515,fk_qslstm,ema,test,1000105,30,-0.6311715245246887,0.08969517797231674,0.0903988778591156,True
1710807515,fk_qslstm,ema,test,1000105,31,-0.46104735136032104,-0.2048722803592682,-0.202883780002594,True
1710807515,fk_qslstm,ema,test,1000106,0,-0.575919508934021,-0.3455516993999481,-0.3429475426673889,True
1710807515,fk_qslstm,ema,test,1000106,1,0.9495577812194824,0.293293297290802,0.2801916003227234,True
1710807515,fk_qslstm,ema,test,1000106,2,-0.9173814654350281,-0.3157942295074463,-0.32073014974594116,True
1710807515,fk_qslstm,ema,test,1000106,3,-0.2532467842102051,-0.4045834541320801,-0.40787070989608765,True
1710807515,fk_qslstm,ema,test,1000106,4,-0.9575076699256897,-0.8981713652610779,-0.9020008444786072,True
1710807515,fk_qslstm,ema,test,1000106,5,-0.38704606890678406,-0.9507647156715393,-0.9548967480659485,True
1710807515,fk_qslstm,ema,test,1000106,6,0.09115047752857208,-0.705921471118927,-0.7062329649925232,True
1710807515,fk_qslstm,ema,test,1000106,7,0.6524282693862915,-0.17328022420406342,-0.16960573196411133,True
1710807515,fk_qslstm,ema,test,1000106,8,-0.05156084522604942,-0.16956068575382233,-0.16343611478805542,True
1710807515,fk_qslstm,ema,test,1000106,9,-0.07409878075122833,-0.18010781705379486,-0.17340171337127686,True
1710807515,fk_qslstm,ema,test,1000106,10,0.5601323843002319,0.19199317693710327,0.19443780183792114,True
1710807515,fk_qslstm,ema,test,1000106,11,-0.9665618538856506,-0.42634257674217224,-0.4190099835395813,True
1710807515,fk_qslstm,ema,test,1000106,12,0.5616385340690613,-0.004090931732207537,-3.921985626220703e-05,True
1710807515,fk_qslstm,ema,test,1000106,13,-0.8797598481178284,-0.5311286449432373,-0.5262424945831299,True
1710807515,fk_qslstm,ema,test,1000106,14,0.44163668155670166,-0.15992090106010437,-0.1571982204914093,True
1710807515,fk_qslstm,ema,test,1000106,15,-0.5691987872123718,-0.4694559872150421,-0.46604734659194946,True
1710807515,fk_qslstm,ema,test,1000106,16,-0.5074490904808044,-0.6800342202186584,-0.6802757382392883,True
1710807515,fk_qslstm,ema,test,1000106,17,-0.45270949602127075,-0.8156530857086182,-0.8170562386512756,True
1710807515,fk_qslstm,ema,test,1000106,18,-0.8377888798713684,-1.1551958322525024,-1.1557307243347168,True
1710807515,fk_qslstm,ema,test,1000106,19,-0.9297993183135986,-1.4820362329483032,-1.4582667350769043,True
1710807515,fk_qslstm,ema,test,1000106,20,0.4484959840774536,-0.9165313839912415,-0.9153292775154114,True
1710807515,fk_qslstm,ema,test,1000106,21,-0.5732397437095642,-1.0771689414978027,-1.0897293090820312,True
1710807515,fk_qslstm,ema,test,1000106,22,0.19665515422821045,-0.743742048740387,-0.75447016954422,True
1710807515,fk_qslstm,ema,test,1000106,23,0.156770721077919,-0.5009312033653259,-0.5060123205184937,True
1710807515,fk_qslstm,ema,test,1000106,24,0.6053285598754883,-0.037547849118709564,-0.03974330425262451,True
1710807515,fk_qslstm,ema,test,1000106,25,0.617172360420227,0.340265154838562,0.3376264274120331,True
1710807515,fk_qslstm,ema,test,1000106,26,0.003952106926590204,0.2745833992958069,0.2737885117530823,True
1710807515,fk_qslstm,ema,test,1000106,27,0.6634871363639832,0.6177589893341064,0.6191798448562622,True
1710807515,fk_qslstm,ema,test,1000106,28,0.06291482597589493,0.5319560766220093,0.5324109792709351,True
1710807515,fk_qslstm,ema,test,1000106,29,-0.7304776310920715,-0.012721691280603409,-0.012110650539398193,True
1710807515,fk_qslstm,ema,test,1000106,30,-0.9701135158538818,-0.5922454595565796,-0.5921124219894409,True
1710807515,fk_qslstm,ema,test,1000106,31,0.3940936326980591,-0.23734021186828613,-0.23289501667022705,True
1710807515,fk_qslstm,ema,test,1000107,0,0.26055923104286194,0.15633554756641388,0.15641829371452332,True
1710807515,fk_qslstm,ema,test,1000107,1,0.4789685308933258,0.41244956851005554,0.4112125635147095,True
1710807515,fk_qslstm,ema,test,1000107,2,0.7181223034858704,0.7608330249786377,0.7580898404121399,True
1710807515,fk_qslstm,ema,test,1000107,3,-0.4710538685321808,0.3260340988636017,0.3212505280971527,True
1710807515,fk_qslstm,ema,test,1000107,4,-0.31439101696014404,0.07219266146421432,0.06986397504806519,True
1710807515,fk_qslstm,ema,test,1000107,5,-0.8893315196037292,-0.47584477066993713,-0.47703033685684204,True
1710807515,fk_qslstm,ema,test,1000107,6,0.5793592929840088,-0.03306025266647339,-0.03283804655075073,True
1710807515,fk_qslstm,ema,test,1000107,7,-0.2686445116996765,-0.1876349151134491,-0.18149566650390625,True
1710807515,fk_qslstm,ema,test,1000107,8,-0.8853752017021179,-0.681333065032959,-0.6800239682197571,True
1710807515,fk_qslstm,ema,test,1000107,9,-0.34332025051116943,-0.7510585784912109,-0.7502277493476868,True
1710807515,fk_qslstm,ema,test,1000107,10,-0.3857637047767639,-0.8323051333427429,-0.8315075039863586,True
1710807515,fk_qslstm,ema,test,1000107,11,0.12532636523246765,-0.5906482934951782,-0.5879268050193787,True
1710807515,fk_qslstm,ema,test,1000107,12,-0.01218829769641161,-0.47983160614967346,-0.476687490940094,True
1710807515,fk_qslstm,ema,test,1000107,13,-0.04694345220923424,-0.412031352519989,-0.408686101436615,True
1710807515,fk_qslstm,ema,test,1000107,14,0.5216297507286072,-0.016647232696413994,-0.01717621088027954,True
1710807515,fk_qslstm,ema,test,1000107,15,0.9953323006629944,0.5838816165924072,0.5785955786705017,True
1710807515,fk_qslstm,ema,test,1000107,16,0.8619318008422852,0.9842643737792969,0.9829155206680298,True
1710807515,fk_qslstm,ema,test,1000107,17,0.683624804019928,1.1975864171981812,1.195444107055664,True
1710807515,fk_qslstm,ema,test,1000107,18,-0.8275896906852722,0.46151530742645264,0.45974963903427124,True
1710807515,fk_qslstm,ema,test,1000107,19,0.6823391914367676,0.7786157727241516,0.7814072370529175,True
1710807515,fk_qslstm,ema,test,1000107,20,0.7315274477005005,1.0618090629577637,1.0693113803863525,True
1710807515,fk_qslstm,ema,test,1000107,21,0.3717343509197235,1.0724878311157227,1.0780878067016602,True
1710807515,fk_qslstm,ema,test,1000107,22,0.8153254389762878,1.3471856117248535,1.3446063995361328,True
1710807515,fk_qslstm,ema,test,1000107,23,0.773592472076416,1.5419039726257324,1.5129714012145996,True
1710807515,fk_qslstm,ema,test,1000107,24,-0.34049394726753235,1.0292267799377441,1.0338943004608154,True
1710807515,fk_qslstm,ema,test,1000107,25,-0.8999282121658325,0.2834245264530182,0.2920798659324646,True
1710807515,fk_qslstm,ema,test,1000107,26,-0.38911962509155273,-0.006732156965881586,-0.0038378536701202393,True
1710807515,fk_qslstm,ema,test,1000107,27,-0.22598901391029358,-0.14097914099693298,-0.13848084211349487,True
1710807515,fk_qslstm,ema,test,1000107,28,0.6393669247627258,0.27083683013916016,0.26822444796562195,True
1710807515,fk_qslstm,ema,test,1000107,29,-0.7543579339981079,-0.23594528436660767,-0.2378448247909546,True
1710807515,fk_qslstm,ema,test,1000107,30,0.37278637290000916,0.03491559624671936,0.027254164218902588,True
1710807515,fk_qslstm,ema,test,1000107,31,-0.39799928665161133,-0.21086709201335907,-0.21350574493408203,True
1710807515,fk_qslstm,ema,test,1000108,0,-0.36921846866607666,-0.22153107821941376,-0.21933025121688843,True
1710807515,fk_qslstm,ema,test,1000108,1,0.9046618342399597,0.3655722141265869,0.35405099391937256,True
1710807515,fk_qslstm,ema,test,1000108,2,-0.8134143948554993,-0.19559086859226227,-0.20213764905929565,True
1710807515,fk_qslstm,ema,test,1000108,3,0.3517566919326782,0.05458131432533264,0.04532027244567871,True
1710807515,fk_qslstm,ema,test,1000108,4,0.1609496772289276,0.14023485779762268,0.1344105303287506,True
1710807515,fk_qslstm,ema,test,1000108,5,-0.43063196539878845,-0.1461912840604782,-0.14645564556121826,True
1710807515,fk_qslstm,ema,test,1000108,6,-0.30096036195755005,-0.2975292503833771,-0.2941129803657532,True
1710807515,fk_qslstm,ema,test,1000108,7,0.8631538152694702,0.2798689007759094,0.28044408559799194,True
1710807515,fk_qslstm,ema,test,1000108,8,0.055646862834692,0.2572832405567169,0.2576565444469452,True
1710807515,fk_qslstm,ema,test,1000108,9,-0.41784849762916565,-0.044882506132125854,-0.042581915855407715,True
1710807515,fk_qslstm,ema,test,1000108,10,-0.630677342414856,-0.4143123924732208,-0.4133076071739197,True
1710807515,fk_qslstm,ema,test,1000108,11,0.08106287568807602,-0.2828121781349182,-0.280622661113739,True
1710807515,fk_qslstm,ema,test,1000108,12,-0.29481518268585205,-0.4031388759613037,-0.3982405662536621,True
1710807515,fk_qslstm,ema,test,1000108,13,-0.9892578721046448,-0.9160658121109009,-0.9129686951637268,True
1710807515,fk_qslstm,ema,test,1000108,14,0.4740539789199829,-0.44842028617858887,-0.44239312410354614,True
1710807515,fk_qslstm,ema,test,1000108,15,-0.7117487192153931,-0.785785436630249,-0.7863958477973938,True
1710807515,fk_qslstm,ema,test,1000108,16,0.2183767855167389,-0.49760228395462036,-0.49866563081741333,True
1710807515,fk_qslstm,ema,test,1000108,17,-0.573474109172821,-0.74216628074646,-0.7465575337409973,True
1710807515,fk_qslstm,ema,test,1000108,18,0.16767194867134094,-0.4931298792362213,-0.49644947052001953,True
1710807515,fk_qslstm,ema,test,1000108,19,0.24091915786266327,-0.24995240569114685,-0.2539598345756531,True
1710807515,fk_qslstm,ema,test,1000108,20,-0.3315099775791168,-0.3988679051399231,-0.4007604122161865,True
1710807515,fk_qslstm,ema,test,1000108,21,0.33029741048812866,-0.12091588228940964,-0.12550830841064453,True
1710807515,fk_qslstm,ema,test,1000108,22,-0.042821384966373444,-0.12242553383111954,-0.12493628263473511,True
1710807515,fk_qslstm,ema,test,1000108,23,-0.9955747127532959,-0.6952852606773376,-0.6970248818397522,True
1710807515,fk_qslstm,ema,test,1000108,24,0.6753995418548584,-0.15098845958709717,-0.14952391386032104,True
1710807515,fk_qslstm,ema,test,1000108,25,-0.3913041353225708,-0.35557323694229126,-0.35068291425704956,True
1710807515,fk_qslstm,ema,test,1000108,26,0.3264461159706116,-0.08859093487262726,-0.08828556537628174,True
1710807515,fk_qslstm,ema,test,1000108,27,-0.12716615200042725,-0.14717243611812592,-0.1441548764705658,True
1710807515,fk_qslstm,ema,test,1000108,28,0.1923283487558365,-0.002340944018214941,-0.0025419294834136963,True
1710807515,fk_qslstm,ema,test,1000108,29,0.2466745376586914,0.1461319625377655,0.14328092336654663,True
1710807515,fk_qslstm,ema,test,1000108,30,0.46561986207962036,0.3962774872779846,0.39153316617012024,True
1710807515,fk_qslstm,ema,test,1000108,31,0.6268244385719299,0.6931166648864746,0.6919080018997192,True
1710807515,fk_qslstm,ema,test,1000109,0,0.24109260737895966,0.14465555548667908,0.14477533102035522,True
1710807515,fk_qslstm,ema,test,1000109,1,0.5220491290092468,0.4289539158344269,0.4274367392063141,True
1710807515,fk_qslstm,ema,test,1000109,2,0.8973714709281921,0.8815860152244568,0.879155695438385,True
1710807515,fk_qslstm,ema,test,1000109,3,0.478787362575531,0.9925412535667419,0.9911174178123474,True
1710807515,fk_qslstm,ema,test,1000109,4,-0.5544090867042542,0.4613875150680542,0.45427045226097107,True
1710807515,fk_qslstm,ema,test,1000109,5,-0.9753513932228088,-0.216100811958313,-0.21831506490707397,True
1710807515,fk_qslstm,ema,test,1000109,6,0.9570627212524414,0.401356965303421,0.39664536714553833,True
1710807515,fk_qslstm,ema,test,1000109,7,0.6246792674064636,0.6958931684494019,0.6952126026153564,True
1710807515,fk_qslstm,ema,test,1000109,8,-0.743428647518158,0.11065734177827835,0.10827745497226715,True
1710807515,fk_qslstm,ema,test,1000109,9,-0.40228667855262756,-0.15284612774848938,-0.15323317050933838,True
1710807515,fk_qslstm,ema,test,1000109,10,0.4131525754928589,0.12561464309692383,0.12403377890586853,True
1710807515,fk_qslstm,ema,test,1000109,11,-0.8101657629013062,-0.3856077492237091,-0.3851736783981323,True
1710807515,fk_qslstm,ema,test,1000109,12,-0.9278801679611206,-0.8652142882347107,-0.8697827458381653,True
1710807515,fk_qslstm,ema,test,1000109,13,0.8957719206809998,-0.15470829606056213,-0.15202009677886963,True
1710807515,fk_qslstm,ema,test,1000109,14,0.6156178712844849,0.24560408294200897,0.24531644582748413,True
1710807515,fk_qslstm,ema,test,1000109,15,-0.7556976079940796,-0.2569352984428406,-0.2558389902114868,True
1710807515,fk_qslstm,ema,test,1000109,16,-0.9923921227455139,-0.8009834885597229,-0.803382933139801,True
1710807515,fk_qslstm,ema,test,1000109,17,0.14507412910461426,-0.5537423491477966,-0.5518156886100769,True
1710807515,fk_qslstm,ema,test,1000109,18,0.6568930745124817,-0.04885803163051605,-0.046272069215774536,True
1710807515,fk_qslstm,ema,test,1000109,19,0.15759047865867615,0.055467862635850906,0.05691435933113098,True
1710807515,fk_qslstm,ema,test,1000109,20,0.3062574565410614,0.22812876105308533,0.2260417938232422,True
1710807515,fk_qslstm,ema,test,1000109,21,0.08851060271263123,0.23560936748981476,0.23391464352607727,True
1710807515,fk_qslstm,ema,test,1000109,22,-0.7867938280105591,-0.28358879685401917,-0.28389543294906616,True
1710807515,fk_qslstm,ema,test,1000109,23,0.29641467332839966,-0.04902222007513046,-0.05079996585845947,True
1710807515,fk_qslstm,ema,test,1000109,24,-0.49926939606666565,-0.33877941966056824,-0.33659982681274414,True
1710807515,fk_qslstm,ema,test,1000109,25,0.8036893010139465,0.21119004487991333,0.21014484763145447,True
1710807515,fk_qslstm,ema,test,1000109,26,-0.9124768376350403,-0.37853407859802246,-0.3747296929359436,True
1710807515,fk_qslstm,ema,test,1000109,27,0.1851540207862854,-0.19173485040664673,-0.19090011715888977,True
1710807515,fk_qslstm,ema,test,1000109,28,-0.1401095986366272,-0.2374536246061325,-0.23305398225784302,True
1710807515,fk_qslstm,ema,test,1000109,29,0.28412845730781555,-0.019485831260681152,-0.018846333026885986,True
1710807515,fk_qslstm,ema,test,1000109,30,-0.3539552092552185,-0.22796179354190826,-0.2240595817565918,True
1710807515,fk_qslstm,ema,test,1000109,31,0.0780395120382309,-0.1355457305908203,-0.13322895765304565,True
1710807515,fk_qslstm,ema,test,1000110,0,-0.14589452743530273,-0.08753671497106552,-0.08584800362586975,True
1710807515,fk_qslstm,ema,test,1000110,1,0.5566612482070923,0.263967365026474,0.25687846541404724,True
1710807515,fk_qslstm,ema,test,1000110,2,0.2872968316078186,0.3835519850254059,0.37257781624794006,True
1710807515,fk_qslstm,ema,test,1000110,3,0.8006848692893982,0.7872525453567505,0.7825158834457397,True
1710807515,fk_qslstm,ema,test,1000110,4,-0.9826173782348633,0.04023159667849541,0.04481995105743408,True
1710807515,fk_qslstm,ema,test,1000110,5,-0.14882278442382812,-0.05710839480161667,-0.0501837432384491,True
1710807515,fk_qslstm,ema,test,1000110,6,0.49749690294265747,0.2528114318847656,0.2585296630859375,True
1710807515,fk_qslstm,ema,test,1000110,7,-0.33547282218933105,0.0009654546738602221,0.010928690433502197,True
1710807515,fk_qslstm,ema,test,1000110,8,0.03456844761967659,0.021513434126973152,0.03039070963859558,True
1710807515,fk_qslstm,ema,test,1000110,9,0.4094071090221405,0.26285502314567566,0.2683568000793457,True
1710807515,fk_qslstm,ema,test,1000110,10,-0.31572410464286804,0.020849544554948807,0.029427438974380493,True
1710807515,fk_qslstm,ema,test,1000110,11,-0.8177658915519714,-0.4739798903465271,-0.46873730421066284,True
1710807515,fk_qslstm,ema,test,1000110,12,0.601830244064331,-0.01808575540781021,-0.013824462890625,True
1710807515,fk_qslstm,ema,test,1000110,13,0.26725220680236816,0.1458827257156372,0.1482923924922943,True
1710807515,fk_qslstm,ema,test,1000110,14,0.8616064786911011,0.6336700916290283,0.6360830068588257,True
1710807515,fk_qslstm,ema,test,1000110,15,0.7317409515380859,0.9459806084632874,0.9524898529052734,True
1710807515,fk_qslstm,ema,test,1000110,16,0.8208692073822021,1.249306082725525,1.2519899606704712,True
1710807515,fk_qslstm,ema,test,1000110,17,-0.33102208375930786,0.8008315563201904,0.8031125068664551,True
1710807515,fk_qslstm,ema,test,1000110,18,0.45092809200286865,0.9112221002578735,0.9169310927391052,True
1710807515,fk_qslstm,ema,test,1000110,19,0.5419047474861145,1.0541205406188965,1.0614217519760132,True
1710807515,fk_qslstm,ema,test,1000110,20,-0.38453710079193115,0.6125741600990295,0.6119713187217712,True
1710807515,fk_qslstm,ema,test,1000110,21,0.5471250414848328,0.8183343410491943,0.8207657933235168,True
1710807515,fk_qslstm,ema,test,1000110,22,-0.2326606661081314,0.5150710940361023,0.5128698348999023,True
1710807515,fk_qslstm,ema,test,1000110,23,0.4112861752510071,0.6588285565376282,0.6569199562072754,True
1710807515,fk_qslstm,ema,test,1000110,24,-0.7734401226043701,0.06299878656864166,0.06104952096939087,True
1710807515,fk_qslstm,ema,test,1000110,25,-0.30704954266548157,-0.1338307112455368,-0.1321392059326172,True
1710807515,fk_qslstm,ema,test,1000110,26,-0.46051669120788574,-0.38337457180023193,-0.37816065549850464,True
1710807515,fk_qslstm,ema,test,1000110,27,-0.9667760133743286,-0.8867652416229248,-0.8838595747947693,True
1710807515,fk_qslstm,ema,test,1000110,28,0.9816670417785645,-0.12041199952363968,-0.11539873480796814,True
1710807515,fk_qslstm,ema,test,1000110,29,0.3393057882785797,0.10725387930870056,0.10821861028671265,True
1710807515,fk_qslstm,ema,test,1000110,30,-0.25742307305336,-0.0686507374048233,-0.06508195400238037,True
1710807515,fk_qslstm,ema,test,1000110,31,0.8765555024147034,0.4710127115249634,0.4711587429046631,True
1710807515,fk_qslstm,ema,test,1000111,0,0.5557820200920105,0.3334692120552063,0.3328080177307129,True
1710807515,fk_qslstm,ema,test,1000111,1,0.8455720543861389,0.7741186022758484,0.7824504971504211,True
1710807515,fk_qslstm,ema,test,1000111,2,-0.8290066123008728,0.12189090251922607,0.12463900446891785,True
1710807515,fk_qslstm,ema,test,1000111,3,-0.7826110124588013,-0.3720538914203644,-0.3742826581001282,True
1710807515,fk_qslstm,ema,test,1000111,4,-0.49593961238861084,-0.5952068567276001,-0.5975918769836426,True
1710807515,fk_qslstm,ema,test,1000111,5,-0.9911085963249207,-1.0708307027816772,-1.0701179504394531,True
1710807515,fk_qslstm,ema,test,1000111,6,0.19990360736846924,-0.7367223501205444,-0.7352834343910217,True
1710807515,fk_qslstm,ema,test,1000111,7,0.7932488322257996,-0.11342861503362656,-0.11084091663360596,True
1710807515,fk_qslstm,ema,test,1000111,8,-0.5263418555259705,-0.40654799342155457,-0.4027474522590637,True
1710807515,fk_qslstm,ema,test,1000111,9,0.4033567011356354,-0.08322437852621078,-0.08357438445091248,True
1710807515,fk_qslstm,ema,test,1000111,10,0.20057590305805206,0.05376603826880455,0.05218130350112915,True
1710807515,fk_qslstm,ema,test,1000111,11,0.05636684596538544,0.07683293521404266,0.07525622844696045,True
1710807515,fk_qslstm,ema,test,1000111,12,-0.43111029267311096,-0.19719982147216797,-0.19538703560829163,True
1710807515,fk_qslstm,ema,test,1000111,13,0.5574396252632141,0.17670391499996185,0.17501559853553772,True
1710807515,fk_qslstm,ema,test,1000111,14,0.4790961742401123,0.4288208484649658,0.42640239000320435,True
1710807515,fk_qslstm,ema,test,1000111,15,0.8244768381118774,0.8377427458763123,0.8407002687454224,True
1710807515,fk_qslstm,ema,test,1000111,16,-0.8817418217658997,0.1411491185426712,0.1434444785118103,True
1710807515,fk_qslstm,ema,test,1000111,17,0.9608727097511292,0.6894429326057434,0.6894645690917969,True
1710807515,fk_qslstm,ema,test,1000111,18,-0.05247703194618225,0.5200681090354919,0.516904354095459,True
1710807515,fk_qslstm,ema,test,1000111,19,0.46013930439949036,0.6921380758285522,0.6897723078727722,True
1710807515,fk_qslstm,ema,test,1000111,20,-0.2862565517425537,0.3819565176963806,0.3788430988788605,True
1710807515,fk_qslstm,ema,test,1000111,21,0.8495000004768372,0.8152652382850647,0.8181114792823792,True
1710807515,fk_qslstm,ema,test,1000111,22,0.9935777187347412,1.2483588457107544,1.2464962005615234,True
1710807515,fk_qslstm,ema,test,1000111,23,0.11262206733226776,1.0662602186203003,1.0642988681793213,True
1710807515,fk_qslstm,ema,test,1000111,24,-0.2387375682592392,0.7097656726837158,0.7056768536567688,True
1710807515,fk_qslstm,ema,test,1000111,25,0.22690485417842865,0.7039554715156555,0.6982860565185547,True
1710807515,fk_qslstm,ema,test,1000111,26,-0.8945679664611816,0.026423603296279907,0.021393269300460815,True
1710807515,fk_qslstm,ema,test,1000111,27,-0.9075503945350647,-0.5233913660049438,-0.5295833945274353,True
1710807515,fk_qslstm,ema,test,1000111,28,-0.08044131845235825,-0.46697789430618286,-0.46709758043289185,True
1710807515,fk_qslstm,ema,test,1000111,29,0.6802962422370911,0.03459542989730835,0.03511884808540344,True
1710807515,fk_qslstm,ema,test,1000111,30,0.8051778674125671,0.5107830762863159,0.5106769800186157,True
1710807515,fk_qslstm,ema,test,1000111,31,0.880903422832489,0.9371684789657593,0.9413934350013733,True
1710807515,fk_qslstm,ema,test,1000112,0,-0.37494799494743347,-0.2249688059091568,-0.22276341915130615,True
1710807515,fk_qslstm,ema,test,1000112,1,-0.34013235569000244,-0.3840544521808624,-0.3844689726829529,True
1710807515,fk_qslstm,ema,test,1000112,2,-0.1294064223766327,-0.3848873972892761,-0.38796406984329224,True
1710807515,fk_qslstm,ema,test,1000112,3,-0.873609185218811,-0.8320754170417786,-0.8390193581581116,True
1710807515,fk_qslstm,ema,test,1000112,4,-0.43072301149368286,-0.9240941405296326,-0.9322866797447205,True
1710807515,fk_qslstm,ema,test,1000112,5,0.24214428663253784,-0.5939887762069702,-0.5964775085449219,True
1710807515,fk_qslstm,ema,test,1000112,6,0.847869873046875,0.033530913293361664,0.03185158967971802,True
1710807515,fk_qslstm,ema,test,1000112,7,-0.4005902111530304,-0.21352939307689667,-0.20992600917816162,True
1710807515,fk_qslstm,ema,test,1000112,8,-0.09988930821418762,-0.23075710237026215,-0.22657746076583862,True
1710807515,fk_qslstm,ema,test,1000112,9,-0.9780480861663818,-0.7714345455169678,-0.7684071660041809,True
1710807515,fk_qslstm,ema,test,1000112,10,0.41547921299934387,-0.3678601086139679,-0.3628283143043518,True
1710807515,fk_qslstm,ema,test,1000112,11,0.08938685059547424,-0.24065597355365753,-0.23605644702911377,True
1710807515,fk_qslstm,ema,test,1000112,12,0.251089870929718,-0.04187086597084999,-0.04126879572868347,True
1710807515,fk_qslstm,ema,test,1000112,13,0.9085127115249634,0.5116109251976013,0.5090767741203308,True
1710807515,fk_qslstm,ema,test,1000112,14,-0.831569492816925,-0.08965294808149338,-0.09047508239746094,True
1710807515,fk_qslstm,ema,test,1000112,15,-0.28809067606925964,-0.24457676708698273,-0.2447127103805542,True
1710807515,fk_qslstm,ema,test,1000112,16,-0.44225090742111206,-0.46101194620132446,-0.45891016721725464,True
1710807515,fk_qslstm,ema,test,1000112,17,0.07440419495105743,-0.32416704297065735,-0.32131844758987427,True
1710807515,fk_qslstm,ema,test,1000112,18,-0.6448365449905396,-0.6462355256080627,-0.6467519402503967,True
1710807515,fk_qslstm,ema,test,1000112,19,0.23655161261558533,-0.3750574588775635,-0.3762548565864563,True
1710807515,fk_qslstm,ema,test,1000112,20,0.038617514073848724,-0.27687546610832214,-0.2780205011367798,True
1710807515,fk_qslstm,ema,test,1000112,21,-0.7084733843803406,-0.6465843915939331,-0.6520633101463318,True
1710807515,fk_qslstm,ema,test,1000112,22,-0.8237124681472778,-1.0114949941635132,-1.0206849575042725,True
1710807515,fk_qslstm,ema,test,1000112,23,-0.5515806674957275,-1.1401443481445312,-1.1493239402770996,True
1710807515,fk_qslstm,ema,test,1000112,24,0.3244999051094055,-0.7174155712127686,-0.7257500290870667,True
1710807515,fk_qslstm,ema,test,1000112,25,-0.7813389897346497,-1.0427358150482178,-1.0560526847839355,True
1710807515,fk_qslstm,ema,test,1000112,26,0.8339715003967285,-0.33380576968193054,-0.3368474841117859,True
1710807515,fk_qslstm,ema,test,1000112,27,-0.0695335790514946,-0.3087647557258606,-0.30839961767196655,True
1710807515,fk_qslstm,ema,test,1000112,28,0.13752228021621704,-0.1644984483718872,-0.1649078130722046,True
1710807515,fk_qslstm,ema,test,1000112,29,-0.13389813899993896,-0.21193763613700867,-0.20892292261123657,True
1710807515,fk_qslstm,ema,test,1000112,30,-0.2429538071155548,-0.3153223991394043,-0.3099427819252014,True
1710807515,fk_qslstm,ema,test,1000112,31,-0.502632200717926,-0.553837239742279,-0.5498506426811218,True
1710807515,fk_qslstm,ema,test,1000113,0,0.12197796255350113,0.07318677753210068,0.07365550100803375,True
1710807515,fk_qslstm,ema,test,1000113,1,-0.14217548072338104,-0.026755861937999725,-0.02138310670852661,True
1710807515,fk_qslstm,ema,test,1000113,2,0.9426472783088684,0.5441836714744568,0.5379946231842041,True
1710807515,fk_qslstm,ema,test,1000113,3,-0.46439024806022644,0.15671278536319733,0.15228745341300964,True
1710807515,fk_qslstm,ema,test,1000113,4,0.7301250100135803,0.5634452104568481,0.5587583184242249,True
1710807515,fk_qslstm,ema,test,1000113,5,0.3697570562362671,0.6726104021072388,0.6692268252372742,True
1710807515,fk_qslstm,ema,test,1000113,6,0.22818486392498016,0.6749992370605469,0.670815110206604,True
1710807515,fk_qslstm,ema,test,1000113,7,0.7045284509658813,0.9627164602279663,0.965486466884613,True
1710807515,fk_qslstm,ema,test,1000113,8,-0.7605208158493042,0.313860684633255,0.3128807842731476,True
1710807515,fk_qslstm,ema,test,1000113,9,-0.24042350053787231,0.10683445632457733,0.10765768587589264,True
1710807515,fk_qslstm,ema,test,1000113,10,-0.6960505843162537,-0.3321627974510193,-0.3297514319419861,True
1710807515,fk_qslstm,ema,test,1000113,11,-0.5569782257080078,-0.5999171733856201,-0.5989297032356262,True
1710807515,fk_qslstm,ema,test,1000113,12,-0.11854365468025208,-0.551059901714325,-0.5464967489242554,True
1710807515,fk_qslstm,ema,test,1000113,13,0.8566227555274963,0.0731256976723671,0.07595092058181763,True
1710807515,fk_qslstm,ema,test,1000113,14,-0.18816500902175903,-0.05439844727516174,-0.04877835512161255,True
1710807515,fk_qslstm,ema,test,1000113,15,-0.24254663288593292,-0.1890467405319214,-0.18305695056915283,True
1710807515,fk_qslstm,ema,test,1000113,16,-0.8363796472549438,-0.6530652046203613,-0.6516919732093811,True
1710807515,fk_qslstm,ema,test,1000113,17,-0.9861437082290649,-1.1141383647918701,-1.1110610961914062,True
1710807515,fk_qslstm,ema,test,1000113,18,0.33829596638679504,-0.6883330941200256,-0.684400200843811,True
1710807515,fk_qslstm,ema,test,1000113,19,-0.20753680169582367,-0.6751886010169983,-0.6733837127685547,True
1710807515,fk_qslstm,ema,test,1000113,20,-0.9992388486862183,-1.1396942138671875,-1.1352226734161377,True
1710807515,fk_qslstm,ema,test,1000113,21,-0.0960438922047615,-0.9693816900253296,-0.9687531590461731,True
1710807515,fk_qslstm,ema,test,1000113,22,-0.853218138217926,-1.2874362468719482,-1.28326416015625,True
1710807515,fk_qslstm,ema,test,1000113,23,0.6461920738220215,-0.6422337293624878,-0.6372203230857849,True
1710807515,fk_qslstm,ema,test,1000113,24,0.9711945056915283,0.06892973929643631,0.06747445464134216,True
1710807515,fk_qslstm,ema,test,1000113,25,0.6909891366958618,0.4697372615337372,0.46800342202186584,True
1710807515,fk_qslstm,ema,test,1000113,26,0.20256637036800385,0.4973296523094177,0.4954363703727722,True
1710807515,fk_qslstm,ema,test,1000113,27,-0.5758041739463806,0.05238119885325432,0.05264925956726074,True
1710807515,fk_qslstm,ema,test,1000113,28,-0.28137293457984924,-0.12691879272460938,-0.12223178148269653,True
1710807515,fk_qslstm,ema,test,1000113,29,-0.09779421240091324,-0.16021156311035156,-0.15136659145355225,True
1710807515,fk_qslstm,ema,test,1000113,30,-0.49885374307632446,-0.4274815022945404,-0.4181252717971802,True
1710807515,fk_qslstm,ema,test,1000113,31,0.531392514705658,-0.023149680346250534,-0.017224669456481934,True
1710807515,fk_qslstm,ema,test,1000114,0,-0.9596722722053528,-0.5758033990859985,-0.5613592863082886,True
1710807515,fk_qslstm,ema,test,1000114,1,-0.8099490404129028,-0.9466121196746826,-0.950531542301178,True
1710807515,fk_qslstm,ema,test,1000114,2,0.9012455344200134,-0.21654239296913147,-0.21280473470687866,True
1710807515,fk_qslstm,ema,test,1000114,3,-0.24698927998542786,-0.32142746448516846,-0.3099639415740967,True
1710807515,fk_qslstm,ema,test,1000114,4,0.12607227265834808,-0.18149861693382263,-0.17019867897033691,True
1710807515,fk_qslstm,ema,test,1000114,5,-0.2637466490268707,-0.303446888923645,-0.28839462995529175,True
1710807515,fk_qslstm,ema,test,1000114,6,-0.770709753036499,-0.7051833868026733,-0.6969580054283142,True
1710807515,fk_qslstm,ema,test,1000114,7,0.15370675921440125,-0.4719226360321045,-0.4630052447319031,True
1710807515,fk_qslstm,ema,test,1000114,8,-0.8189451694488525,-0.868905246257782,-0.8661070466041565,True
1710807515,fk_qslstm,ema,test,1000114,9,-0.9622251987457275,-1.2724592685699463,-1.2624990940093994,True
1710807515,fk_qslstm,ema,test,1000114,10,0.5146722197532654,-0.7091640830039978,-0.7017064690589905,True
1710807515,fk_qslstm,ema,test,1000114,11,-0.1322641372680664,-0.646689772605896,-0.6432673931121826,True
1710807515,fk_qslstm,ema,test,1000114,12,-0.792341411113739,-0.9927566647529602,-0.9957836270332336,True
1710807515,fk_qslstm,ema,test,1000114,13,0.3484679162502289,-0.5851245522499084,-0.5846326947212219,True
1710807515,fk_qslstm,ema,test,1000114,14,-0.4650139808654785,-0.7471080422401428,-0.749033510684967,True
1710807515,fk_qslstm,ema,test,1000114,15,-0.0796818658709526,-0.6454955339431763,-0.6457357406616211,True
1710807515,fk_qslstm,ema,test,1000114,16,-0.18029631674289703,-0.6245742440223694,-0.6224294900894165,True
1710807515,fk_qslstm,ema,test,1000114,17,0.4190761148929596,-0.24821370840072632,-0.24584120512008667,True
1710807515,fk_qslstm,ema,test,1000114,18,0.27592265605926514,-0.03301738202571869,-0.033917784690856934,True
1710807515,fk_qslstm,ema,test,1000114,19,0.31681033968925476,0.1636722981929779,0.1590183973312378,True
1710807515,fk_qslstm,ema,test,1000114,20,0.9670285582542419,0.7111549973487854,0.707068920135498,True
1710807515,fk_qslstm,ema,test,1000114,21,-0.9859650731086731,-0.022655073553323746,-0.02014210820198059,True
1710807515,fk_qslstm,ema,test,1000114,22,-0.060858312994241714,-0.054639045149087906,-0.052749454975128174,True
1710807515,fk_qslstm,ema,test,1000114,23,-0.2613838016986847,-0.20054152607917786,-0.19384127855300903,True
1710807515,fk_qslstm,ema,test,1000114,24,-0.030587337911128998,-0.17878562211990356,-0.17129600048065186,True
1710807515,fk_qslstm,ema,test,1000114,25,-0.7686246037483215,-0.6042032837867737,-0.6007760763168335,True
1710807515,fk_qslstm,ema,test,1000114,26,-0.8454459309577942,-0.9906301498413086,-0.9925451874732971,True
1710807515,fk_qslstm,ema,test,1000114,27,-0.7308301329612732,-1.2310022115707397,-1.2307517528533936,True
1710807515,fk_qslstm,ema,test,1000114,28,0.885627269744873,-0.45342540740966797,-0.44877052307128906,True
1710807515,fk_qslstm,ema,test,1000114,29,-0.6359413266181946,-0.7443051338195801,-0.7470147013664246,True
1710807515,fk_qslstm,ema,test,1000114,30,-0.25233134627342224,-0.7468429207801819,-0.7508285641670227,True
1710807515,fk_qslstm,ema,test,1000114,31,0.4336318075656891,-0.3372952342033386,-0.33627307415008545,True
1710807515,fk_qslstm,ema,test,1000115,0,-0.21506081521511078,-0.12903648614883423,-0.1271055042743683,True
1710807515,fk_qslstm,ema,test,1000115,1,-0.2150687575340271,-0.23227043449878693,-0.23014414310455322,True
1710807515,fk_qslstm,ema,test,1000115,2,-0.5480197072029114,-0.5146281719207764,-0.5192433595657349,True
1710807515,fk_qslstm,ema,test,1000115,3,0.5434723496437073,-0.08561912178993225,-0.08895528316497803,True
1710807515,fk_qslstm,ema,test,1000115,4,0.8888105750083923,0.46479105949401855,0.46008068323135376,True
1710807515,fk_qslstm,ema,test,1000115,5,-0.2460760921239853,0.22418718039989471,0.22143042087554932,True
1710807515,fk_qslstm,ema,test,1000115,6,-0.2351146638393402,0.038280948996543884,0.03823179006576538,True
1710807515,fk_qslstm,ema,test,1000115,7,-0.1718108206987381,-0.07246173918247223,-0.06842657923698425,True
1710807515,fk_qslstm,ema,test,1000115,8,0.03994382545351982,-0.03400309383869171,-0.029142767190933228,True
1710807515,fk_qslstm,ema,test,1000115,9,0.06586843729019165,0.012318584136664867,0.01692873239517212,True
1710807515,fk_qslstm,ema,test,1000115,10,-0.058835338801145554,-0.02544633485376835,-0.01973247528076172,True
1710807515,fk_qslstm,ema,test,1000115,11,-0.8360739946365356,-0.5220014452934265,-0.5188202261924744,True
1710807515,fk_qslstm,ema,test,1000115,12,0.25654178857803345,-0.26367607712745667,-0.26151973009109497,True
1710807515,fk_qslstm,ema,test,1000115,13,-0.7637984156608582,-0.6692199110984802,-0.6705164313316345,True
1710807515,fk_qslstm,ema,test,1000115,14,0.2162970006465912,-0.4055977463722229,-0.40704935789108276,True
1710807515,fk_qslstm,ema,test,1000115,15,0.03634013235569,-0.3026741147041321,-0.30328744649887085,True
1710807515,fk_qslstm,ema,test,1000115,16,-0.8449775576591492,-0.7491258382797241,-0.7544329762458801,True
1710807515,fk_qslstm,ema,test,1000115,17,0.021007508039474487,-0.5866961479187012,-0.5907467603683472,True
1710807515,fk_qslstm,ema,test,1000115,18,-0.2815805673599243,-0.6383052468299866,-0.6408036351203918,True
1710807515,fk_qslstm,ema,test,1000115,19,0.8295139670372009,-0.012935812585055828,-0.014597594738006592,True
1710807515,fk_qslstm,ema,test,1000115,20,0.4828718304634094,0.27937445044517517,0.27446553111076355,True
1710807515,fk_qslstm,ema,test,1000115,21,-0.4655851125717163,-0.055851519107818604,-0.05789807438850403,True
1710807515,fk_qslstm,ema,test,1000115,22,0.5668839812278748,0.2954491674900055,0.289933443069458,True
1710807515,fk_qslstm,ema,test,1000115,23,0.3657251298427582,0.45579439401626587,0.4505673050880432,True
1710807515,fk_qslstm,ema,test,1000115,24,0.02338286116719246,0.3786652386188507,0.37377238273620605,True
1710807515,fk_qslstm,ema,test,1000115,25,0.021778563037514687,0.3159993290901184,0.3124936819076538,True
1710807515,fk_qslstm,ema,test,1000115,26,-0.9042090773582458,-0.28972598910331726,-0.28891170024871826,True
1710807515,fk_qslstm,ema,test,1000115,27,0.8846237659454346,0.29899346828460693,0.29759520292282104,True
1710807515,fk_qslstm,ema,test,1000115,28,-0.6792141795158386,-0.16833370923995972,-0.1653275489807129,True
1710807515,fk_qslstm,ema,test,1000115,29,0.2266000658273697,0.0012930643279105425,0.0006802082061767578,True
1710807515,fk_qslstm,ema,test,1000115,30,-0.46513378620147705,-0.2780458331108093,-0.27454179525375366,True
1710807515,fk_qslstm,ema,test,1000115,31,0.861118495464325,0.2942344546318054,0.2935313284397125,True
1710807515,fk_qslstm,ema,test,1000116,0,-0.6995400786399841,-0.4197240173816681,-0.41583365201950073,True
1710807515,fk_qslstm,ema,test,1000116,1,-0.9193398952484131,-0.8873831629753113,-0.893494188785553,True
1710807515,fk_qslstm,ema,test,1000116,2,-0.8400242924690247,-1.213921070098877,-1.225362777709961,True
1710807515,fk_qslstm,ema,test,1000116,3,-0.5089806318283081,-1.2765252590179443,-1.2890431880950928,True
1710807515,fk_qslstm,ema,test,1000116,4,0.1317838728427887,-0.9421498775482178,-0.9596529603004456,True
1710807515,fk_qslstm,ema,test,1000116,5,0.25836995244026184,-0.5986979007720947,-0.608237087726593,True
1710807515,fk_qslstm,ema,test,1000116,6,-0.3824373185634613,-0.7084207534790039,-0.7136784195899963,True
1710807515,fk_qslstm,ema,test,1000116,7,0.09379398822784424,-0.5104601979255676,-0.5082860589027405,True
1710807515,fk_qslstm,ema,test,1000116,8,0.15477024018764496,-0.3155060112476349,-0.309536337852478,True
1710807515,fk_qslstm,ema,test,1000116,9,-0.12762099504470825,-0.32897740602493286,-0.32019907236099243,True
1710807515,fk_qslstm,ema,test,1000116,10,-0.5313078165054321,-0.5819666385650635,-0.5755760073661804,True
1710807515,fk_qslstm,ema,test,1000116,11,0.9615013599395752,0.11132751405239105,0.11314007639884949,True
1710807515,fk_qslstm,ema,test,1000116,12,-0.6044464111328125,-0.2736058533191681,-0.2694471478462219,True
1710807515,fk_qslstm,ema,test,1000116,13,-0.9025142788887024,-0.7603932619094849,-0.7631177306175232,True
1710807515,fk_qslstm,ema,test,1000116,14,0.2964108884334564,-0.4304680824279785,-0.43078529834747314,True
1710807515,fk_qslstm,ema,test,1000116,15,-0.5959968566894531,-0.7019726037979126,-0.7052637934684753,True
1710807515,fk_qslstm,ema,test,1000116,16,-0.6056234240531921,-0.9249520897865295,-0.9327886700630188,True
1710807515,fk_qslstm,ema,test,1000116,17,-0.5423367023468018,-1.0653636455535889,-1.0740435123443604,True
1710807515,fk_qslstm,ema,test,1000116,18,-0.549593985080719,-1.1820473670959473,-1.1904823780059814,True
1710807515,fk_qslstm,ema,test,1000116,19,-0.3036390542984009,-1.1278213262557983,-1.1391847133636475,True
1710807515,fk_qslstm,ema,test,1000116,20,0.6925194263458252,-0.4867453873157501,-0.48834556341171265,True
1710807515,fk_qslstm,ema,test,1000116,21,0.8672646880149841,0.13096250593662262,0.12791460752487183,True
1710807515,fk_qslstm,ema,test,1000116,22,-0.43554553389549255,-0.15655732154846191,-0.15304425358772278,True
1710807515,fk_qslstm,ema,test,1000116,23,0.2880580723285675,0.04758899658918381,0.04810205101966858,True
1710807515,fk_qslstm,ema,test,1000116,24,-0.23837706446647644,-0.1049550399184227,-0.09894520044326782,True
1710807515,fk_qslstm,ema,test,1000116,25,-0.17102055251598358,-0.18657636642456055,-0.1782497763633728,True
1710807515,fk_qslstm,ema,test,1000116,26,-0.11890879273414612,-0.22060637176036835,-0.21058064699172974,True
1710807515,fk_qslstm,ema,test,1000116,27,-0.3758334219455719,-0.40198513865470886,-0.39145833253860474,True
1710807515,fk_qslstm,ema,test,1000116,28,-0.5913310647010803,-0.6763867735862732,-0.6707013249397278,True
1710807515,fk_qslstm,ema,test,1000116,29,-0.5584928393363953,-0.8762051463127136,-0.8749709725379944,True
1710807515,fk_qslstm,ema,test,1000116,30,0.5477232336997986,-0.3723301589488983,-0.36738789081573486,True
1710807515,fk_qslstm,ema,test,1000116,31,0.8402509689331055,0.2062864452600479,0.20539681613445282,True
1710807515,fk_qslstm,ema,test,1000117,0,-0.8795844316482544,-0.5277506709098816,-0.5181599855422974,True
1710807515,fk_qslstm,ema,test,1000117,1,0.7833207845687866,0.04779196158051491,0.04662942886352539,True
1710807515,fk_qslstm,ema,test,1000117,2,0.6418924927711487,0.42336907982826233,0.4202139973640442,True
1710807515,fk_qslstm,ema,test,1000117,3,0.7768563628196716,0.8048090934753418,0.806310772895813,True
1710807515,fk_qslstm,ema,test,1000117,4,0.43637144565582275,0.9056701064109802,0.9090896844863892,True
1710807515,fk_qslstm,ema,test,1000117,5,0.8090493679046631,1.209965705871582,1.213674545288086,True
1710807515,fk_qslstm,ema,test,1000117,6,-0.24833141267299652,0.8189737200737,0.8230555653572083,True
1710807515,fk_qslstm,ema,test,1000117,7,-0.2769274413585663,0.48902252316474915,0.4897514879703522,True
1710807515,fk_qslstm,ema,test,1000117,8,0.3688436448574066,0.6125242114067078,0.6131975054740906,True
1710807515,fk_qslstm,ema,test,1000117,9,-0.548488974571228,0.1609259694814682,0.16074524819850922,True
1710807515,fk_qslstm,ema,test,1000117,10,-0.5891287326812744,-0.22473648190498352,-0.22418630123138428,True
1710807515,fk_qslstm,ema,test,1000117,11,0.17717275023460388,-0.07348553091287613,-0.07226839661598206,True
1710807515,fk_qslstm,ema,test,1000117,12,-0.3184639811515808,-0.24986682832241058,-0.24401110410690308,True
1710807515,fk_qslstm,ema,test,1000117,13,0.5720216035842896,0.1433195024728775,0.14489397406578064,True
1710807515,fk_qslstm,ema,test,1000117,14,0.11578188091516495,0.18412473797798157,0.18497072160243988,True
1710807515,fk_qslstm,ema,test,1000117,15,0.1871929168701172,0.25961554050445557,0.25802361965179443,True
1710807515,fk_qslstm,ema,test,1000117,16,-0.5092867016792297,-0.09787959605455399,-0.09641009569168091,True
1710807515,fk_qslstm,ema,test,1000117,17,-0.9148775339126587,-0.627230167388916,-0.6284818053245544,True
1710807515,fk_qslstm,ema,test,1000117,18,-0.6577839851379395,-0.8964545130729675,-0.9013863205909729,True
1710807515,fk_qslstm,ema,test,1000117,19,0.27615106105804443,-0.5514729619026184,-0.5518571138381958,True
1710807515,fk_qslstm,ema,test,1000117,20,0.545809268951416,-0.11369281262159348,-0.1150003969669342,True
1710807515,fk_qslstm,ema,test,1000117,21,-0.45015740394592285,-0.36104869842529297,-0.36010855436325073,True
1710807515,fk_qslstm,ema,test,1000117,22,0.2963860034942627,-0.11100735515356064,-0.11337372660636902,True
1710807515,fk_qslstm,ema,test,1000117,23,-0.7577560544013977,-0.5434595346450806,-0.5471356511116028,True
1710807515,fk_qslstm,ema,test,1000117,24,0.06335052847862244,-0.3967573046684265,-0.39987778663635254,True
1710807515,fk_qslstm,ema,test,1000117,25,0.7394099831581116,0.12624017894268036,0.12161329388618469,True
1710807515,fk_qslstm,ema,test,1000117,26,0.7089651226997375,0.5263712406158447,0.5221296548843384,True
1710807515,fk_qslstm,ema,test,1000117,27,0.32486045360565186,0.61601322889328,0.6103175282478333,True
1710807515,fk_qslstm,ema,test,1000117,28,-0.03658037260174751,0.47086238861083984,0.4640812873840332,True
1710807515,fk_qslstm,ema,test,1000117,29,-0.35479065775871277,0.16381549835205078,0.15993377566337585,True
1710807515,fk_qslstm,ema,test,1000117,30,0.6376720666885376,0.5136556625366211,0.5118244886398315,True
1710807515,fk_qslstm,ema,test,1000117,31,-0.8319979906082153,-0.0882742628455162,-0.08637115359306335,True
1710807515,fk_qslstm,ema,test,1000118,0,0.6376432776451111,0.38258594274520874,0.38107672333717346,True
1710807515,fk_qslstm,ema,test,1000118,1,-0.6488116383552551,-0.08321821689605713,-0.06863155961036682,True
1710807515,fk_qslstm,ema,test,1000118,2,-0.6588330864906311,-0.46187442541122437,-0.45948249101638794,True
1710807515,fk_qslstm,ema,test,1000118,3,0.04228696599602699,-0.344127357006073,-0.3426782488822937,True
1710807515,fk_qslstm,ema,test,1000118,4,0.009710869751870632,-0.26947537064552307,-0.26726245880126953,True
1710807515,fk_qslstm,ema,test,1000118,5,-0.26182594895362854,-0.3726758658885956,-0.3690285086631775,True
1710807515,fk_qslstm,ema,test,1000118,6,-0.6241185665130615,-0.6726118326187134,-0.6732682585716248,True
1710807515,fk_qslstm,ema,test,1000118,7,0.05549689754843712,-0.5047913193702698,-0.5046685934066772,True
1710807515,fk_qslstm,ema,test,1000118,8,0.45579755306243896,-0.13035450875759125,-0.13275796175003052,True
1710807515,fk_qslstm,ema,test,1000118,9,-0.7484886050224304,-0.5533767938613892,-0.5580771565437317,True
1710807515,fk_qslstm,ema,test,1000118,10,0.0008518013637512922,-0.4421903192996979,-0.4466860294342041,True
1710807515,fk_qslstm,ema,test,1000118,11,0.3679809272289276,-0.13296371698379517,-0.13876193761825562,True
1710807515,fk_qslstm,ema,test,1000118,12,0.8173976540565491,0.3840675950050354,0.3756176233291626,True
1710807515,fk_qslstm,ema,test,1000118,13,0.45663559436798096,0.581235408782959,0.5726927518844604,True
1710807515,fk_qslstm,ema,test,1000118,14,0.9147769212722778,1.0138545036315918,1.011437177658081,True
1710807515,fk_qslstm,ema,test,1000118,15,0.25861844420433044,0.9662546515464783,0.961824893951416,True
1710807515,fk_qslstm,ema,test,1000118,16,-0.0648772120475769,0.7340773940086365,0.7267223596572876,True
1710807515,fk_qslstm,ema,test,1000118,17,0.09923650324344635,0.6468038558959961,0.6381220817565918,True
1710807515,fk_qslstm,ema,test,1000118,18,0.3753453493118286,0.7426502704620361,0.736606240272522,True
1710807515,fk_qslstm,ema,test,1000118,19,0.8737460374832153,1.1183677911758423,1.1182184219360352,True
1710807515,fk_qslstm,ema,test,1000118,20,0.47985216975212097,1.182605504989624,1.181581974029541,True
1710807515,fk_qslstm,ema,test,1000118,21,0.5146084427833557,1.2548495531082153,1.2547290325164795,True
1710807515,fk_qslstm,ema,test,1000118,22,0.6077809929847717,1.3685481548309326,1.3642909526824951,True
1710807515,fk_qslstm,ema,test,1000118,23,0.44750261306762695,1.363340139389038,1.3609685897827148,True
1710807515,fk_qslstm,ema,test,1000118,24,-0.18342623114585876,0.9806163907051086,0.9921029210090637,True
1710807515,fk_qslstm,ema,test,1000118,25,-0.887555718421936,0.2519596517086029,0.2583986818790436,True
1710807515,fk_qslstm,ema,test,1000118,26,0.0797894224524498,0.24944137036800385,0.24897080659866333,True
1710807515,fk_qslstm,ema,test,1000118,27,0.2753278613090515,0.36474981904029846,0.36118650436401367,True
1710807515,fk_qslstm,ema,test,1000118,28,-0.6041174530982971,-0.07067061215639114,-0.07382306456565857,True
1710807515,fk_qslstm,ema,test,1000118,29,-0.05016279220581055,-0.08663416653871536,-0.08897164463996887,True
1710807515,fk_qslstm,ema,test,1000118,30,0.5637820363044739,0.26896190643310547,0.26472070813179016,True
1710807515,fk_qslstm,ema,test,1000118,31,0.059476014226675034,0.25085514783859253,0.2470737099647522,True
1710807515,fk_qslstm,ema,test,1000119,0,-0.6137293577194214,-0.3682376444339752,-0.36538249254226685,True
1710807515,fk_qslstm,ema,test,1000119,1,0.23293927311897278,-0.15482653677463531,-0.16226434707641602,True
1710807515,fk_qslstm,ema,test,1000119,2,0.5846967101097107,0.2269567847251892,0.21552495658397675,True
1710807515,fk_qslstm,ema,test,1000119,3,-0.6806607246398926,-0.22683098912239075,-0.2320406436920166,True
1710807515,fk_qslstm,ema,test,1000119,4,0.5454695820808411,0.14581696689128876,0.1394219696521759,True
1710807515,fk_qslstm,ema,test,1000119,5,0.2628335654735565,0.2743537127971649,0.26999178528785706,True
1710807515,fk_qslstm,ema,test,1000119,6,-0.9617852568626404,-0.3575882017612457,-0.3557491898536682,True
1710807515,fk_qslstm,ema,test,1000119,7,0.47912245988845825,0.0014029232552275062,0.002328634262084961,True
1710807515,fk_qslstm,ema,test,1000119,8,-0.23896080255508423,-0.14225414395332336,-0.13483521342277527,True
1710807515,fk_qslstm,ema,test,1000119,9,0.5369849801063538,0.20838767290115356,0.2114761769771576,True
1710807515,fk_qslstm,ema,test,1000119,10,-0.18246860802173615,0.05722896382212639,0.06387487053871155,True
1710807515,fk_qslstm,ema,test,1000119,11,0.8079684376716614,0.5305642485618591,0.5355343222618103,True
1710807515,fk_qslstm,ema,test,1000119,12,0.5323687791824341,0.7438726425170898,0.7499265074729919,True
1710807515,fk_qslstm,ema,test,1000119,13,-0.26090332865715027,0.43855613470077515,0.44027194380760193,True
1710807515,fk_qslstm,ema,test,1000119,14,0.5995612144470215,0.7105816602706909,0.7146652340888977,True
1710807515,fk_qslstm,ema,test,1000119,15,-0.32182177901268005,0.3753722608089447,0.37755662202835083,True
1710807515,fk_qslstm,ema,test,1000119,16,0.5420336723327637,0.6255180239677429,0.6286484003067017,True
1710807515,fk_qslstm,ema,test,1000119,17,0.363559365272522,0.7185500264167786,0.7225926518440247,True
1710807515,fk_qslstm,ema,test,1000119,18,0.5469699501991272,0.9030219912528992,0.9102893471717834,True
1710807515,fk_qslstm,ema,test,1000119,19,0.40725746750831604,0.9667720794677734,0.9746096730232239,True
1710807515,fk_qslstm,ema,test,1000119,20,0.7874787449836731,1.2459049224853516,1.2515017986297607,True
1710807515,fk_qslstm,ema,test,1000119,21,0.10182067006826401,1.0578163862228394,1.0655007362365723,True
1710807515,fk_qslstm,ema,test,1000119,22,0.318235844373703,1.0371946096420288,1.0479557514190674,True
1710807515,fk_qslstm,ema,test,1000119,23,-0.40447452664375305,0.5870709419250488,0.5899323225021362,True
1710807515,fk_qslstm,ema,test,1000119,24,-0.11217508465051651,0.4023517072200775,0.4012904763221741,True
1710807515,fk_qslstm,ema,test,1000119,25,0.5913476943969727,0.6766899824142456,0.6792271137237549,True
1710807515,fk_qslstm,ema,test,1000119,26,0.6433291435241699,0.9273494482040405,0.9347305297851562,True
1710807515,fk_qslstm,ema,test,1000119,27,-0.9905359148979187,0.1475580334663391,0.15981578826904297,True
1710807515,fk_qslstm,ema,test,1000119,28,-0.40441620349884033,-0.12460329383611679,-0.11216849088668823,True
1710807515,fk_qslstm,ema,test,1000119,29,-0.5877661108970642,-0.45234230160713196,-0.4408268332481384,True
1710807515,fk_qslstm,ema,test,1000119,30,-0.422093003988266,-0.6151296496391296,-0.6047151684761047,True
1710807515,fk_qslstm,ema,test,1000119,31,0.7661986947059631,-0.0323844775557518,-0.02206200361251831,True
1710807515,fk_qslstm,ema,test,1000120,0,0.38067948818206787,0.22840768098831177,0.22833219170570374,True
1710807515,fk_qslstm,ema,test,1000120,1,-0.9894590377807617,-0.4109492897987366,-0.3927682638168335,True
1710807515,fk_qslstm,ema,test,1000120,2,-0.6444082260131836,-0.7154043316841125,-0.7144132256507874,True
1710807515,fk_qslstm,ema,test,1000120,3,0.6403247714042664,-0.18812862038612366,-0.18362385034561157,True
1710807515,fk_qslstm,ema,test,1000120,4,0.7542616128921509,0.3020540773868561,0.3035878539085388,True
1710807515,fk_qslstm,ema,test,1000120,5,0.04896342754364014,0.27102130651474,0.2720474898815155,True
1710807515,fk_qslstm,ema,test,1000120,6,0.28131985664367676,0.385608971118927,0.38439223170280457,True
1710807515,fk_qslstm,ema,test,1000120,7,0.4193778336048126,0.5601138472557068,0.5596208572387695,True
1710807515,fk_qslstm,ema,test,1000120,8,0.8455466032028198,0.9554190635681152,0.9616047143936157,True
1710807515,fk_qslstm,ema,test,1000120,9,-0.8820372223854065,0.23511289060115814,0.24036270380020142,True
1710807515,fk_qslstm,ema,test,1000120,10,0.17455928027629852,0.2928258776664734,0.29475483298301697,True
1710807515,fk_qslstm,ema,test,1000120,11,0.3206220269203186,0.42663392424583435,0.42900145053863525,True
1710807515,fk_qslstm,ema,test,1000120,12,-0.5737095475196838,-0.002918606624007225,0.0014021098613739014,True
1710807515,fk_qslstm,ema,test,1000120,13,-0.5011688470840454,-0.3030361831188202,-0.29775112867355347,True
1710807515,fk_qslstm,ema,test,1000120,14,-0.4424283504486084,-0.5078859329223633,-0.5013558864593506,True
1710807515,fk_qslstm,ema,test,1000120,15,-0.6315094828605652,-0.7852144837379456,-0.7827442288398743,True
1710807515,fk_qslstm,ema,test,1000120,16,0.6187349557876587,-0.2569305896759033,-0.2507762908935547,True
1710807515,fk_qslstm,ema,test,1000120,17,0.9123247265815735,0.3418503701686859,0.3414504826068878,True
1710807515,fk_qslstm,ema,test,1000120,18,0.5092189908027649,0.5790116786956787,0.5765917301177979,True
1710807515,fk_qslstm,ema,test,1000120,19,0.16428110003471375,0.5617780089378357,0.5569452047348022,True
1710807515,fk_qslstm,ema,test,1000120,20,0.23537494242191315,0.5906473994255066,0.5851955413818359,True
1710807515,fk_qslstm,ema,test,1000120,21,0.1038517951965332,0.5348289608955383,0.5296923518180847,True
1710807515,fk_qslstm,ema,test,1000120,22,-0.009101685136556625,0.42240217328071594,0.4187483787536621,True
1710807515,fk_qslstm,ema,test,1000120,23,0.5646960735321045,0.6767393946647644,0.6775723099708557,True
1710807515,fk_qslstm,ema,test,1000120,24,0.11991945654153824,0.6133431792259216,0.6137222051620483,True
1710807515,fk_qslstm,ema,test,1000120,25,0.3092290461063385,0.676211953163147,0.6770724058151245,True
1710807515,fk_qslstm,ema,test,1000120,26,0.4457927942276001,0.8084452748298645,0.8122742176055908,True
1710807515,fk_qslstm,ema,test,1000120,27,-0.49223047494888306,0.3514179289340973,0.35227078199386597,True
1710807515,fk_qslstm,ema,test,1000120,28,-0.4743706285953522,-0.0034880382008850574,-0.00047275424003601074,True
1710807515,fk_qslstm,ema,test,1000120,29,-0.36571836471557617,-0.22222144901752472,-0.21438932418823242,True
1710807515,fk_qslstm,ema,test,1000120,30,0.290215402841568,-0.003647908568382263,0.0025578439235687256,True
1710807515,fk_qslstm,ema,test,1000120,31,0.35175177454948425,0.20813274383544922,0.2112480103969574,True
1710807515,fk_qslstm,ema,test,1000121,0,0.8839584589004517,0.530375063419342,0.5211642384529114,True
1710807515,fk_qslstm,ema,test,1000121,1,0.3186054825782776,0.6154633164405823,0.6165333986282349,True
1710807515,fk_qslstm,ema,test,1000121,2,-0.31320300698280334,0.3044488728046417,0.30017220973968506,True
1710807515,fk_qslstm,ema,test,1000121,3,-0.29587769508361816,0.06603248417377472,0.06257125735282898,True
1710807515,fk_qslstm,ema,test,1000121,4,0.4956211447715759,0.3501986563205719,0.3452438712120056,True
1710807515,fk_qslstm,ema,test,1000121,5,-0.024132834747433662,0.2656792402267456,0.26278382539749146,True
1710807515,fk_qslstm,ema,test,1000121,6,0.47224318981170654,0.4958893060684204,0.4926743805408478,True
1710807515,fk_qslstm,ema,test,1000121,7,0.7260617017745972,0.8323484659194946,0.8356841206550598,True
1710807515,fk_qslstm,ema,test,1000121,8,-0.36659157276153564,0.4459238350391388,0.4446755051612854,True
1710807515,fk_qslstm,ema,test,1000121,9,-0.3201371431350708,0.16465677320957184,0.16412189602851868,True
1710807515,fk_qslstm,ema,test,1000121,10,0.3308928906917572,0.3302611708641052,0.32914790511131287,True
1710807515,fk_qslstm,ema,test,1000121,11,0.7214011549949646,0.697049617767334,0.7011773586273193,True
1710807515,fk_qslstm,ema,test,1000121,12,-0.6180272102355957,0.18682339787483215,0.18814316391944885,True
1710807515,fk_qslstm,ema,test,1000121,13,-0.2792997658252716,-0.01812114007771015,-0.014929026365280151,True
1710807515,fk_qslstm,ema,test,1000121,14,0.37219712138175964,0.2088213562965393,0.210397869348526,True
1710807515,fk_qslstm,ema,test,1000121,15,0.8838104009628296,0.6973432898521423,0.7020454406738281,True
1710807515,fk_qslstm,ema,test,1000121,16,0.8326022624969482,1.0574359893798828,1.065103530883789,True
1710807515,fk_qslstm,ema,test,1000121,17,0.9651511907577515,1.425039529800415,1.410841703414917,True
1710807515,fk_qslstm,ema,test,1000121,18,0.6092221140861511,1.50556480884552,1.4771571159362793,True
1710807515,fk_qslstm,ema,test,1000121,19,-0.8007668852806091,0.7239917516708374,0.7344191670417786,True
1710807515,fk_qslstm,ema,test,1000121,20,0.12717056274414062,0.6554957628250122,0.665823757648468,True
1710807515,fk_qslstm,ema,test,1000121,21,-0.4836631119251251,0.23419873416423798,0.2330496907234192,True
1710807515,fk_qslstm,ema,test,1000121,22,0.6570346355438232,0.5815797448158264,0.5792851448059082,True
1710807515,fk_qslstm,ema,test,1000121,23,-0.020095475018024445,0.45320653915405273,0.4479234218597412,True
1710807515,fk_qslstm,ema,test,1000121,24,0.8453328013420105,0.8697649240493774,0.8705050349235535,True
1710807515,fk_qslstm,ema,test,1000121,25,0.5577342510223389,1.0304524898529053,1.0328190326690674,True
1710807515,fk_qslstm,ema,test,1000121,26,0.5850813984870911,1.1754108667373657,1.177943468093872,True
1710807515,fk_qslstm,ema,test,1000121,27,-0.7078888416290283,0.5155953764915466,0.5147935152053833,True
1710807515,fk_qslstm,ema,test,1000121,28,0.05857199430465698,0.4476194977760315,0.44383707642555237,True
1710807515,fk_qslstm,ema,test,1000121,29,0.3974786400794983,0.5965827703475952,0.593998908996582,True
1710807515,fk_qslstm,ema,test,1000121,30,0.6803551912307739,0.8854793310165405,0.8891955018043518,True
1710807515,fk_qslstm,ema,test,1000121,31,0.33807653188705444,0.9112293720245361,0.9142491221427917,True
1710807515,fk_qslstm,ema,test,1000122,0,0.37730562686920166,0.22638337314128876,0.22631201148033142,True
1710807515,fk_qslstm,ema,test,1000122,1,0.7876359224319458,0.6536882519721985,0.6572644710540771,True
1710807515,fk_qslstm,ema,test,1000122,2,0.815123975276947,1.012024998664856,1.0152180194854736,True
1710807515,fk_qslstm,ema,test,1000122,3,0.25418052077293396,0.9621282815933228,0.963141918182373,True
1710807515,fk_qslstm,ema,test,1000122,4,-0.13776277005672455,0.6870449781417847,0.6838522553443909,True
1710807515,fk_qslstm,ema,test,1000122,5,-0.47151702642440796,0.2667257785797119,0.2602412700653076,True
1710807515,fk_qslstm,ema,test,1000122,6,0.1772024780511856,0.3197020888328552,0.31321263313293457,True
1710807515,fk_qslstm,ema,test,1000122,7,0.5209327936172485,0.5683213472366333,0.565222978591919,True
1710807515,fk_qslstm,ema,test,1000122,8,0.3946962356567383,0.6914748549461365,0.6898919343948364,True
1710807515,fk_qslstm,ema,test,1000122,9,-0.7066349983215332,0.1291988641023636,0.12638112902641296,True
1710807515,fk_qslstm,ema,test,1000122,10,0.3545631766319275,0.3160969913005829,0.3116224408149719,True
1710807515,fk_qslstm,ema,test,1000122,11,0.14386777579784393,0.3391982614994049,0.33733034133911133,True
1710807515,fk_qslstm,ema,test,1000122,12,-0.8472143411636353,-0.236969992518425,-0.23573589324951172,True
1710807515,fk_qslstm,ema,test,1000122,13,-0.9219955205917358,-0.7427732944488525,-0.7457947134971619,True
1710807515,fk_qslstm,ema,test,1000122,14,-0.22516830265522003,-0.7293196320533752,-0.7282631993293762,True
1710807515,fk_qslstm,ema,test,1000122,15,-0.31337448954582214,-0.7714803814888,-0.7684639096260071,True
1710807515,fk_qslstm,ema,test,1000122,16,-0.080750472843647,-0.6656346321105957,-0.6605502367019653,True
1710807515,fk_qslstm,ema,test,1000122,17,-0.009802214801311493,-0.5383890271186829,-0.5322343707084656,True
1710807515,fk_qslstm,ema,test,1000122,18,-0.4640049636363983,-0.7091141939163208,-0.7058284878730774,True
1710807515,fk_qslstm,ema,test,1000122,19,0.1786341518163681,-0.4601108729839325,-0.4568074345588684,True
1710807515,fk_qslstm,ema,test,1000122,20,0.7366066575050354,0.0738753080368042,0.07399293780326843,True
1710807515,fk_qslstm,ema,test,1000122,21,-0.0023007001727819443,0.057719822973012924,0.05836409330368042,True
1710807515,fk_qslstm,ema,test,1000122,22,0.6855212450027466,0.45748862624168396,0.45567792654037476,True
1710807515,fk_qslstm,ema,test,1000122,23,-0.5856144428253174,0.014622225426137447,0.014281630516052246,True
1710807515,fk_qslstm,ema,test,1000122,24,0.19451147317886353,0.1284046620130539,0.12490129470825195,True
1710807515,fk_qslstm,ema,test,1000122,25,-0.6485873460769653,-0.28642868995666504,-0.2871156930923462,True
1710807515,fk_qslstm,ema,test,1000122,26,0.5939546823501587,0.12722985446453094,0.12397289276123047,True
1710807515,fk_qslstm,ema,test,1000122,27,-0.33226877450942993,-0.09757738560438156,-0.09486904740333557,True
1710807515,fk_qslstm,ema,test,1000122,28,-0.1349543035030365,-0.15903449058532715,-0.15506702661514282,True
1710807515,fk_qslstm,ema,test,1000122,29,0.2922520339488983,0.048123620450496674,0.04887479543685913,True
1710807515,fk_qslstm,ema,test,1000122,30,-0.8417367339134216,-0.46654313802719116,-0.46594518423080444,True
1710807515,fk_qslstm,ema,test,1000122,31,-0.5978536009788513,-0.7319467067718506,-0.7362094521522522,True
1710807515,fk_qslstm,ema,test,1000123,0,-0.7340092658996582,-0.44040557742118835,-0.43585628271102905,True
1710807515,fk_qslstm,ema,test,1000123,1,0.1785631775856018,-0.24518655240535736,-0.2518233060836792,True
1710807515,fk_qslstm,ema,test,1000123,2,-0.8341439962387085,-0.6966356635093689,-0.7090398669242859,True
1710807515,fk_qslstm,ema,test,1000123,3,0.059555891901254654,-0.5215749740600586,-0.5298801064491272,True
1710807515,fk_qslstm,ema,test,1000123,4,0.600938081741333,-0.05669713392853737,-0.059915900230407715,True
1710807515,fk_qslstm,ema,test,1000123,5,-0.027698345482349396,-0.06197671592235565,-0.06046167016029358,True
1710807515,fk_qslstm,ema,test,1000123,6,-0.3117084503173828,-0.2366064339876175,-0.23155778646469116,True
1710807515,fk_qslstm,ema,test,1000123,7,-0.5454704165458679,-0.5165674090385437,-0.5126463770866394,True
1710807515,fk_qslstm,ema,test,1000123,8,0.8701471090316772,0.10883434116840363,0.11081591248512268,True
1710807515,fk_qslstm,ema,test,1000123,9,-0.2511250078678131,-0.06360752880573273,-0.057386308908462524,True
1710807515,fk_qslstm,ema,test,1000123,10,-0.18918325006961823,-0.16439597308635712,-0.15800398588180542,True
1710807515,fk_qslstm,ema,test,1000123,11,-0.7732617855072021,-0.5954738259315491,-0.593300461769104,True
1710807515,fk_qslstm,ema,test,1000123,12,0.5037758350372314,-0.17411357164382935,-0.17255577445030212,True
1710807515,fk_qslstm,ema,test,1000123,13,0.08210736513137817,-0.09002643823623657,-0.08865222334861755,True
1710807515,fk_qslstm,ema,test,1000123,14,-0.428038090467453,-0.32884401082992554,-0.3264791965484619,True
1710807515,fk_qslstm,ema,test,1000123,15,-0.8672119975090027,-0.7834023833274841,-0.78630131483078,True
1710807515,fk_qslstm,ema,test,1000123,16,0.5122503638267517,-0.3193717300891876,-0.3189241290092468,True
1710807515,fk_qslstm,ema,test,1000123,17,-0.06852644681930542,-0.29661324620246887,-0.29457515478134155,True
1710807515,fk_qslstm,ema,test,1000123,18,-0.0696873888373375,-0.27910304069519043,-0.2769473195075989,True
1710807515,fk_qslstm,ema,test,1000123,19,0.4746444523334503,0.061504244804382324,0.059221938252449036,True
1710807515,fk_qslstm,ema,test,1000123,20,-0.47611069679260254,-0.2364630252122879,-0.23568809032440186,True
1710807515,fk_qslstm,ema,test,1000123,21,0.11427661031484604,-0.12060445547103882,-0.12193506956100464,True
1710807515,fk_qslstm,ema,test,1000123,22,-0.7708969116210938,-0.5590217113494873,-0.5621986389160156,True
1710807515,fk_qslstm,ema,test,1000123,23,0.24721789360046387,-0.29888662695884705,-0.30255502462387085,True
1710807515,fk_qslstm,ema,test,1000123,24,0.29988038539886475,-0.05918106436729431,-0.0649225115776062,True
1710807515,fk_qslstm,ema,test,1000123,25,0.8429056406021118,0.4583985209465027,0.4505850672721863,True
1710807515,fk_qslstm,ema,test,1000123,26,-0.2823197543621063,0.19732695817947388,0.19134902954101562,True
1710807515,fk_qslstm,ema,test,1000123,27,-0.13322721421718597,0.07792524248361588,0.07355669140815735,True
1710807515,fk_qslstm,ema,test,1000123,28,0.5831817984580994,0.41224926710128784,0.40774622559547424,True
1710807515,fk_qslstm,ema,test,1000123,29,0.9659058451652527,0.909342885017395,0.9102850556373596,True
1710807515,fk_qslstm,ema,test,1000123,30,-0.4205784797668457,0.475127249956131,0.46785542368888855,True
1710807515,fk_qslstm,ema,test,1000123,31,-0.8118197321891785,-0.10699004679918289,-0.11515837907791138,True
1710807515,fk_qslstm,ema,test,1000124,0,0.3021552264690399,0.18129314482212067,0.18131175637245178,True
1710807515,fk_qslstm,ema,test,1000124,1,0.6009481549263,0.5056033730506897,0.5059508681297302,True
1710807515,fk_qslstm,ema,test,1000124,2,0.9598191976547241,0.9803742170333862,0.9790691137313843,True
1710807515,fk_qslstm,ema,test,1000124,3,-0.21159057319164276,0.6573449969291687,0.6500120162963867,True
1710807515,fk_qslstm,ema,test,1000124,4,0.9495654106140137,1.095615267753601,1.0934338569641113,True
1710807515,fk_qslstm,ema,test,1000124,5,0.1473386287689209,0.9648954272270203,0.960102379322052,True
1710807515,fk_qslstm,ema,test,1000124,6,-0.35187777876853943,0.5607896447181702,0.5505648255348206,True
1710807515,fk_qslstm,ema,test,1000124,7,-0.9644619226455688,-0.13004544377326965,-0.13574427366256714,True
1710807515,fk_qslstm,ema,test,1000124,8,-0.9885667562484741,-0.6971763968467712,-0.7023523449897766,True
1710807515,fk_qslstm,ema,test,1000124,9,-0.705639123916626,-0.9811245799064636,-0.9875090718269348,True
1710807515,fk_qslstm,ema,test,1000124,10,-0.0048530991189181805,-0.7878115177154541,-0.7908194661140442,True
1710807515,fk_qslstm,ema,test,1000124,11,-0.7074178457260132,-1.0546998977661133,-1.0609502792358398,True
1710807515,fk_qslstm,ema,test,1000124,12,-0.95632404088974,-1.4175543785095215,-1.4034671783447266,True
1710807515,fk_qslstm,ema,test,1000124,13,0.8234384059906006,-0.6399804353713989,-0.6331328749656677,True
1710807515,fk_qslstm,ema,test,1000124,14,-0.6839946508407593,-0.9223811030387878,-0.9287986159324646,True
1710807515,fk_qslstm,ema,test,1000124,15,-0.01616779901087284,-0.747605562210083,-0.7535658478736877,True
1710807515,fk_qslstm,ema,test,1000124,16,0.9426560997962952,-0.032490793615579605,-0.03340333700180054,True
1710807515,fk_qslstm,ema,test,1000124,17,-0.6967033743858337,-0.44401466846466064,-0.442902147769928,True
1710807515,fk_qslstm,ema,test,1000124,18,0.9195668697357178,0.19652840495109558,0.19286295771598816,True
1710807515,fk_qslstm,ema,test,1000124,19,0.5197247266769409,0.469057559967041,0.4659936726093292,True
1710807515,fk_qslstm,ema,test,1000124,20,-0.021158866584300995,0.3625507056713104,0.35956108570098877,True
1710807515,fk_qslstm,ema,test,1000124,21,0.6123229265213013,0.657434344291687,0.6573646664619446,True
1710807515,fk_qslstm,ema,test,1000124,22,0.017005696892738342,0.5361508727073669,0.5352336168289185,True
1710807515,fk_qslstm,ema,test,1000124,23,0.21150445938110352,0.5558233857154846,0.5543654561042786,True
1710807515,fk_qslstm,ema,test,1000124,24,0.7652120590209961,0.9037859439849854,0.9099268317222595,True
1710807515,fk_qslstm,ema,test,1000124,25,-0.5206735730171204,0.41062459349632263,0.41127052903175354,True
1710807515,fk_qslstm,ema,test,1000124,26,-0.8260290622711182,-0.16711777448654175,-0.16693446040153503,True
1710807515,fk_qslstm,ema,test,1000124,27,-0.43489447236061096,-0.39463090896606445,-0.3914622664451599,True
1710807515,fk_qslstm,ema,test,1000124,28,-0.5413711667060852,-0.6405274271965027,-0.6374512910842896,True
1710807515,fk_qslstm,ema,test,1000124,29,-0.0747830793261528,-0.5572918057441711,-0.5516237020492554,True
1710807515,fk_qslstm,ema,test,1000124,30,-0.7859168648719788,-0.9173835515975952,-0.9170401692390442,True
1710807515,fk_qslstm,ema,test,1000124,31,0.4289962351322174,-0.47650909423828125,-0.47420209646224976,True
1710807515,fk_qslstm,ema,test,1000125,0,-0.06931070238351822,-0.04158641770482063,-0.04023677110671997,True
1710807515,fk_qslstm,ema,test,1000125,1,-0.049274686723947525,-0.06283394992351532,-0.06121423840522766,True
1710807515,fk_qslstm,ema,test,1000125,2,0.4160880148410797,0.1993856430053711,0.19207946956157684,True
1710807515,fk_qslstm,ema,test,1000125,3,0.9637276530265808,0.7377451062202454,0.7321001291275024,True
1710807515,fk_qslstm,ema,test,1000125,4,0.8763415813446045,1.116001009941101,1.1131510734558105,True
1710807515,fk_qslstm,ema,test,1000125,5,0.36202841997146606,1.1100178956985474,1.1069906949996948,True
1710807515,fk_qslstm,ema,test,1000125,6,-0.14049449563026428,0.8037176132202148,0.7998697757720947,True
1710807515,fk_qslstm,ema,test,1000125,7,0.34557780623435974,0.8503208160400391,0.8481074571609497,True
1710807515,fk_qslstm,ema,test,1000125,8,-0.5363674759864807,0.35843613743782043,0.35003337264060974,True
1710807515,fk_qslstm,ema,test,1000125,9,-0.9428513646125793,-0.2789618968963623,-0.28405195474624634,True
1710807515,fk_qslstm,ema,test,1000125,10,-0.5129703879356384,-0.530951738357544,-0.5340981483459473,True
1710807515,fk_qslstm,ema,test,1000125,11,0.7389631271362305,0.018616480752825737,0.018501698970794678,True
1710807515,fk_qslstm,ema,test,1000125,12,-0.8747262358665466,-0.5099425315856934,-0.5082123279571533,True
1710807515,fk_qslstm,ema,test,1000125,13,-0.2447654902935028,-0.5548133254051208,-0.5537170171737671,True
1710807515,fk_qslstm,ema,test,1000125,14,-0.13436205685138702,-0.5244678854942322,-0.5204893946647644,True
1710807515,fk_qslstm,ema,test,1000125,15,-0.21836857497692108,-0.5505954623222351,-0.5455361008644104,True
1710807515,fk_qslstm,ema,test,1000125,16,-0.6236944198608398,-0.814693033695221,-0.8147370219230652,True
1710807515,fk_qslstm,ema,test,1000125,17,0.6728257536888123,-0.2480589747428894,-0.24428534507751465,True
1710807515,fk_qslstm,ema,test,1000125,18,-0.12232767790555954,-0.2718437910079956,-0.2667878270149231,True
1710807515,fk_qslstm,ema,test,1000125,19,0.8273040056228638,0.2789073586463928,0.2779299318790436,True
1710807515,fk_qslstm,ema,test,1000125,20,-0.03489375486969948,0.202189639210701,0.20179244875907898,True
1710807515,fk_qslstm,ema,test,1000125,21,-0.36400383710861206,-0.056650590151548386,-0.05505654215812683,True
1710807515,fk_qslstm,ema,test,1000125,22,-0.0643964633345604,-0.08395835012197495,-0.0808994472026825,True
1710807515,fk_qslstm,ema,test,1000125,23,0.7673947215080261,0.3932701647281647,0.3945484161376953,True
1710807515,fk_qslstm,ema,test,1000125,24,-0.10885177552700043,0.24930506944656372,0.2510347068309784,True
1710807515,fk_qslstm,ema,test,1000125,25,-0.886593222618103,-0.33251187205314636,-0.330313503742218,True
1710807515,fk_qslstm,ema,test,1000125,26,-0.7994537353515625,-0.7456817626953125,-0.749502956867218,True
1710807515,fk_qslstm,ema,test,1000125,27,0.14735880494117737,-0.5081301331520081,-0.5076974034309387,True
1710807515,fk_qslstm,ema,test,1000125,28,0.09157022833824158,-0.35156193375587463,-0.34984761476516724,True
1710807515,fk_qslstm,ema,test,1000125,29,0.28165149688720703,-0.11225865036249161,-0.1136178970336914,True
1710807515,fk_qslstm,ema,test,1000125,30,0.12434931844472885,-0.01519733015447855,-0.017830580472946167,True
1710807515,fk_qslstm,ema,test,1000125,31,0.684568464756012,0.39858320355415344,0.3938944935798645,True
1710807515,fk_qslstm,ema,test,1000126,0,-0.47769975662231445,-0.2866198718547821,-0.28432101011276245,True
1710807515,fk_qslstm,ema,test,1000126,1,0.08353941887617111,-0.17917223274707794,-0.1840490996837616,True
1710807515,fk_qslstm,ema,test,1000126,2,0.6970608234405518,0.2748986780643463,0.2646103501319885,True
1710807515,fk_qslstm,ema,test,1000126,3,0.7508290410041809,0.6704163551330566,0.6650522947311401,True
1710807515,fk_qslstm,ema,test,1000126,4,0.5855292677879333,0.8876506686210632,0.8870211243629456,True
1710807515,fk_qslstm,ema,test,1000126,5,0.45333677530288696,0.9821226000785828,0.9839317202568054,True
1710807515,fk_qslstm,ema,test,1000126,6,0.3573983311653137,1.0001370906829834,1.0034031867980957,True
1710807515,fk_qslstm,ema,test,1000126,7,-0.976924479007721,0.21395498514175415,0.2230464518070221,True
1710807515,fk_qslstm,ema,test,1000126,8,-0.80136638879776,-0.3096558451652527,-0.3023785352706909,True
1710807515,fk_qslstm,ema,test,1000126,9,-0.751893162727356,-0.6988605856895447,-0.6960399746894836,True
1710807515,fk_qslstm,ema,test,1000126,10,-0.6894080638885498,-0.9727333188056946,-0.9732127785682678,True
1710807515,fk_qslstm,ema,test,1000126,11,-0.28249332308769226,-0.9476826190948486,-0.947855532169342,True
1710807515,fk_qslstm,ema,test,1000126,12,-0.27717095613479614,-0.9244486689567566,-0.9250895380973816,True
1710807515,fk_qslstm,ema,test,1000126,13,0.24748076498508453,-0.5910704731941223,-0.5889641642570496,True
1710807515,fk_qslstm,ema,test,1000126,14,-0.822235643863678,-0.9661977887153625,-0.9697864651679993,True
1710807515,fk_qslstm,ema,test,1000126,15,-0.18507343530654907,-0.8840022683143616,-0.8889430165290833,True
1710807515,fk_qslstm,ema,test,1000126,16,-0.24448679387569427,-0.8538939356803894,-0.8580167889595032,True
1710807515,fk_qslstm,ema,test,1000126,17,0.0998716950416565,-0.6231921315193176,-0.6240053772926331,True
1710807515,fk_qslstm,ema,test,1000126,18,-0.3665717542171478,-0.7184967398643494,-0.7193571925163269,True
1710807515,fk_qslstm,ema,test,1000126,19,-0.32778704166412354,-0.7714695930480957,-0.7722347378730774,True
1710807515,fk_qslstm,ema,test,1000126,20,0.7033658027648926,-0.19515618681907654,-0.19038835167884827,True
1710807515,fk_qslstm,ema,test,1000126,21,-0.3277398943901062,-0.3527688980102539,-0.3453595042228699,True
1710807515,fk_qslstm,ema,test,1000126,22,-0.6999459266662598,-0.7021826505661011,-0.7018323540687561,True
1710807515,fk_qslstm,ema,test,1000126,23,0.16852237284183502,-0.46063271164894104,-0.45937955379486084,True
1710807515,fk_qslstm,ema,test,1000126,24,0.24891094863414764,-0.2191595882177353,-0.21957999467849731,True
1710807515,fk_qslstm,ema,test,1000126,25,-0.9222130179405212,-0.7286555171012878,-0.7317516207695007,True
1710807515,fk_qslstm,ema,test,1000126,26,-0.32816827297210693,-0.7798253893852234,-0.784177839756012,True
1710807515,fk_qslstm,ema,test,1000126,27,-0.36129069328308105,-0.8406347036361694,-0.8443775773048401,True
1710807515,fk_qslstm,ema,test,1000126,28,-0.21899645030498505,-0.8039056658744812,-0.8063228726387024,True
1710807515,fk_qslstm,ema,test,1000126,29,-0.9106463193893433,-1.1895122528076172,-1.188429355621338,True
1710807515,fk_qslstm,ema,test,1000126,30,-0.6926352381706238,-1.367190957069397,-1.3603036403656006,True
1710807515,fk_qslstm,ema,test,1000126,31,0.10936260223388672,-1.0281351804733276,-1.0362448692321777,True
1710807515,fk_qslstm,ema,test,1000127,0,-0.34578797221183777,-0.2074727714061737,-0.2052931785583496,True
1710807515,fk_qslstm,ema,test,1000127,1,0.8380258083343506,0.3368372321128845,0.32695630192756653,True
1710807515,fk_qslstm,ema,test,1000127,2,0.24750612676143646,0.41797348856925964,0.4065021872520447,True
1710807515,fk_qslstm,ema,test,1000127,3,0.6519505381584167,0.7255491018295288,0.7191106677055359,True
1710807515,fk_qslstm,ema,test,1000127,4,0.3042275905609131,0.762975811958313,0.7584874033927917,True
1710807515,fk_qslstm,ema,test,1000127,5,0.8448739647865295,1.117305040359497,1.1181895732879639,True
1710807515,fk_qslstm,ema,test,1000127,6,-0.7365692257881165,0.45190250873565674,0.4502035975456238,True
1710807515,fk_qslstm,ema,test,1000127,7,0.23061154782772064,0.49988892674446106,0.49663716554641724,True
1710807515,fk_qslstm,ema,test,1000127,8,-0.7334396839141846,-0.040152657777071,-0.041262269020080566,True
1710807515,fk_qslstm,ema,test,1000127,9,-0.6451762914657593,-0.4192278981208801,-0.42122119665145874,True
1710807515,fk_qslstm,ema,test,1000127,10,0.9649600982666016,0.24359376728534698,0.23869234323501587,True
1710807515,fk_qslstm,ema,test,1000127,11,-0.4284134805202484,-0.06217307597398758,-0.06163531541824341,True
1710807515,fk_qslstm,ema,test,1000127,12,-0.9766567945480347,-0.6357325315475464,-0.6366258263587952,True
1710807515,fk_qslstm,ema,test,1000127,13,-0.8189480900764465,-0.999954879283905,-1.0048329830169678,True
1710807515,fk_qslstm,ema,test,1000127,14,-0.3971675932407379,-1.038264513015747,-1.0434584617614746,True
1710807515,fk_qslstm,ema,test,1000127,15,-0.8864503502845764,-1.3624818325042725,-1.3548667430877686,True
1710807515,fk_qslstm,ema,test,1000127,16,-0.6814425587654114,-1.49885094165802,-1.4808225631713867,True
1710807515,fk_qslstm,ema,test,1000127,17,-0.020818857476115227,-1.2115720510482788,-1.220484972000122,True
1710807515,fk_qslstm,ema,test,1000127,18,-0.48468804359436035,-1.260070562362671,-1.278426170349121,True
1710807515,fk_qslstm,ema,test,1000127,19,0.7810685038566589,-0.5394152998924255,-0.5458807349205017,True
1710807515,fk_qslstm,ema,test,1000127,20,0.5870364904403687,-0.07931036502122879,-0.07876050472259521,True
1710807515,fk_qslstm,ema,test,1000127,21,0.283687025308609,0.10676391422748566,0.11053009331226349,True
1710807515,fk_qslstm,ema,test,1000127,22,0.44963130354881287,0.3551899194717407,0.35920217633247375,True
1710807515,fk_qslstm,ema,test,1000127,23,0.8374102711677551,0.7865980863571167,0.7955400347709656,True
1710807515,fk_qslstm,ema,test,1000127,24,0.3713856339454651,0.8521098494529724,0.8600913882255554,True
1710807515,fk_qslstm,ema,test,1000127,25,0.8581159710884094,1.1965575218200684,1.2040040493011475,True
1710807515,fk_qslstm,ema,test,1000127,26,-0.7932409048080444,0.4813014268875122,0.48871710896492004,True
1710807515,fk_qslstm,ema,test,1000127,27,0.5459058284759521,0.7125846743583679,0.7215145826339722,True
1710807515,fk_qslstm,ema,test,1000127,28,-0.1032855436205864,0.5080963969230652,0.5134614706039429,True
1710807515,fk_qslstm,ema,test,1000127,29,0.4164990186691284,0.6563765406608582,0.6611357927322388,True
1710807515,fk_qslstm,ema,test,1000127,30,-0.5817980170249939,0.17602242529392242,0.17880915105342865,True
1710807515,fk_qslstm,ema,test,1000127,31,-0.2481791377067566,-0.008089547045528889,-0.002601325511932373,True
1710807515,fk_qslstm,ema,test,1000128,0,0.18793442845344543,0.11276065558195114,0.11300933361053467,True
1710807515,fk_qslstm,ema,test,1000128,1,-0.39470866322517395,-0.14661666750907898,-0.1382235884666443,True
1710807515,fk_qslstm,ema,test,1000128,2,-0.24825870990753174,-0.26624855399131775,-0.26351606845855713,True
1710807515,fk_qslstm,ema,test,1000128,3,-0.16652198135852814,-0.3129120469093323,-0.30813366174697876,True
1710807515,fk_qslstm,ema,test,1000128,4,0.24730011820793152,-0.10194956511259079,-0.09961146116256714,True
1710807515,fk_qslstm,ema,test,1000128,5,-0.23301644623279572,-0.22136951982975006,-0.21612906455993652,True
1710807515,fk_qslstm,ema,test,1000128,6,0.4992038309574127,0.12242668122053146,0.12257015705108643,True
1710807515,fk_qslstm,ema,test,1000128,7,0.18307720124721527,0.2077876627445221,0.2063179612159729,True
1710807515,fk_qslstm,ema,test,1000128,8,0.48833954334259033,0.4592338502407074,0.4560732841491699,True
1710807515,fk_qslstm,ema,test,1000128,9,0.8110118508338928,0.8539941906929016,0.8571560978889465,True
1710807515,fk_qslstm,ema,test,1000128,10,-0.7871683835983276,0.21089433133602142,0.21009579300880432,True
1710807515,fk_qslstm,ema,test,1000128,11,0.42757612466812134,0.42526113986968994,0.4211644232273102,True
1710807515,fk_qslstm,ema,test,1000128,12,-0.6181449890136719,-0.03067808970808983,-0.031038999557495117,True
1710807515,fk_qslstm,ema,test,1000128,13,0.7132783532142639,0.40342453122138977,0.40167608857154846,True
1710807515,fk_qslstm,ema,test,1000128,14,-0.7352803349494934,-0.1184285581111908,-0.11667037010192871,True
1710807515,fk_qslstm,ema,test,1000128,15,0.7852734923362732,0.3764212429523468,0.3747885525226593,True
1710807515,fk_qslstm,ema,test,1000128,16,-0.9071056246757507,-0.24312637746334076,-0.2384052276611328,True
1710807515,fk_qslstm,ema,test,1000128,17,-0.0020335104782134295,-0.19572120904922485,-0.19142407178878784,True
1710807515,fk_qslstm,ema,test,1000128,18,-0.6290451288223267,-0.5340040326118469,-0.5305547118186951,True
1710807515,fk_qslstm,ema,test,1000128,19,-0.9375373721122742,-0.989725649356842,-0.9895280003547668,True
1710807515,fk_qslstm,ema,test,1000128,20,0.09379348158836365,-0.7355044484138489,-0.7340527176856995,True
1710807515,fk_qslstm,ema,test,1000128,21,-0.9419747591018677,-1.1535884141921997,-1.1512415409088135,True
1710807515,fk_qslstm,ema,test,1000128,22,0.5715751647949219,-0.5799255967140198,-0.5746840834617615,True
1710807515,fk_qslstm,ema,test,1000128,23,-0.5088825821876526,-0.7692700624465942,-0.769836962223053,True
1710807515,fk_qslstm,ema,test,1000128,24,0.5822358131408691,-0.266074538230896,-0.26297903060913086,True
1710807515,fk_qslstm,ema,test,1000128,25,-0.18945938348770142,-0.32653525471687317,-0.3200690746307373,True
1710807515,fk_qslstm,ema,test,1000128,26,-0.8255689144134521,-0.7565695643424988,-0.7568420767784119,True
1710807515,fk_qslstm,ema,test,1000128,27,-0.604941725730896,-0.9682207107543945,-0.9728259444236755,True
1710807515,fk_qslstm,ema,test,1000128,28,-0.3201914429664612,-0.9666914343833923,-0.971380889415741,True
1710807515,fk_qslstm,ema,test,1000128,29,0.5711013674736023,-0.43069228529930115,-0.4280070662498474,True
1710807515,fk_qslstm,ema,test,1000128,30,-0.32792040705680847,-0.5413060784339905,-0.5379385352134705,True
1710807515,fk_qslstm,ema,test,1000128,31,0.9375806450843811,0.1295035183429718,0.1284891664981842,True
1710807515,fk_qslstm,ema,test,1000129,0,-0.6140686869621277,-0.36844122409820557,-0.3655833601951599,True
1710807515,fk_qslstm,ema,test,1000129,1,0.4306381940841675,-0.03637006878852844,-0.04476615786552429,True
1710807515,fk_qslstm,ema,test,1000129,2,-0.6111294627189636,-0.3957737386226654,-0.40362638235092163,True
1710807515,fk_qslstm,ema,test,1000129,3,0.25383317470550537,-0.16431908309459686,-0.1710866093635559,True
1710807515,fk_qslstm,ema,test,1000129,4,-0.9888968467712402,-0.7247933745384216,-0.728870689868927,True
1710807515,fk_qslstm,ema,test,1000129,5,-0.01199458446353674,-0.5870314836502075,-0.587907612323761,True
1710807515,fk_qslstm,ema,test,1000129,6,0.30035728216171265,-0.289410799741745,-0.2878793478012085,True
1710807515,fk_qslstm,ema,test,1000129,7,0.9531298875808716,0.3403492867946625,0.335666686296463,True
1710807515,fk_qslstm,ema,test,1000129,8,0.6783828139305115,0.6793091297149658,0.6767761707305908,True
1710807515,fk_qslstm,ema,test,1000129,9,-0.06918244808912277,0.5019378066062927,0.4968967139720917,True
1710807515,fk_qslstm,ema,test,1000129,10,-0.8126396536827087,-0.08603354543447495,-0.09020444750785828,True
1710807515,fk_qslstm,ema,test,1000129,11,0.35785117745399475,0.14588387310504913,0.1404278427362442,True
1710807515,fk_qslstm,ema,test,1000129,12,0.545687198638916,0.4441194236278534,0.44075441360473633,True
1710807515,fk_qslstm,ema,test,1000129,13,0.45111560821533203,0.625964879989624,0.623995304107666,True
1710807515,fk_qslstm,ema,test,1000129,14,0.4678248465061188,0.7814668416976929,0.7819070816040039,True
1710807515,fk_qslstm,ema,test,1000129,15,-0.25660979747772217,0.47120755910873413,0.4694771468639374,True
1710807515,fk_qslstm,ema,test,1000129,16,0.8095295429229736,0.8626837730407715,0.8677145838737488,True
1710807515,fk_qslstm,ema,test,1000129,17,-0.3390849530696869,0.4866960346698761,0.4871249496936798,True
1710807515,fk_qslstm,ema,test,1000129,18,0.3644879162311554,0.6080495715141296,0.6076229214668274,True
1710807515,fk_qslstm,ema,test,1000129,19,0.24973520636558533,0.6362807750701904,0.6362693309783936,True
1710807515,fk_qslstm,ema,test,1000129,20,0.8599692583084106,1.0250061750411987,1.0313880443572998,True
1710807515,fk_qslstm,ema,test,1000129,21,0.19769057631492615,0.9386193156242371,0.9425063729286194,True
1710807515,fk_qslstm,ema,test,1000129,22,0.2865736186504364,0.9228395819664001,0.9269127249717712,True
1710807515,fk_qslstm,ema,test,1000129,23,0.3757151961326599,0.9637007713317871,0.9688004851341248,True
1710807515,fk_qslstm,ema,test,1000129,24,0.7299255728721619,1.2089159488677979,1.214310646057129,True
1710807515,fk_qslstm,ema,test,1000129,25,-0.7526517510414124,0.5155417323112488,0.5200738310813904,True
1710807515,fk_qslstm,ema,test,1000129,26,0.3517525792121887,0.6234849095344543,0.6267061829566956,True
1710807515,fk_qslstm,ema,test,1000129,27,-0.49412447214126587,0.20231324434280396,0.20344598591327667,True
1710807515,fk_qslstm,ema,test,1000129,28,-0.871432363986969,-0.36100882291793823,-0.3605031371116638,True
1710807515,fk_qslstm,ema,test,1000129,29,0.5635610222816467,0.04932955279946327,0.04958397150039673,True
1710807515,fk_qslstm,ema,test,1000129,30,-0.9136776924133301,-0.5087429285049438,-0.5053940415382385,True
1710807515,fk_qslstm,ema,test,1000129,31,-0.9714963436126709,-0.9898921847343445,-0.9901629090309143,True
1710807515,fk_qslstm,ema,test,1000130,0,0.7213627099990845,0.43281760811805725,0.4297294616699219,True
1710807515,fk_qslstm,ema,test,1000130,1,-0.12937070429325104,0.2686316668987274,0.27866196632385254,True
1710807515,fk_qslstm,ema,test,1000130,2,0.1080930083990097,0.2797611355781555,0.28020116686820984,True
1710807515,fk_qslstm,ema,test,1000130,3,0.7961156964302063,0.7014783620834351,0.7043566703796387,True
1710807515,fk_qslstm,ema,test,1000130,4,0.7433075308799744,1.0071672201156616,1.01426100730896,True
1710807515,fk_qslstm,ema,test,1000130,5,-0.11118472367525101,0.7390229105949402,0.7404168844223022,True
1710807515,fk_qslstm,ema,test,1000130,6,-0.09921583533287048,0.5316888093948364,0.5291260480880737,True
1710807515,fk_qslstm,ema,test,1000130,7,0.35344016551971436,0.6374151706695557,0.6354427337646484,True
1710807515,fk_qslstm,ema,test,1000130,8,-0.12209245562553406,0.43667665123939514,0.43451783061027527,True
1710807515,fk_qslstm,ema,test,1000130,9,-0.674618124961853,-0.055429570376873016,-0.05647596716880798,True
1710807515,fk_qslstm,ema,test,1000130,10,-0.5749045014381409,-0.3892863690853119,-0.3893333077430725,True
1710807515,fk_qslstm,ema,test,1000130,11,0.7745407223701477,0.1532953679561615,0.1537410020828247,True
1710807515,fk_qslstm,ema,test,1000130,12,0.4530040919780731,0.3944387435913086,0.39398184418678284,True
1710807515,fk_qslstm,ema,test,1000130,13,0.7465722560882568,0.7634943127632141,0.7668607234954834,True
1710807515,fk_qslstm,ema,test,1000130,14,0.23960039019584656,0.7545557022094727,0.7554115653038025,True
1710807515,fk_qslstm,ema,test,1000130,15,-0.26961085200309753,0.4418780505657196,0.43948397040367126,True
1710807515,fk_qslstm,ema,test,1000130,16,-0.7243921160697937,-0.08113280683755875,-0.08318191766738892,True
1710807515,fk_qslstm,ema,test,1000130,17,0.4872466027736664,0.2274417132139206,0.22445115447044373,True
1710807515,fk_qslstm,ema,test,1000130,18,-0.17644046247005463,0.07608909904956818,0.0791703313589096,True
1710807515,fk_qslstm,ema,test,1000130,19,-0.9629659056663513,-0.5169082880020142,-0.5125735402107239,True
1710807515,fk_qslstm,ema,test,1000130,20,0.2984258234500885,-0.2344711273908615,-0.2296326756477356,True
1710807515,fk_qslstm,ema,test,1000130,21,-0.26378151774406433,-0.3458458185195923,-0.337322473526001,True
1710807515,fk_qslstm,ema,test,1000130,22,-0.020052319392561913,-0.28870803117752075,-0.2805110812187195,True
1710807515,fk_qslstm,ema,test,1000130,23,-0.7367295622825623,-0.673004150390625,-0.6700389981269836,True
1710807515,fk_qslstm,ema,test,1000130,24,0.0989040657877922,-0.4790608882904053,-0.47634023427963257,True
1710807515,fk_qslstm,ema,test,1000130,25,-0.5667995810508728,-0.7233284711837769,-0.72403484582901,True
1710807515,fk_qslstm,ema,test,1000130,26,0.47506433725357056,-0.2936241924762726,-0.2937314510345459,True
1710807515,fk_qslstm,ema,test,1000130,27,-0.7864921689033508,-0.7067946195602417,-0.7110456824302673,True
1710807515,fk_qslstm,ema,test,1000130,28,-0.17924821376800537,-0.6729846596717834,-0.6777302622795105,True
1710807515,fk_qslstm,ema,test,1000130,29,0.3549525737762451,-0.3254161477088928,-0.3284144401550293,True
1710807515,fk_qslstm,ema,test,1000130,30,0.16575108468532562,-0.16088227927684784,-0.16519707441329956,True
1710807515,fk_qslstm,ema,test,1000130,31,-0.5372895002365112,-0.45107951760292053,-0.4553518295288086,True
1710807515,fk_qslstm,ema,test,1000131,0,0.06747488677501678,0.04048493131995201,0.04118037223815918,True
1710807515,fk_qslstm,ema,test,1000131,1,-0.14580194652080536,-0.05509321764111519,-0.0503288209438324,True
1710807515,fk_qslstm,ema,test,1000131,2,-0.7305765151977539,-0.48242050409317017,-0.48598408699035645,True
1710807515,fk_qslstm,ema,test,1000131,3,-0.6789467930793762,-0.7933045029640198,-0.8026853203773499,True
1710807515,fk_qslstm,ema,test,1000131,4,0.0657653659582138,-0.5951843857765198,-0.5999040007591248,True
1710807515,fk_qslstm,ema,test,1000131,5,-0.22970613837242126,-0.6139711737632751,-0.6157347559928894,True
1710807515,fk_qslstm,ema,test,1000131,6,-0.9050068259239197,-1.034180998802185,-1.0376992225646973,True
1710807515,fk_qslstm,ema,test,1000131,7,-0.2695152759552002,-0.9890540242195129,-0.9941187500953674,True
1710807515,fk_qslstm,ema,test,1000131,8,-0.5909861326217651,-1.1458349227905273,-1.1524410247802734,True
1710807515,fk_qslstm,ema,test,1000131,9,0.9960127472877502,-0.31906023621559143,-0.32020044326782227,True
1710807515,fk_qslstm,ema,test,1000131,10,0.712995171546936,0.17254890501499176,0.1685546338558197,True
1710807515,fk_qslstm,ema,test,1000131,11,0.6697742342948914,0.5399036407470703,0.5366830825805664,True
1710807515,fk_qslstm,ema,test,1000131,12,0.5340338349342346,0.7523432374000549,0.752197802066803,True
1710807515,fk_qslstm,ema,test,1000131,13,0.7152900099754333,1.0310485363006592,1.036083459854126,True
1710807515,fk_qslstm,ema,test,1000131,14,0.6885635256767273,1.2379770278930664,1.240907907485962,True
1710807515,fk_qslstm,ema,test,1000131,15,0.040825650095939636,1.0148769617080688,1.0210387706756592,True
1710807515,fk_qslstm,ema,test,1000131,16,0.9176231026649475,1.3624753952026367,1.3606359958648682,True
1710807515,fk_qslstm,ema,test,1000131,17,-0.6547972559928894,0.6971020102500916,0.7010709047317505,True
1710807515,fk_qslstm,ema,test,1000131,18,0.731167733669281,0.9963822364807129,1.0092871189117432,True
1710807515,fk_qslstm,ema,test,1000131,19,0.6791415810585022,1.2045907974243164,1.2148253917694092,True
1710807515,fk_qslstm,ema,test,1000131,20,-0.304976224899292,0.7806868553161621,0.7855077981948853,True
1710807515,fk_qslstm,ema,test,1000131,21,0.4945942163467407,0.9213060140609741,0.9281988143920898,True
1710807515,fk_qslstm,ema,test,1000131,22,0.708173930644989,1.1619491577148438,1.1695611476898193,True
1710807515,fk_qslstm,ema,test,1000131,23,0.22321784496307373,1.0634900331497192,1.0692123174667358,True
1710807515,fk_qslstm,ema,test,1000131,24,-0.00863417237997055,0.8456115126609802,0.8483088612556458,True
1710807515,fk_qslstm,ema,test,1000131,25,0.47021690011024475,0.9586193561553955,0.9632988572120667,True
1710807515,fk_qslstm,ema,test,1000131,26,-0.9337000250816345,0.20667549967765808,0.2098073661327362,True
1710807515,fk_qslstm,ema,test,1000131,27,-0.43363961577415466,-0.09484337270259857,-0.09141027927398682,True
1710807515,fk_qslstm,ema,test,1000131,28,-0.9356155395507812,-0.6372440457344055,-0.6346390247344971,True
1710807515,fk_qslstm,ema,test,1000131,29,-0.9704450964927673,-1.09206223487854,-1.088460922241211,True
1710807515,fk_qslstm,ema,test,1000131,30,-0.41878339648246765,-1.1249198913574219,-1.122722864151001,True
1710807515,fk_qslstm,ema,test,1000131,31,0.4411928951740265,-0.6352201104164124,-0.6309048533439636,True
1710807515,fk_qslstm,ema,test,1000132,0,0.7914091944694519,0.4748455286026001,0.4696885347366333,True
1710807515,fk_qslstm,ema,test,1000132,1,-0.04736178368330002,0.3514593541622162,0.35862502455711365,True
1710807515,fk_qslstm,ema,test,1000132,2,0.327823281288147,0.4778614342212677,0.4758211374282837,True
1710807515,fk_qslstm,ema,test,1000132,3,-0.25182628631591797,0.2311933934688568,0.22950658202171326,True
1710807515,fk_qslstm,ema,test,1000132,4,0.18902643024921417,0.2983705699443817,0.2950519919395447,True
1710807515,fk_qslstm,ema,test,1000132,5,0.8833857178688049,0.7687278985977173,0.7709432244300842,True
1710807515,fk_qslstm,ema,test,1000132,6,0.762223482131958,1.0723164081573486,1.077703833580017,True
1710807515,fk_qslstm,ema,test,1000132,7,0.34631606936454773,1.0656428337097168,1.0698368549346924,True
1710807515,fk_qslstm,ema,test,1000132,8,0.04740655794739723,0.8809581398963928,0.8836384415626526,True
1710807515,fk_qslstm,ema,test,1000132,9,0.8438639640808105,1.2110849618911743,1.2155439853668213,True
1710807515,fk_qslstm,ema,test,1000132,10,0.751307487487793,1.4196524620056152,1.4086992740631104,True
1710807515,fk_qslstm,ema,test,1000132,11,-0.6674941182136536,0.7352254390716553,0.7406677007675171,True
1710807515,fk_qslstm,ema,test,1000132,12,0.35315340757369995,0.8000723719596863,0.8082887530326843,True
1710807515,fk_qslstm,ema,test,1000132,13,-0.19401691854000092,0.5236477851867676,0.5226727724075317,True
1710807515,fk_qslstm,ema,test,1000132,14,0.7671273350715637,0.8791946172714233,0.8836926817893982,True
1710807515,fk_qslstm,ema,test,1000132,15,0.32618680596351624,0.899067759513855,0.9013659358024597,True
1710807515,fk_qslstm,ema,test,1000132,16,-0.012401361018419266,0.7118133902549744,0.7090575098991394,True
1710807515,fk_qslstm,ema,test,1000132,17,0.4452340304851532,0.8365911245346069,0.8360074162483215,True
1710807515,fk_qslstm,ema,test,1000132,18,-0.33678486943244934,0.46720200777053833,0.46255576610565186,True
1710807515,fk_qslstm,ema,test,1000132,19,-0.5961747169494629,0.016056770458817482,0.011629164218902588,True
1710807515,fk_qslstm,ema,test,1000132,20,0.05516708642244339,0.0459456704556942,0.0439608097076416,True
1710807515,fk_qslstm,ema,test,1000132,21,-0.8158079385757446,-0.4527282118797302,-0.4533906579017639,True
1710807515,fk_qslstm,ema,test,1000132,22,-0.8521856665611267,-0.8734939694404602,-0.8793695569038391,True
1710807515,fk_qslstm,ema,test,1000132,23,-0.19785401225090027,-0.8175075650215149,-0.8206549286842346,True
1710807515,fk_qslstm,ema,test,1000132,24,-0.7700446248054504,-1.1160328388214111,-1.1200189590454102,True
1710807515,fk_qslstm,ema,test,1000132,25,-0.21309298276901245,-1.0206820964813232,-1.0270566940307617,True
1710807515,fk_qslstm,ema,test,1000132,26,-0.3806629478931427,-1.0449434518814087,-1.0535271167755127,True
1710807515,fk_qslstm,ema,test,1000132,27,-0.8424567580223083,-1.3414287567138672,-1.3400368690490723,True
1710807515,fk_qslstm,ema,test,1000132,28,0.5245029926300049,-0.7584412693977356,-0.7611541152000427,True
1710807515,fk_qslstm,ema,test,1000132,29,0.961490273475647,-0.02985883690416813,-0.03500106930732727,True
1710807515,fk_qslstm,ema,test,1000132,30,0.3023974895477295,0.15755142271518707,0.15327414870262146,True
1710807515,fk_qslstm,ema,test,1000132,31,-0.23059450089931488,-0.012315564788877964,-0.010351210832595825,True
1710807515,fk_qslstm,ema,test,1000133,0,0.45176973938941956,0.27106183767318726,0.2708642780780792,True
1710807515,fk_qslstm,ema,test,1000133,1,-0.31300628185272217,0.029045697301626205,0.04115501046180725,True
1710807515,fk_qslstm,ema,test,1000133,2,0.31343498826026917,0.21129755675792694,0.21072131395339966,True
1710807515,fk_qslstm,ema,test,1000133,3,0.11468621343374252,0.23784977197647095,0.2365032434463501,True
1710807515,fk_qslstm,ema,test,1000133,4,0.3920462131500244,0.4255075454711914,0.42265236377716064,True
1710807515,fk_qslstm,ema,test,1000133,5,0.7517020106315613,0.7914271950721741,0.7945214509963989,True
1710807515,fk_qslstm,ema,test,1000133,6,0.4144528806209564,0.8818135261535645,0.8852510452270508,True
1710807515,fk_qslstm,ema,test,1000133,7,-0.46867915987968445,0.424243301153183,0.4221738874912262,True
1710807515,fk_qslstm,ema,test,1000133,8,-0.47433796525001526,0.05479186400771141,0.053573280572891235,True
1710807515,fk_qslstm,ema,test,1000133,9,-0.7407807111740112,-0.4006349444389343,-0.4017290472984314,True
1710807515,fk_qslstm,ema,test,1000133,10,0.4111713767051697,-0.07380512356758118,-0.07461971044540405,True
1710807515,fk_qslstm,ema,test,1000133,11,-0.20432035624980927,-0.18163630366325378,-0.17729267477989197,True
1710807515,fk_qslstm,ema,test,1000133,12,0.31815916299819946,0.045586440712213516,0.045670002698898315,True
1710807515,fk_qslstm,ema,test,1000133,13,-0.6461012363433838,-0.35119158029556274,-0.35030168294906616,True
1710807515,fk_qslstm,ema,test,1000133,14,-0.4410904347896576,-0.5456075668334961,-0.5458968281745911,True
1710807515,fk_qslstm,ema,test,1000133,15,0.5773511528968811,-0.09007534384727478,-0.09006240963935852,True
1710807515,fk_qslstm,ema,test,1000133,16,-0.9591368436813354,-0.6475423574447632,-0.6461900472640991,True
1710807515,fk_qslstm,ema,test,1000133,17,-0.7805726528167725,-0.986377477645874,-0.9918404221534729,True
1710807515,fk_qslstm,ema,test,1000133,18,0.26201286911964417,-0.6318942904472351,-0.6344935297966003,True
1710807515,fk_qslstm,ema,test,1000133,19,-0.625965416431427,-0.8810946941375732,-0.8887258172035217,True
1710807515,fk_qslstm,ema,test,1000133,20,0.2027219533920288,-0.5832425355911255,-0.5886974930763245,True
1710807515,fk_qslstm,ema,test,1000133,21,0.18169759213924408,-0.35757550597190857,-0.36183834075927734,True
1710807515,fk_qslstm,ema,test,1000133,22,0.7146385908126831,0.14272275567054749,0.13617834448814392,True
1710807515,fk_qslstm,ema,test,1000133,23,0.6259893774986267,0.48977184295654297,0.4835571050643921,True
1710807515,fk_qslstm,ema,test,1000133,24,-0.6297162175178528,0.013987751677632332,0.009342879056930542,True
1710807515,fk_qslstm,ema,test,1000133,25,0.6806108355522156,0.41955670714378357,0.4131354093551636,True
1710807515,fk_qslstm,ema,test,1000133,26,-0.9945957660675049,-0.26111212372779846,-0.25659042596817017,True
1710807515,fk_qslstm,ema,test,1000133,27,-0.9166496396064758,-0.7588794827461243,-0.7604090571403503,True
1710807515,fk_qslstm,ema,test,1000133,28,0.868595540523529,-0.08594626188278198,-0.08111295104026794,True
1710807515,fk_qslstm,ema,test,1000133,29,-0.19316443800926208,-0.18465566635131836,-0.1748732030391693,True
1710807515,fk_qslstm,ema,test,1000133,30,-0.2533894181251526,-0.2997581958770752,-0.28960031270980835,True
1710807515,fk_qslstm,ema,test,1000133,31,0.04082082211971283,-0.21531406044960022,-0.20597082376480103,True
1710807515,fk_qslstm,ema,test,1000134,0,-0.6499308943748474,-0.38995853066444397,-0.38675737380981445,True
1710807515,fk_qslstm,ema,test,1000134,1,0.27208617329597473,-0.14871512353420258,-0.1564028263092041,True
1710807515,fk_qslstm,ema,test,1000134,2,0.5111837983131409,0.18773816525936127,0.17638996243476868,True
1710807515,fk_qslstm,ema,test,1000134,3,0.6995882987976074,0.5699434876441956,0.5621039271354675,True
1710807515,fk_qslstm,ema,test,1000134,4,-0.6704777479171753,0.05366813763976097,0.049796104431152344,True
1710807515,fk_qslstm,ema,test,1000134,5,-0.5302207469940186,-0.27519792318344116,-0.27711397409439087,True
1710807515,fk_qslstm,ema,test,1000134,6,0.6331250667572021,0.1597166806459427,0.1583627164363861,True
1710807515,fk_qslstm,ema,test,1000134,7,0.9397415518760681,0.6916182637214661,0.6926291584968567,True
1710807515,fk_qslstm,ema,test,1000134,8,0.36895355582237244,0.7746667861938477,0.7734379172325134,True
1710807515,fk_qslstm,ema,test,1000134,9,-0.1344422698020935,0.5390680432319641,0.534411609172821,True
1710807515,fk_qslstm,ema,test,1000134,10,0.5739749073982239,0.7756394147872925,0.7753910422325134,True
1710807515,fk_qslstm,ema,test,1000134,11,-0.4738823175430298,0.3361821174621582,0.33339235186576843,True
1710807515,fk_qslstm,ema,test,1000134,12,-0.8791159987449646,-0.2585239112377167,-0.26001304388046265,True
1710807515,fk_qslstm,ema,test,1000134,13,-0.5948492884635925,-0.5637286901473999,-0.5656195878982544,True
1710807515,fk_qslstm,ema,test,1000134,14,-0.46646273136138916,-0.7308605909347534,-0.7315459847450256,True
1710807515,fk_qslstm,ema,test,1000134,15,-0.07545803487300873,-0.6299632787704468,-0.6270274519920349,True
1710807515,fk_qslstm,ema,test,1000134,16,0.4372478723526001,-0.24162189662456512,-0.23877626657485962,True
1710807515,fk_qslstm,ema,test,1000134,17,0.7521840333938599,0.25801292061805725,0.2564316987991333,True
1710807515,fk_qslstm,ema,test,1000134,18,-0.346832275390625,-0.0016890401020646095,-2.104043960571289e-05,True
1710807515,fk_qslstm,ema,test,1000134,19,0.7174153327941895,0.429097980260849,0.42754045128822327,True
1710807515,fk_qslstm,ema,test,1000134,20,0.9571179747581482,0.917549192905426,0.9208917021751404,True
1710807515,fk_qslstm,ema,test,1000134,21,0.9434791803359985,1.3001267910003662,1.294183611869812,True
1710807515,fk_qslstm,ema,test,1000134,22,0.8498547673225403,1.5500143766403198,1.5129175186157227,True
1710807515,fk_qslstm,ema,test,1000134,23,0.316476047039032,1.4298970699310303,1.406864881515503,True
1710807515,fk_qslstm,ema,test,1000134,24,-0.9742856621742249,0.5593462586402893,0.5787702202796936,True
1710807515,fk_qslstm,ema,test,1000134,25,0.4446509778499603,0.7142676115036011,0.7346144914627075,True
1710807515,fk_qslstm,ema,test,1000134,26,-0.6245209574699402,0.19670149683952332,0.2013229876756668,True
1710807515,fk_qslstm,ema,test,1000134,27,0.5050797462463379,0.4604090750217438,0.4580678343772888,True
1710807515,fk_qslstm,ema,test,1000134,28,0.9272559881210327,0.9246808290481567,0.9286289811134338,True
1710807515,fk_qslstm,ema,test,1000134,29,-0.92413330078125,0.18526466190814972,0.18628373742103577,True
1710807515,fk_qslstm,ema,test,1000134,30,0.42718029022216797,0.4045198857784271,0.39998772740364075,True
1710807515,fk_qslstm,ema,test,1000134,31,-0.01186973787844181,0.31649407744407654,0.31352561712265015,True
1710807515,fk_qslstm,ema,test,1000135,0,0.20940759778022766,0.12564456462860107,0.12583595514297485,True
1710807515,fk_qslstm,ema,test,1000135,1,0.6953945755958557,0.5177524089813232,0.5164574980735779,True
1710807515,fk_qslstm,ema,test,1000135,2,0.7486709356307983,0.8634044528007507,0.8622118830680847,True
1710807515,fk_qslstm,ema,test,1000135,3,-0.6965469717979431,0.2727953791618347,0.2680838108062744,True
1710807515,fk_qslstm,ema,test,1000135,4,-0.11525311321020126,0.1490844339132309,0.14539426565170288,True
1710807515,fk_qslstm,ema,test,1000135,5,-0.7526529431343079,-0.33232420682907104,-0.33376914262771606,True
1710807515,fk_qslstm,ema,test,1000135,6,-0.41185563802719116,-0.5129727721214294,-0.5126946568489075,True
1710807515,fk_qslstm,ema,test,1000135,7,0.774499237537384,0.05432134494185448,0.05580104887485504,True
1710807515,fk_qslstm,ema,test,1000135,8,-0.8080580234527588,-0.441377729177475,-0.43874651193618774,True
1710807515,fk_qslstm,ema,test,1000135,9,0.47954443097114563,-0.06537552922964096,-0.06686213612556458,True
1710807515,fk_qslstm,ema,test,1000135,10,-0.8915156126022339,-0.5872098207473755,-0.5882300734519958,True
1710807515,fk_qslstm,ema,test,1000135,11,-0.17644166946411133,-0.5756328701972961,-0.5762274265289307,True
1710807515,fk_qslstm,ema,test,1000135,12,-0.5439890027046204,-0.7868996858596802,-0.7893107533454895,True
1710807515,fk_qslstm,ema,test,1000135,13,-0.3644739091396332,-0.8482040762901306,-0.8511764407157898,True
1710807515,fk_qslstm,ema,test,1000135,14,0.3047032952308655,-0.4957413077354431,-0.4957539439201355,True
1710807515,fk_qslstm,ema,test,1000135,15,0.04184139147400856,-0.37148821353912354,-0.3714386820793152,True
1710807515,fk_qslstm,ema,test,1000135,16,-0.772175669670105,-0.7604959607124329,-0.7661252617835999,True
1710807515,fk_qslstm,ema,test,1000135,17,-0.9345880150794983,-1.1691495180130005,-1.171785831451416,True
1710807515,fk_qslstm,ema,test,1000135,18,0.7771108746528625,-0.46905311942100525,-0.46432846784591675,True
1710807515,fk_qslstm,ema,test,1000135,19,-0.3435896635055542,-0.5813962817192078,-0.5785872340202332,True
1710807515,fk_qslstm,ema,test,1000135,20,-0.42298653721809387,-0.718908965587616,-0.7191004157066345,True
1710807515,fk_qslstm,ema,test,1000135,21,0.09764394164085388,-0.5165408253669739,-0.5141863226890564,True
1710807515,fk_qslstm,ema,test,1000135,22,-0.5743137001991272,-0.7578208446502686,-0.759053647518158,True
1710807515,fk_qslstm,ema,test,1000135,23,0.02977493405342102,-0.5883917212486267,-0.58851557970047,True
1710807515,fk_qslstm,ema,test,1000135,24,-0.9602361917495728,-1.046855092048645,-1.0470473766326904,True
1710807515,fk_qslstm,ema,test,1000135,25,0.5856685042381287,-0.4860830008983612,-0.481616735458374,True
1710807515,fk_qslstm,ema,test,1000135,26,0.22044116258621216,-0.2566016912460327,-0.2549174427986145,True
1710807515,fk_qslstm,ema,test,1000135,27,0.46324148774147034,0.07266353070735931,0.06967917084693909,True
1710807515,fk_qslstm,ema,test,1000135,28,0.8620923161506653,0.5753862261772156,0.5723163485527039,True
1710807515,fk_qslstm,ema,test,1000135,29,-0.795547366142273,-0.017019473016262054,-0.0190981924533844,True
1710807515,fk_qslstm,ema,test,1000135,30,-0.5496211647987366,-0.34338825941085815,-0.34667009115219116,True
1710807515,fk_qslstm,ema,test,1000135,31,0.15772898495197296,-0.18007321655750275,-0.18170344829559326,True
1710807515,fk_qslstm,ema,test,1000136,0,0.48739197850227356,0.2924351692199707,0.2921317219734192,True
1710807515,fk_qslstm,ema,test,1000136,1,0.49483048915863037,0.5308464169502258,0.5347734689712524,True
1710807515,fk_qslstm,ema,test,1000136,2,-0.5601701736450195,0.08857503533363342,0.08798164129257202,True
1710807515,fk_qslstm,ema,test,1000136,3,0.9689353108406067,0.6522212028503418,0.6481086015701294,True
1710807515,fk_qslstm,ema,test,1000136,4,-0.689068615436554,0.10833580791950226,0.10279664397239685,True
1710807515,fk_qslstm,ema,test,1000136,5,0.912655770778656,0.6342621445655823,0.6273820400238037,True
1710807515,fk_qslstm,ema,test,1000136,6,0.753843367099762,0.959715723991394,0.9596077799797058,True
1710807515,fk_qslstm,ema,test,1000136,7,0.6788058876991272,1.1750560998916626,1.175525426864624,True
1710807515,fk_qslstm,ema,test,1000136,8,-0.602777898311615,0.5783781409263611,0.5749602317810059,True
1710807515,fk_qslstm,ema,test,1000136,9,-0.8397656679153442,-0.041156888008117676,-0.046209752559661865,True
1710807515,fk_qslstm,ema,test,1000136,10,-0.19895146787166595,-0.15229639410972595,-0.15339669585227966,True
1710807515,fk_qslstm,ema,test,1000136,11,-0.18742048740386963,-0.23428940773010254,-0.23065251111984253,True
1710807515,fk_qslstm,ema,test,1000136,12,0.46935713291168213,0.09418274462223053,0.09380292892456055,True
1710807515,fk_qslstm,ema,test,1000136,13,0.005833848379552364,0.07884649932384491,0.07914844155311584,True
1710807515,fk_qslstm,ema,test,1000136,14,0.18066629767417908,0.17147697508335114,0.16914188861846924,True
1710807515,fk_qslstm,ema,test,1000136,15,0.3600350320339203,0.35320261120796204,0.3489888906478882,True
1710807515,fk_qslstm,ema,test,1000136,16,0.5359418392181396,0.6041271686553955,0.601648211479187,True
1710807515,fk_qslstm,ema,test,1000136,17,-0.7120509147644043,0.05607118457555771,0.053681880235672,True
1710807515,fk_qslstm,ema,test,1000136,18,-0.9657477140426636,-0.5345916748046875,-0.5370711088180542,True
1710807515,fk_qslstm,ema,test,1000136,19,-0.43144866824150085,-0.6865425705909729,-0.6871817708015442,True
1710807515,fk_qslstm,ema,test,1000136,20,-0.6039449572563171,-0.9116010069847107,-0.9138713479042053,True
1710807515,fk_qslstm,ema,test,1000136,21,0.7855892181396484,-0.2579272985458374,-0.25168490409851074,True
1710807515,fk_qslstm,ema,test,1000136,22,0.7930566668510437,0.26949217915534973,0.27130597829818726,True
1710807515,fk_qslstm,ema,test,1000136,23,0.2915661036968231,0.3905333876609802,0.38911306858062744,True
1710807515,fk_qslstm,ema,test,1000136,24,-0.47470802068710327,0.027601907029747963,0.028308182954788208,True
1710807515,fk_qslstm,ema,test,1000136,25,-0.528034508228302,-0.29473915696144104,-0.29306966066360474,True
1710807515,fk_qslstm,ema,test,1000136,26,0.8126311302185059,0.25178733468055725,0.25172561407089233,True
1710807515,fk_qslstm,ema,test,1000136,27,0.9790776968002319,0.788876473903656,0.791123628616333,True
1710807515,fk_qslstm,ema,test,1000136,28,0.38278236985206604,0.8607706427574158,0.8597771525382996,True
1710807515,fk_qslstm,ema,test,1000136,29,-0.050189193338155746,0.658502995967865,0.6529617309570312,True
1710807515,fk_qslstm,ema,test,1000136,30,0.41335928440093994,0.774817943572998,0.7711427211761475,True
1710807515,fk_qslstm,ema,test,1000136,31,-0.9886950850486755,0.026637306436896324,0.030217647552490234,True
1710807515,fk_qslstm,ema,test,1000137,0,0.9567921161651611,0.5740752816200256,0.5604265928268433,True
1710807515,fk_qslstm,ema,test,1000137,1,0.6781286597251892,0.8661374449729919,0.8678498864173889,True
1710807515,fk_qslstm,ema,test,1000137,2,-0.761247992515564,0.23616112768650055,0.2320430874824524,True
1710807515,fk_qslstm,ema,test,1000137,3,0.8186001181602478,0.680088996887207,0.6757458448410034,True
1710807515,fk_qslstm,ema,test,1000137,4,0.8652642965316772,1.0632297992706299,1.0649158954620361,True
1710807515,fk_qslstm,ema,test,1000137,5,-0.31453001499176025,0.661865770816803,0.655980110168457,True
1710807515,fk_qslstm,ema,test,1000137,6,0.18088744580745697,0.6380251049995422,0.6294281482696533,True
1710807515,fk_qslstm,ema,test,1000137,7,0.4837930202484131,0.8006958961486816,0.7960840463638306,True
1710807515,fk_qslstm,ema,test,1000137,8,0.8139228224754333,1.1289104223251343,1.1292794942855835,True
1710807515,fk_qslstm,ema,test,1000137,9,0.9006854891777039,1.4435396194458008,1.4239513874053955,True
1710807515,fk_qslstm,ema,test,1000137,10,0.9469307065010071,1.7229901552200317,1.6425538063049316,True
1710807515,fk_qslstm,ema,test,1000137,11,-0.28687337040901184,1.206268072128296,1.1911959648132324,True
1710807515,fk_qslstm,ema,test,1000137,12,0.1275983601808548,1.0415735244750977,1.0526087284088135,True
1710807515,fk_qslstm,ema,test,1000137,13,-0.5417670011520386,0.5081985592842102,0.50376957654953,True
1710807515,fk_qslstm,ema,test,1000137,14,0.8640360236167908,0.9249804615974426,0.9261156916618347,True
1710807515,fk_qslstm,ema,test,1000137,15,0.24438412487506866,0.8866148591041565,0.8813658356666565,True
1710807515,fk_qslstm,ema,test,1000137,16,0.594059407711029,1.0657275915145874,1.0626020431518555,True
1710807515,fk_qslstm,ema,test,1000137,17,-0.5324031710624695,0.5331401228904724,0.5201131701469421,True
1710807515,fk_qslstm,ema,test,1000137,18,-0.17247799038887024,0.32302531599998474,0.30764132738113403,True
1710807515,fk_qslstm,ema,test,1000137,19,-0.4706534445285797,-0.023971812799572945,-0.03522035479545593,True
1710807515,fk_qslstm,ema,test,1000137,20,0.0444740355014801,0.007506970316171646,-0.0014415979385375977,True
1710807515,fk_qslstm,ema,test,1000137,21,-0.39497968554496765,-0.23098224401474,-0.23444974422454834,True
1710807515,fk_qslstm,ema,test,1000137,22,0.034230101853609085,-0.16424773633480072,-0.16676482558250427,True
1710807515,fk_qslstm,ema,test,1000137,23,0.47584813833236694,0.15411069989204407,0.14836812019348145,True
1710807515,fk_qslstm,ema,test,1000137,24,-0.8770282864570618,-0.4029284119606018,-0.4060174822807312,True
1710807515,fk_qslstm,ema,test,1000137,25,0.21477282047271729,-0.1934790462255478,-0.19802981615066528,True
1710807515,fk_qslstm,ema,test,1000137,26,-0.27331653237342834,-0.31877315044403076,-0.3186696171760559,True
1710807515,fk_qslstm,ema,test,1000137,27,-0.7908426523208618,-0.7295240759849548,-0.734381377696991,True
1710807515,fk_qslstm,ema,test,1000137,28,-0.8540930151939392,-1.0960750579833984,-1.1018736362457275,True
1710807515,fk_qslstm,ema,test,1000137,29,0.15221160650253296,-0.7855331301689148,-0.791293203830719,True
1710807515,fk_qslstm,ema,test,1000137,30,-0.437068909406662,-0.8906678557395935,-0.8997635245323181,True
1710807515,fk_qslstm,ema,test,1000137,31,0.8310267925262451,-0.21391819417476654,-0.21455365419387817,True
1710807515,fk_qslstm,ema,test,1000138,0,0.31996068358421326,0.1919764131307602,0.1919722855091095,True
1710807515,fk_qslstm,ema,test,1000138,1,0.8345713019371033,0.6543238759040833,0.6562091112136841,True
1710807515,fk_qslstm,ema,test,1000138,2,-0.8591139912605286,0.007990705780684948,0.008468449115753174,True
1710807515,fk_qslstm,ema,test,1000138,3,-0.764980137348175,-0.4525955021381378,-0.4571529030799866,True
1710807515,fk_qslstm,ema,test,1000138,4,0.5550355315208435,-0.02905508317053318,-0.03227388858795166,True
1710807515,fk_qslstm,ema,test,1000138,5,-0.939301609992981,-0.5868250131607056,-0.5870246291160583,True
1710807515,fk_qslstm,ema,test,1000138,6,-0.9720903635025024,-1.052714228630066,-1.054656744003296,True
1710807515,fk_qslstm,ema,test,1000138,7,0.7345952391624451,-0.40141424536705017,-0.39327704906463623,True
1710807515,fk_qslstm,ema,test,1000138,8,-0.9567664265632629,-0.8951912522315979,-0.8911113142967224,True
1710807515,fk_qslstm,ema,test,1000138,9,-0.561320960521698,-1.052945613861084,-1.0553715229034424,True
1710807515,fk_qslstm,ema,test,1000138,10,0.9490051865577698,-0.2729533612728119,-0.2670576572418213,True
1710807515,fk_qslstm,ema,test,1000138,11,-0.5284688472747803,-0.5354440212249756,-0.5302316546440125,True
1710807515,fk_qslstm,ema,test,1000138,12,-0.39806532859802246,-0.6671943664550781,-0.664889395236969,True
1710807515,fk_qslstm,ema,test,1000138,13,0.923494815826416,0.02034139633178711,0.023534536361694336,True
1710807515,fk_qslstm,ema,test,1000138,14,-0.332111656665802,-0.18299387395381927,-0.17516398429870605,True
1710807515,fk_qslstm,ema,test,1000138,15,0.7461068034172058,0.301268994808197,0.30343368649482727,True
1710807515,fk_qslstm,ema,test,1000138,16,0.6992247104644775,0.660550057888031,0.6650427579879761,True
1710807515,fk_qslstm,ema,test,1000138,17,0.25913965702056885,0.6839238405227661,0.6853060722351074,True
1710807515,fk_qslstm,ema,test,1000138,18,0.07678285241127014,0.5932087898254395,0.591781497001648,True
1710807515,fk_qslstm,ema,test,1000138,19,-0.9031601548194885,-0.06732909381389618,-0.0656542181968689,True
1710807515,fk_qslstm,ema,test,1000138,20,-0.13356563448905945,-0.1340026557445526,-0.128412663936615,True
1710807515,fk_qslstm,ema,test,1000138,21,-0.8815397620201111,-0.6361259818077087,-0.6318824887275696,True
1710807515,fk_qslstm,ema,test,1000138,22,-0.24095182120800018,-0.6534718871116638,-0.6477975249290466,True
1710807515,fk_qslstm,ema,test,1000138,23,0.9288285970687866,0.034519657492637634,0.039622485637664795,True
1710807515,fk_qslstm,ema,test,1000138,24,-0.6878883838653564,-0.3851172924041748,-0.379555881023407,True
1710807515,fk_qslstm,ema,test,1000138,25,0.6221750974655151,0.0652112066745758,0.06544651091098785,True
1710807515,fk_qslstm,ema,test,1000138,26,-0.6187452673912048,-0.3190781772136688,-0.3164559006690979,True
1710807515,fk_qslstm,ema,test,1000138,27,-0.0544772669672966,-0.2879489064216614,-0.2857131361961365,True
1710807515,fk_qslstm,ema,test,1000138,28,0.46913784742355347,0.051123589277267456,0.05008217692375183,True
1710807515,fk_qslstm,ema,test,1000138,29,-0.9040204286575317,-0.5015134215354919,-0.5012258887290955,True
1710807515,fk_qslstm,ema,test,1000138,30,-0.3476777970790863,-0.609817385673523,-0.6104752421379089,True
1710807515,fk_qslstm,ema,test,1000138,31,0.81138676404953,-0.0010218591196462512,0.00027552247047424316,True
1710807515,fk_qslstm,ema,test,1000139,0,0.25668761134147644,0.1540125608444214,0.15410231053829193,True
1710807515,fk_qslstm,ema,test,1000139,1,-0.23158469796180725,-0.0157407745718956,-0.00726628303527832,True
1710807515,fk_qslstm,ema,test,1000139,2,0.9609063863754272,0.5639511942863464,0.5596765279769897,True
1710807515,fk_qslstm,ema,test,1000139,3,-0.6284046769142151,0.07411814481019974,0.07009899616241455,True
1710807515,fk_qslstm,ema,test,1000139,4,0.8623361587524414,0.5766962170600891,0.5706639289855957,True
1710807515,fk_qslstm,ema,test,1000139,5,-0.8247526288032532,-0.03349462151527405,-0.03647860884666443,True
1710807515,fk_qslstm,ema,test,1000139,6,-0.7446004152297974,-0.47355595231056213,-0.4804045557975769,True
1710807515,fk_qslstm,ema,test,1000139,7,0.842460572719574,0.12663155794143677,0.12107056379318237,True
1710807515,fk_qslstm,ema,test,1000139,8,-0.511650562286377,-0.2056850790977478,-0.20542478561401367,True
1710807515,fk_qslstm,ema,test,1000139,9,0.322681725025177,0.0290609709918499,0.02487194538116455,True
1710807515,fk_qslstm,ema,test,1000139,10,-0.5771803259849548,-0.32305943965911865,-0.3244175314903259,True
1710807515,fk_qslstm,ema,test,1000139,11,0.6455753445625305,0.12889766693115234,0.12460014224052429,True
1710807515,fk_qslstm,ema,test,1000139,12,0.9908490180969238,0.6976275444030762,0.6936537623405457,True
1710807515,fk_qslstm,ema,test,1000139,13,0.9388783574104309,1.1214290857315063,1.118449330329895,True
1710807515,fk_qslstm,ema,test,1000139,14,0.5416091084480286,1.2221087217330933,1.216636300086975,True
1710807515,fk_qslstm,ema,test,1000139,15,0.0841517448425293,1.0281779766082764,1.0259921550750732,True
1710807515,fk_qslstm,ema,test,1000139,16,-0.5484155416488647,0.49349308013916016,0.4840511083602905,True
1710807515,fk_qslstm,ema,test,1000139,17,0.5788467526435852,0.7421025037765503,0.7363060712814331,True
1710807515,fk_qslstm,ema,test,1000139,18,-0.9711037278175354,0.011019760742783546,0.010453492403030396,True
1710807515,fk_qslstm,ema,test,1000139,19,0.5630398392677307,0.3466397225856781,0.3430593013763428,True
1710807515,fk_qslstm,ema,test,1000139,20,-0.21356523036956787,0.14917263388633728,0.1505151242017746,True
1710807515,fk_qslstm,ema,test,1000139,21,0.4410141706466675,0.38394659757614136,0.3828829228878021,True
1710807515,fk_qslstm,ema,test,1000139,22,0.34549054503440857,0.5144516229629517,0.5134691596031189,True
1710807515,fk_qslstm,ema,test,1000139,23,-0.3894406855106354,0.1778968870639801,0.17858941853046417,True
1710807515,fk_qslstm,ema,test,1000139,24,-0.3580498695373535,-0.07251241058111191,-0.06831303238868713,True
1710807515,fk_qslstm,ema,test,1000139,25,0.2020353525876999,0.06321128457784653,0.06668590009212494,True
1710807515,fk_qslstm,ema,test,1000139,26,-0.37041470408439636,-0.1716797947883606,-0.16391140222549438,True
1710807515,fk_qslstm,ema,test,1000139,27,0.756635308265686,0.3166373670101166,0.32069456577301025,True
1710807515,fk_qslstm,ema,test,1000139,28,0.7277984023094177,0.689988911151886,0.6968494057655334,True
1710807515,fk_qslstm,ema,test,1000139,29,-0.21346355974674225,0.42391300201416016,0.42628541588783264,True
1710807515,fk_qslstm,ema,test,1000139,30,0.5420830845832825,0.6643802523612976,0.6671481132507324,True
1710807515,fk_qslstm,ema,test,1000139,31,0.8794717192649841,1.0591872930526733,1.0671747922897339,True
1710807515,fk_qslstm,ema,test,1000140,0,0.6772292852401733,0.40633755922317505,0.4041876792907715,True
1710807515,fk_qslstm,ema,test,1000140,1,0.1141444742679596,0.39355674386024475,0.40031322836875916,True
1710807515,fk_qslstm,ema,test,1000140,2,0.10215042531490326,0.3761356472969055,0.3746415078639984,True
1710807515,fk_qslstm,ema,test,1000140,3,-0.1207430511713028,0.22846269607543945,0.22763124108314514,True
1710807515,fk_qslstm,ema,test,1000140,4,0.20365680754184723,0.30496424436569214,0.30309975147247314,True
1710807515,fk_qslstm,ema,test,1000140,5,-0.7831257581710815,-0.22590406239032745,-0.22535616159439087,True
1710807515,fk_qslstm,ema,test,1000140,6,0.09438382089138031,-0.1240929588675499,-0.12302595376968384,True
1710807515,fk_qslstm,ema,test,1000140,7,0.5646262764930725,0.23950141668319702,0.23913535475730896,True
1710807515,fk_qslstm,ema,test,1000140,8,0.985324501991272,0.7827958464622498,0.7839459776878357,True
1710807515,fk_qslstm,ema,test,1000140,9,-0.153810054063797,0.5339506268501282,0.5285667181015015,True
1710807515,fk_qslstm,ema,test,1000140,10,-0.9394933581352234,-0.13653549551963806,-0.13870251178741455,True
1710807515,fk_qslstm,ema,test,1000140,11,0.5576218366622925,0.225344717502594,0.2215937376022339,True
1710807515,fk_qslstm,ema,test,1000140,12,-0.34632572531700134,-0.02751966007053852,-0.02433985471725464,True
1710807515,fk_qslstm,ema,test,1000140,13,-0.1904505044221878,-0.13628603518009186,-0.13063552975654602,True
1710807515,fk_qslstm,ema,test,1000140,14,0.3577931821346283,0.10564707964658737,0.10802221298217773,True
1710807515,fk_qslstm,ema,test,1000140,15,0.7340224981307983,0.5249311327934265,0.5275256633758545,True
1710807515,fk_qslstm,ema,test,1000140,16,-0.44133540987968445,0.15514366328716278,0.1574752926826477,True
1710807515,fk_qslstm,ema,test,1000140,17,-0.13613203167915344,0.04243571311235428,0.04535567760467529,True
1710807515,fk_qslstm,ema,test,1000140,18,-0.7115718722343445,-0.3929945230484009,-0.39030104875564575,True
1710807515,fk_qslstm,ema,test,1000140,19,-0.018198272213339806,-0.32531458139419556,-0.3210681080818176,True
1710807515,fk_qslstm,ema,test,1000140,20,0.21854716539382935,-0.12912337481975555,-0.1262606680393219,True
1710807515,fk_qslstm,ema,test,1000140,21,-0.00388035224750638,-0.1056269109249115,-0.10267975926399231,True
1710807515,fk_qslstm,ema,test,1000140,22,-0.045020610094070435,-0.1115138977766037,-0.10830095410346985,True
1710807515,fk_qslstm,ema,test,1000140,23,-0.34506818652153015,-0.29625204205513,-0.2911531329154968,True
1710807515,fk_qslstm,ema,test,1000140,24,-0.9816038012504578,-0.8259639143943787,-0.8231397271156311,True
1710807515,fk_qslstm,ema,test,1000140,25,0.7667608857154846,-0.2007146179676056,-0.1930866837501526,True
1710807515,fk_qslstm,ema,test,1000140,26,0.6893494129180908,0.2530379593372345,0.25613129138946533,True
1710807515,fk_qslstm,ema,test,1000140,27,0.2944379150867462,0.37909314036369324,0.3785066604614258,True
1710807515,fk_qslstm,ema,test,1000140,28,0.7010571956634521,0.7239088416099548,0.7264653444290161,True
1710807515,fk_qslstm,ema,test,1000140,29,0.24075211584568024,0.7235783338546753,0.7242271900177002,True
1710807515,fk_qslstm,ema,test,1000140,30,-0.12906567752361298,0.5014232397079468,0.4996330738067627,True
1710807515,fk_qslstm,ema,test,1000140,31,0.9531035423278809,0.9730007648468018,0.9771988987922668,True
1710807515,fk_qslstm,ema,test,1000141,0,-0.6199946403503418,-0.37199679017066956,-0.36908990144729614,True
1710807515,fk_qslstm,ema,test,1000141,1,-0.05599134787917137,-0.3311922252178192,-0.33586496114730835,True
1710807515,fk_qslstm,ema,test,1000141,2,0.18750983476638794,-0.1524478942155838,-0.15894761681556702,True
1710807515,fk_qslstm,ema,test,1000141,3,-0.89035964012146,-0.6561740636825562,-0.6635657548904419,True
1710807515,fk_qslstm,ema,test,1000141,4,0.5119606852531433,-0.21776287257671356,-0.22050249576568604,True
1710807515,fk_qslstm,ema,test,1000141,5,0.27395370602607727,-0.009838078171014786,-0.011813431978225708,True
1710807515,fk_qslstm,ema,test,1000141,6,-0.4132178723812103,-0.25580117106437683,-0.25384002923965454,True
1710807515,fk_qslstm,ema,test,1000141,7,-0.8418560028076172,-0.7097545266151428,-0.7127048373222351,True
1710807515,fk_qslstm,ema,test,1000141,8,-0.32725289463996887,-0.764155387878418,-0.7662666440010071,True
1710807515,fk_qslstm,ema,test,1000141,9,-0.7317696213722229,-1.0503860712051392,-1.054466962814331,True
1710807515,fk_qslstm,ema,test,1000141,10,0.8871777057647705,-0.308002233505249,-0.3040316700935364,True
1710807515,fk_qslstm,ema,test,1000141,11,-0.7867217063903809,-0.7184348106384277,-0.719687283039093,True
1710807515,fk_qslstm,ema,test,1000141,12,-0.6576303243637085,-0.9693260788917542,-0.9778574109077454,True
1710807515,fk_qslstm,ema,test,1000141,13,0.02572828345000744,-0.7600238919258118,-0.7659673094749451,True
1710807515,fk_qslstm,ema,test,1000141,14,0.5408210754394531,-0.2835264503955841,-0.28486043214797974,True
1710807515,fk_qslstm,ema,test,1000141,15,-0.5713898539543152,-0.5696550607681274,-0.5718654990196228,True
1710807515,fk_qslstm,ema,test,1000141,16,-0.6634488701820374,-0.8537933826446533,-0.8617860674858093,True
1710807515,fk_qslstm,ema,test,1000141,17,0.18145453929901123,-0.5741620063781738,-0.578413188457489,True
1710807515,fk_qslstm,ema,test,1000141,18,-0.37204962968826294,-0.6825593709945679,-0.6864708065986633,True
1710807515,fk_qslstm,ema,test,1000141,19,-0.6890043616294861,-0.9594501256942749,-0.9675626158714294,True
1710807515,fk_qslstm,ema,test,1000141,20,0.6265965700149536,-0.39160212874412537,-0.3919714093208313,True
1710807515,fk_qslstm,ema,test,1000141,21,0.8751170039176941,0.21178849041461945,0.20669373869895935,True
1710807515,fk_qslstm,ema,test,1000141,22,-0.874643087387085,-0.35535505414009094,-0.35683393478393555,True
1710807515,fk_qslstm,ema,test,1000141,23,-0.7101500034332275,-0.7103740572929382,-0.7188034653663635,True
1710807515,fk_qslstm,ema,test,1000141,24,0.910342812538147,-0.022093569859862328,-0.02636006474494934,True
1710807515,fk_qslstm,ema,test,1000141,25,-0.2060052752494812,-0.14127801358699799,-0.13964149355888367,True
1710807515,fk_qslstm,ema,test,1000141,26,0.5966004133224487,0.24493782222270966,0.2418709695339203,True
1710807515,fk_qslstm,ema,test,1000141,27,-0.49196988344192505,-0.09923166781663895,-0.09801852703094482,True
1710807515,fk_qslstm,ema,test,1000141,28,-0.7097571492195129,-0.5052396655082703,-0.507768988609314,True
1710807515,fk_qslstm,ema,test,1000141,29,-0.6103973388671875,-0.7704301476478577,-0.7760905623435974,True
1710807515,fk_qslstm,ema,test,1000141,30,-0.26026976108551025,-0.7725059390068054,-0.7757735848426819,True
1710807515,fk_qslstm,ema,test,1000141,31,0.912153959274292,-0.0707123875617981,-0.07091742753982544,True
1710807515,fk_qslstm,ema,test,1000142,0,0.5452969074249268,0.32717815041542053,0.32658857107162476,True
1710807515,fk_qslstm,ema,test,1000142,1,0.15343362092971802,0.35380271077156067,0.3596027195453644,True
1710807515,fk_qslstm,ema,test,1000142,2,0.43308475613594055,0.5428929924964905,0.5408152341842651,True
1710807515,fk_qslstm,ema,test,1000142,3,-0.42296910285949707,0.18053296208381653,0.17918816208839417,True
1710807515,fk_qslstm,ema,test,1000142,4,-0.18072713911533356,0.03599008172750473,0.03725108504295349,True
1710807515,fk_qslstm,ema,test,1000142,5,0.7495578527450562,0.4785268008708954,0.4806188941001892,True
1710807515,fk_qslstm,ema,test,1000142,6,-0.28727248311042786,0.2104579508304596,0.2140345275402069,True
1710807515,fk_qslstm,ema,test,1000142,7,0.22959963977336884,0.3061261475086212,0.306560754776001,True
1710807515,fk_qslstm,ema,test,1000142,8,-0.3530348837375641,0.03307998552918434,0.037749528884887695,True
1710807515,fk_qslstm,ema,test,1000142,9,0.12021133303642273,0.09859078377485275,0.1022341400384903,True
1710807515,fk_qslstm,ema,test,1000142,10,0.41046372056007385,0.32515087723731995,0.32695579528808594,True
1710807515,fk_qslstm,ema,test,1000142,11,0.2466358244419098,0.4081021845340729,0.40862196683883667,True
1710807515,fk_qslstm,ema,test,1000142,12,0.13915729522705078,0.40997612476348877,0.4097442924976349,True
1710807515,fk_qslstm,ema,test,1000142,13,-0.15223900973796844,0.23663750290870667,0.23884648084640503,True
1710807515,fk_qslstm,ema,test,1000142,14,0.8023679256439209,0.6707307696342468,0.6765007972717285,True
1710807515,fk_qslstm,ema,test,1000142,15,-0.249285027384758,0.38701358437538147,0.39064356684684753,True
1710807515,fk_qslstm,ema,test,1000142,16,0.29966092109680176,0.48940742015838623,0.49065178632736206,True
1710807515,fk_qslstm,ema,test,1000142,17,-0.17048487067222595,0.28923499584198,0.2924555540084839,True
1710807515,fk_qslstm,ema,test,1000142,18,-0.5426627397537231,-0.09420962631702423,-0.08883452415466309,True
1710807515,fk_qslstm,ema,test,1000142,19,-0.13294687867164612,-0.15513582527637482,-0.14658230543136597,True
1710807515,fk_qslstm,ema,test,1000142,20,0.6448432803153992,0.2627972960472107,0.26895809173583984,True
1710807515,fk_qslstm,ema,test,1000142,21,-0.12318550795316696,0.13632653653621674,0.14418701827526093,True
1710807515,fk_qslstm,ema,test,1000142,22,0.29691603779792786,0.2872108519077301,0.2907445430755615,True
1710807515,fk_qslstm,ema,test,1000142,23,0.8978399038314819,0.7684726119041443,0.7754976749420166,True
1710807515,fk_qslstm,ema,test,1000142,24,0.26045089960098267,0.7710486650466919,0.7740042805671692,True
1710807515,fk_qslstm,ema,test,1000142,25,0.3018338680267334,0.7979392409324646,0.7993575930595398,True
1710807515,fk_qslstm,ema,test,1000142,26,0.41163358092308044,0.8853315114974976,0.8881878852844238,True
1710807515,fk_qslstm,ema,test,1000142,27,-0.0627412274479866,0.6706205010414124,0.6703158617019653,True
1710807515,fk_qslstm,ema,test,1000142,28,-0.6675750613212585,0.13595137000083923,0.13336527347564697,True
1710807515,fk_qslstm,ema,test,1000142,29,-0.017218371853232384,0.09843006730079651,0.0985073447227478,True
1710807515,fk_qslstm,ema,test,1000142,30,-0.9294200539588928,-0.478907972574234,-0.47557568550109863,True
1710807515,fk_qslstm,ema,test,1000142,31,-0.13996674120426178,-0.467106431722641,-0.4606139063835144,True
1710807515,fk_qslstm,ema,test,1000143,0,-0.3927445411682129,-0.23564672470092773,-0.23342794179916382,True
1710807515,fk_qslstm,ema,test,1000143,1,-0.317102313041687,-0.3787787854671478,-0.37941914796829224,True
1710807515,fk_qslstm,ema,test,1000143,2,-0.5011882781982422,-0.6037359833717346,-0.6110581755638123,True
1710807515,fk_qslstm,ema,test,1000143,3,-0.18048705160617828,-0.591280996799469,-0.5949568152427673,True
1710807515,fk_qslstm,ema,test,1000143,4,0.14380481839179993,-0.3867419362068176,-0.3864282965660095,True
1710807515,fk_qslstm,ema,test,1000143,5,-0.4541175961494446,-0.5818641185760498,-0.5811981558799744,True
1710807515,fk_qslstm,ema,test,1000143,6,-0.6260151863098145,-0.8411003947257996,-0.8450904488563538,True
1710807515,fk_qslstm,ema,test,1000143,7,0.8652992844581604,-0.15370075404644012,-0.15170341730117798,True
1710807515,fk_qslstm,ema,test,1000143,8,-0.5999165177345276,-0.48291051387786865,-0.4808892607688904,True
1710807515,fk_qslstm,ema,test,1000143,9,-0.1124742403626442,-0.45381295680999756,-0.45255929231643677,True
1710807515,fk_qslstm,ema,test,1000143,10,0.6024279594421387,-0.0015935726696625352,-0.0019481778144836426,True
1710807515,fk_qslstm,ema,test,1000143,11,0.006589682772755623,0.002678951481357217,0.0032843053340911865,True
1710807515,fk_qslstm,ema,test,1000143,12,-0.8222286701202393,-0.4911940395832062,-0.49282193183898926,True
1710807515,fk_qslstm,ema,test,1000143,13,-0.9044985771179199,-0.9356544017791748,-0.9417571425437927,True
1710807515,fk_qslstm,ema,test,1000143,14,0.5221530199050903,-0.4352317154407501,-0.43450927734375,True
1710807515,fk_qslstm,ema,test,1000143,15,-0.9168063402175903,-0.8982691764831543,-0.9012852311134338,True
1710807515,fk_qslstm,ema,test,1000143,16,-0.3026043474674225,-0.9001779556274414,-0.9059143662452698,True
1710807515,fk_qslstm,ema,test,1000143,17,-0.7885349988937378,-1.1932634115219116,-1.197221040725708,True
1710807515,fk_qslstm,ema,test,1000143,18,0.7859827280044556,-0.4830210208892822,-0.47916877269744873,True
1710807515,fk_qslstm,ema,test,1000143,19,-0.14264141023159027,-0.47200167179107666,-0.4677273631095886,True
1710807515,fk_qslstm,ema,test,1000143,20,-0.18279273808002472,-0.48727697134017944,-0.48197656869888306,True
1710807515,fk_qslstm,ema,test,1000143,21,0.09668396413326263,-0.33181118965148926,-0.3255954384803772,True
1710807515,fk_qslstm,ema,test,1000143,22,-0.4218657314777374,-0.5185683965682983,-0.5125097632408142,True
1710807515,fk_qslstm,ema,test,1000143,23,0.9786678552627563,0.17234599590301514,0.17144158482551575,True
1710807515,fk_qslstm,ema,test,1000143,24,0.9856099486351013,0.729242742061615,0.727586030960083,True
1710807515,fk_qslstm,ema,test,1000143,25,0.185193732380867,0.6945104598999023,0.687017023563385,True
1710807515,fk_qslstm,ema,test,1000143,26,0.3242510259151459,0.750158965587616,0.7420164346694946,True
1710807515,fk_qslstm,ema,test,1000143,27,-0.027284560725092888,0.5837564468383789,0.5741528868675232,True
1710807515,fk_qslstm,ema,test,1000143,28,0.24395154416561127,0.6133760809898376,0.6047351956367493,True
1710807515,fk_qslstm,ema,test,1000143,29,-0.10923697799444199,0.42515867948532104,0.4183732569217682,True
1710807515,fk_qslstm,ema,test,1000143,30,0.04684847220778465,0.3682360351085663,0.36360377073287964,True
1710807515,fk_qslstm,ema,test,1000143,31,-0.8183466196060181,-0.1964191496372223,-0.1972900629043579,True
1710807515,fk_qslstm,ema,test,1000144,0,0.051412470638751984,0.03084748238325119,0.03161579370498657,True
1710807515,fk_qslstm,ema,test,1000144,1,-0.8368364572525024,-0.47742390632629395,-0.4724581837654114,True
1710807515,fk_qslstm,ema,test,1000144,2,0.45751404762268066,-0.10743069648742676,-0.11261427402496338,True
1710807515,fk_qslstm,ema,test,1000144,3,0.16024094820022583,0.010200011543929577,0.006180673837661743,True
1710807515,fk_qslstm,ema,test,1000144,4,-0.22574225068092346,-0.12728534638881683,-0.12673157453536987,True
1710807515,fk_qslstm,ema,test,1000144,5,0.5356136560440063,0.21953992545604706,0.21728742122650146,True
1710807515,fk_qslstm,ema,test,1000144,6,0.21913041174411774,0.3071101903915405,0.3045358657836914,True
1710807515,fk_qslstm,ema,test,1000144,7,-0.49743664264678955,-0.05277382954955101,-0.05224713683128357,True
1710807515,fk_qslstm,ema,test,1000144,8,0.343453973531723,0.16385331749916077,0.1614818274974823,True
1710807515,fk_qslstm,ema,test,1000144,9,0.026580922305583954,0.14703120291233063,0.1472209095954895,True
1710807515,fk_qslstm,ema,test,1000144,10,-0.011483428068459034,0.11073490977287292,0.1123802661895752,True
1710807515,fk_qslstm,ema,test,1000144,11,0.7492832541465759,0.5381578803062439,0.54068922996521,True
1710807515,fk_qslstm,ema,test,1000144,12,-0.9112366437911987,-0.11621568351984024,-0.10943743586540222,True
1710807515,fk_qslstm,ema,test,1000144,13,0.1648360788822174,0.005929095670580864,0.009485691785812378,True
1710807515,fk_qslstm,ema,test,1000144,14,-0.23745892941951752,-0.13773207366466522,-0.1290804147720337,True
1710807515,fk_qslstm,ema,test,1000144,15,-0.7655426859855652,-0.5695112943649292,-0.5651326775550842,True
1710807515,fk_qslstm,ema,test,1000144,16,-0.14938224852085114,-0.5452383756637573,-0.53946453332901,True
1710807515,fk_qslstm,ema,test,1000144,17,0.5589763522148132,-0.1008048877120018,-0.09586644172668457,True
1710807515,fk_qslstm,ema,test,1000144,18,-0.6441444158554077,-0.467130571603775,-0.4635118842124939,True
1710807515,fk_qslstm,ema,test,1000144,19,-0.09176519513130188,-0.42876356840133667,-0.4258601665496826,True
1710807515,fk_qslstm,ema,test,1000144,20,-0.6919277906417847,-0.758167564868927,-0.7598031163215637,True
1710807515,fk_qslstm,ema,test,1000144,21,-0.5823010206222534,-0.9559146761894226,-0.9615506529808044,True
1710807515,fk_qslstm,ema,test,1000144,22,0.7717218399047852,-0.30169859528541565,-0.2991235852241516,True
1710807515,fk_qslstm,ema,test,1000144,23,0.19608357548713684,-0.12370873242616653,-0.12364146113395691,True
1710807515,fk_qslstm,ema,test,1000144,24,0.8135595917701721,0.38916876912117004,0.3849503993988037,True
1710807515,fk_qslstm,ema,test,1000144,25,0.05864499881863594,0.3465220332145691,0.34198665618896484,True
1710807515,fk_qslstm,ema,test,1000144,26,0.010951973497867584,0.283788800239563,0.27935802936553955,True
1710807515,fk_qslstm,ema,test,1000144,27,-0.8730229139328003,-0.2967827022075653,-0.29812175035476685,True
1710807515,fk_qslstm,ema,test,1000144,28,-0.09834932535886765,-0.29643574357032776,-0.29422467947006226,True
1710807515,fk_qslstm,ema,test,1000144,29,0.3609020411968231,-0.020607374608516693,-0.019336223602294922,True
1710807515,fk_qslstm,ema,test,1000144,30,-0.42627471685409546,-0.2722507417201996,-0.26772403717041016,True
1710807515,fk_qslstm,ema,test,1000144,31,0.7565327882766724,0.2361190915107727,0.23652949929237366,True
1710807515,fk_qslstm,ema,test,1000145,0,0.3448193371295929,0.20689161121845245,0.20685821771621704,True
1710807515,fk_qslstm,ema,test,1000145,1,-0.931220531463623,-0.3932190239429474,-0.3787493109703064,True
1710807515,fk_qslstm,ema,test,1000145,2,-0.48805803060531616,-0.6074100136756897,-0.6065743565559387,True
1710807515,fk_qslstm,ema,test,1000145,3,0.37290164828300476,-0.26218703389167786,-0.2608097791671753,True
1710807515,fk_qslstm,ema,test,1000145,4,0.9622030258178711,0.36757218837738037,0.36251726746559143,True
1710807515,fk_qslstm,ema,test,1000145,5,-0.8135518431663513,-0.19407334923744202,-0.19606125354766846,True
1710807515,fk_qslstm,ema,test,1000145,6,-0.46547338366508484,-0.434542715549469,-0.43788641691207886,True
1710807515,fk_qslstm,ema,test,1000145,7,0.4597357511520386,-0.07179272174835205,-0.07503822445869446,True
1710807515,fk_qslstm,ema,test,1000145,8,0.7401492595672607,0.38665539026260376,0.38239580392837524,True
1710807515,fk_qslstm,ema,test,1000145,9,0.823692262172699,0.8035396337509155,0.8040395379066467,True
1710807515,fk_qslstm,ema,test,1000145,10,-0.020144397392868996,0.6307451128959656,0.6264828443527222,True
1710807515,fk_qslstm,ema,test,1000145,11,-0.29711928963661194,0.3263244926929474,0.3204593062400818,True
1710807515,fk_qslstm,ema,test,1000145,12,-0.0619921013712883,0.2238643318414688,0.22030964493751526,True
1710807515,fk_qslstm,ema,test,1000145,13,-0.504211962223053,-0.12343572080135345,-0.12243351340293884,True
1710807515,fk_qslstm,ema,test,1000145,14,-0.0834934189915657,-0.1488446295261383,-0.14482039213180542,True
1710807515,fk_qslstm,ema,test,1000145,15,-0.3336195647716522,-0.31924745440483093,-0.31170207262039185,True
1710807515,fk_qslstm,ema,test,1000145,16,-0.33933350443840027,-0.45899805426597595,-0.4507930874824524,True
1710807515,fk_qslstm,ema,test,1000145,17,0.7723674178123474,0.09622200578451157,0.10122023522853851,True
1710807515,fk_qslstm,ema,test,1000145,18,-0.9655884504318237,-0.5023754835128784,-0.4937756061553955,True
1710807515,fk_qslstm,ema,test,1000145,19,0.44909727573394775,-0.13244201242923737,-0.12846490740776062,True
1710807515,fk_qslstm,ema,test,1000145,20,-0.4643227458000183,-0.38454726338386536,-0.3786664605140686,True
1710807515,fk_qslstm,ema,test,1000145,21,-0.5641724467277527,-0.6461412906646729,-0.6448451280593872,True
1710807515,fk_qslstm,ema,test,1000145,22,0.23727409541606903,-0.3745485842227936,-0.37279635667800903,True
1710807515,fk_qslstm,ema,test,1000145,23,-0.3971397876739502,-0.537922739982605,-0.5360367298126221,True
1710807515,fk_qslstm,ema,test,1000145,24,0.6697627902030945,-0.028480516746640205,-0.028485476970672607,True
1710807515,fk_qslstm,ema,test,1000145,25,-0.9198498725891113,-0.5746943354606628,-0.5735636949539185,True
1710807515,fk_qslstm,ema,test,1000145,26,-0.5512812733650208,-0.7905242443084717,-0.7953272461891174,True
1710807515,fk_qslstm,ema,test,1000145,27,0.461794912815094,-0.35534244775772095,-0.3558059334754944,True
1710807515,fk_qslstm,ema,test,1000145,28,-0.3865286409854889,-0.5161911249160767,-0.5156324505805969,True
1710807515,fk_qslstm,ema,test,1000145,29,0.23848767578601837,-0.26986029744148254,-0.27106380462646484,True
1710807515,fk_qslstm,ema,test,1000145,30,0.3305700123310089,-0.017546236515045166,-0.02202051877975464,True
1710807515,fk_qslstm,ema,test,1000145,31,0.06431470066308975,0.02455182932317257,0.020047128200531006,True
1710807515,fk_qslstm,ema,test,1000146,0,-0.5654372572898865,-0.33926233649253845,-0.33671140670776367,True
1710807515,fk_qslstm,ema,test,1000146,1,0.9622321724891663,0.30592942237854004,0.29221588373184204,True
1710807515,fk_qslstm,ema,test,1000146,2,-0.4830966591835022,-0.04511445388197899,-0.05171176791191101,True
1710807515,fk_qslstm,ema,test,1000146,3,-0.8224427700042725,-0.5295572280883789,-0.5392559170722961,True
1710807515,fk_qslstm,ema,test,1000146,4,0.8127862215042114,0.06402596086263657,0.058123499155044556,True
1710807515,fk_qslstm,ema,test,1000146,5,-0.3072538673877716,-0.13313154876232147,-0.13078904151916504,True
1710807515,fk_qslstm,ema,test,1000146,6,0.14128395915031433,-0.021734870970249176,-0.021182000637054443,True
1710807515,fk_qslstm,ema,test,1000146,7,-0.042743176221847534,-0.04303380101919174,-0.03994542360305786,True
1710807515,fk_qslstm,ema,test,1000146,8,0.3824825882911682,0.195062518119812,0.194496750831604,True
1710807515,fk_qslstm,ema,test,1000146,9,0.3393170237541199,0.3596402108669281,0.357338011264801,True
1710807515,fk_qslstm,ema,test,1000146,10,0.5395575761795044,0.611446738243103,0.6105173826217651,True
1710807515,fk_qslstm,ema,test,1000146,11,-0.11587440222501755,0.4196327328681946,0.4181719422340393,True
1710807515,fk_qslstm,ema,test,1000146,12,-0.9878599047660828,-0.25700974464416504,-0.2519568204879761,True
1710807515,fk_qslstm,ema,test,1000146,13,-0.930084764957428,-0.7636587023735046,-0.7629354596138,True
1710807515,fk_qslstm,ema,test,1000146,14,0.51307612657547,-0.3030812442302704,-0.29546529054641724,True
1710807515,fk_qslstm,ema,test,1000146,15,-0.5075486302375793,-0.5469942092895508,-0.5393489599227905,True
1710807515,fk_qslstm,ema,test,1000146,16,-0.2278764843940735,-0.5743212103843689,-0.567089855670929,True
1710807515,fk_qslstm,ema,test,1000146,17,0.7627977728843689,-0.0017783448565751314,0.005102187395095825,True
1710807515,fk_qslstm,ema,test,1000146,18,0.6215770840644836,0.37152358889579773,0.37493348121643066,True
1710807515,fk_qslstm,ema,test,1000146,19,-0.8219627141952515,-0.19595873355865479,-0.19152629375457764,True
1710807515,fk_qslstm,ema,test,1000146,20,-0.40716174244880676,-0.40106403827667236,-0.39751529693603516,True
1710807515,fk_qslstm,ema,test,1000146,21,-0.5770744681358337,-0.6670958995819092,-0.665499746799469,True
1710807515,fk_qslstm,ema,test,1000146,22,0.10885123908519745,-0.46836599707603455,-0.4651103615760803,True
1710807515,fk_qslstm,ema,test,1000146,23,-0.9169148206710815,-0.9248417019844055,-0.9250113368034363,True
1710807515,fk_qslstm,ema,test,1000146,24,0.3399317264556885,-0.5359143018722534,-0.5351721048355103,True
1710807515,fk_qslstm,ema,test,1000146,25,0.16897985339164734,-0.32734352350234985,-0.32797640562057495,True
1710807515,fk_qslstm,ema,test,1000146,26,0.4827318489551544,0.027764279395341873,0.022918492555618286,True
1710807515,fk_qslstm,ema,test,1000146,27,0.6354135870933533,0.4034595489501953,0.39713892340660095,True
1710807515,fk_qslstm,ema,test,1000146,28,0.4084925055503845,0.5678631663322449,0.5614450573921204,True
1710807515,fk_qslstm,ema,test,1000146,29,0.6416240334510803,0.8392649292945862,0.8382038474082947,True
1710807515,fk_qslstm,ema,test,1000146,30,0.41897639632225037,0.9227977991104126,0.9233141541481018,True
1710807515,fk_qslstm,ema,test,1000146,31,0.6080695390701294,1.103079915046692,1.1066598892211914,True
1710807515,fk_qslstm,ema,test,1000147,0,0.4732118248939514,0.2839271128177643,0.2836708724498749,True
1710807515,fk_qslstm,ema,test,1000147,1,0.46263790130615234,0.5047244429588318,0.5081385970115662,True
1710807515,fk_qslstm,ema,test,1000147,2,0.8602387309074402,0.9199227690696716,0.9227921366691589,True
1710807515,fk_qslstm,ema,test,1000147,3,-0.6721029281616211,0.3326764702796936,0.32885631918907166,True
1710807515,fk_qslstm,ema,test,1000147,4,0.6757558584213257,0.6715946793556213,0.6691756248474121,True
1710807515,fk_qslstm,ema,test,1000147,5,0.26400646567344666,0.6956796050071716,0.6933392286300659,True
1710807515,fk_qslstm,ema,test,1000147,6,0.6256805658340454,0.9319520592689514,0.9347171187400818,True
1710807515,fk_qslstm,ema,test,1000147,7,-0.8007050156593323,0.2651386260986328,0.2647131681442261,True
1710807515,fk_qslstm,ema,test,1000147,8,-0.23403045535087585,0.07169263064861298,0.0732698142528534,True
1710807515,fk_qslstm,ema,test,1000147,9,-0.7594354152679443,-0.3983071744441986,-0.39598584175109863,True
1710807515,fk_qslstm,ema,test,1000147,10,-0.18128204345703125,-0.4274149537086487,-0.4218718409538269,True
1710807515,fk_qslstm,ema,test,1000147,11,0.7054109573364258,0.08131460845470428,0.08577883243560791,True
1710807515,fk_qslstm,ema,test,1000147,12,-0.7324339151382446,-0.37440869212150574,-0.36952048540115356,True
1710807515,fk_qslstm,ema,test,1000147,13,0.42937561869621277,-0.04190157726407051,-0.0422055721282959,True
1710807515,fk_qslstm,ema,test,1000147,14,0.9465749263763428,0.5344237089157104,0.5313416719436646,True
1710807515,fk_qslstm,ema,test,1000147,15,-0.27369898557662964,0.26331958174705505,0.2590390145778656,True
1710807515,fk_qslstm,ema,test,1000147,16,0.8166104555130005,0.7006219625473022,0.6985948085784912,True
1710807515,fk_qslstm,ema,test,1000147,17,0.18007050454616547,0.6685398817062378,0.6643052101135254,True
1710807515,fk_qslstm,ema,test,1000147,18,0.027407342568039894,0.5512762665748596,0.5449752807617188,True
1710807515,fk_qslstm,ema,test,1000147,19,0.5045070052146912,0.7437252402305603,0.7413551807403564,True
1710807515,fk_qslstm,ema,test,1000147,20,-0.8539525270462036,0.0826086774468422,0.08181767165660858,True
1710807515,fk_qslstm,ema,test,1000147,21,-0.8791037201881409,-0.46137529611587524,-0.4637051224708557,True
1710807515,fk_qslstm,ema,test,1000147,22,0.6696929335594177,0.03271552920341492,0.033752113580703735,True
1710807515,fk_qslstm,ema,test,1000147,23,-0.2457168698310852,-0.12125770002603531,-0.11349651217460632,True
1710807515,fk_qslstm,ema,test,1000147,24,-0.9163904786109924,-0.6468404531478882,-0.64291912317276,True
1710807515,fk_qslstm,ema,test,1000147,25,0.9185411334037781,0.03365234285593033,0.0370311439037323,True
1710807515,fk_qslstm,ema,test,1000147,26,-0.8484236598014832,-0.48213234543800354,-0.47728192806243896,True
1710807515,fk_qslstm,ema,test,1000147,27,-0.3740379214286804,-0.61012864112854,-0.6082865595817566,True
1710807515,fk_qslstm,ema,test,1000147,28,0.29468271136283875,-0.31129327416419983,-0.3082110285758972,True
1710807515,fk_qslstm,ema,test,1000147,29,-0.9834231734275818,-0.839088499546051,-0.8372090458869934,True
1710807515,fk_qslstm,ema,test,1000147,30,0.36077702045440674,-0.45480459928512573,-0.4519720673561096,True
1710807515,fk_qslstm,ema,test,1000147,31,0.3921859562397003,-0.12853211164474487,-0.12848618626594543,True
1710807515,fk_qslstm,ema,test,1000148,0,0.0840291827917099,0.05041750892996788,0.051040470600128174,True
1710807515,fk_qslstm,ema,test,1000148,1,-0.7393620610237122,-0.4032832384109497,-0.39830225706100464,True
1710807515,fk_qslstm,ema,test,1000148,2,-0.2821391522884369,-0.49191009998321533,-0.4952313303947449,True
1710807515,fk_qslstm,ema,test,1000148,3,0.5361829996109009,-0.0718182623386383,-0.07437655329704285,True
1710807515,fk_qslstm,ema,test,1000148,4,-0.5860888957977295,-0.40910792350769043,-0.40959012508392334,True
1710807515,fk_qslstm,ema,test,1000148,5,-0.4307854175567627,-0.5857576131820679,-0.5875059962272644,True
1710807515,fk_qslstm,ema,test,1000148,6,0.8792829513549805,0.058963701128959656,0.05764244496822357,True
1710807515,fk_qslstm,ema,test,1000148,7,-0.8600032329559326,-0.46883097290992737,-0.4680096507072449,True
1710807515,fk_qslstm,ema,test,1000148,8,0.8577099442481995,0.13956117630004883,0.13604459166526794,True
1710807515,fk_qslstm,ema,test,1000148,9,-0.7269774675369263,-0.3245375454425812,-0.3248017430305481,True
1710807515,fk_qslstm,ema,test,1000148,10,-0.169722318649292,-0.36146342754364014,-0.36151206493377686,True
1710807515,fk_qslstm,ema,test,1000148,11,-0.9417722821235657,-0.8542340993881226,-0.8560735583305359,True
1710807515,fk_qslstm,ema,test,1000148,12,0.16441945731639862,-0.584735631942749,-0.5848475098609924,True
1710807515,fk_qslstm,ema,test,1000148,13,0.9787124991416931,0.1194390058517456,0.11397925019264221,True
1710807515,fk_qslstm,ema,test,1000148,14,0.3223415017127991,0.2889561057090759,0.2810325026512146,True
1710807515,fk_qslstm,ema,test,1000148,15,-0.4261629283428192,-0.024532871320843697,-0.02880251407623291,True
1710807515,fk_qslstm,ema,test,1000148,16,0.08757584542036057,0.03291920945048332,0.02866685390472412,True
1710807515,fk_qslstm,ema,test,1000148,17,0.157706618309021,0.1209593415260315,0.11729814112186432,True
1710807515,fk_qslstm,ema,test,1000148,18,-0.7739959359169006,-0.36763009428977966,-0.3702215552330017,True
1710807515,fk_qslstm,ema,test,1000148,19,-0.5312788486480713,-0.6128713488578796,-0.6172080039978027,True
1710807515,fk_qslstm,ema,test,1000148,20,0.9401283860206604,0.07377992570400238,0.06948049366474152,True
1710807515,fk_qslstm,ema,test,1000148,21,0.04364794120192528,0.08521270751953125,0.08249512314796448,True
1710807515,fk_qslstm,ema,test,1000148,22,-0.15774664282798767,-0.026477819308638573,-0.027229785919189453,True
1710807515,fk_qslstm,ema,test,1000148,23,-0.7531854510307312,-0.47309353947639465,-0.4754648804664612,True
1710807515,fk_qslstm,ema,test,1000148,24,0.5766290426254272,-0.03249739482998848,-0.03550872206687927,True
1710807515,fk_qslstm,ema,test,1000148,25,0.8904058337211609,0.508245587348938,0.5043336749076843,True
1710807515,fk_qslstm,ema,test,1000148,26,0.4530608654022217,0.6784330010414124,0.6738482713699341,True
1710807515,fk_qslstm,ema,test,1000148,27,0.8243445158004761,1.0373531579971313,1.038548231124878,True
1710807515,fk_qslstm,ema,test,1000148,28,0.28167036175727844,0.9988847374916077,0.9987775683403015,True
1710807515,fk_qslstm,ema,test,1000148,29,-0.02712133340537548,0.7828349471092224,0.7801624536514282,True
1710807515,fk_qslstm,ema,test,1000148,30,0.40233784914016724,0.8676707148551941,0.8671895265579224,True
1710807515,fk_qslstm,ema,test,1000148,31,0.17535877227783203,0.7993518114089966,0.7974119186401367,True
1710807515,fk_qslstm,ema,test,1000149,0,-0.1271742880344391,-0.07630456984043121,-0.07469311356544495,True
1710807515,fk_qslstm,ema,test,1000149,1,-0.5639370083808899,-0.3994058668613434,-0.3972732424736023,True
1710807515,fk_qslstm,ema,test,1000149,2,0.8862266540527344,0.21221129596233368,0.20400077104568481,True
1710807515,fk_qslstm,ema,test,1000149,3,-0.6338297724723816,-0.21052880585193634,-0.21275383234024048,True
1710807515,fk_qslstm,ema,test,1000149,4,0.7408738136291504,0.2761012315750122,0.2702149748802185,True
1710807515,fk_qslstm,ema,test,1000149,5,-0.4516392648220062,-0.05010257661342621,-0.0496344268321991,True
1710807515,fk_qslstm,ema,test,1000149,6,0.9672863483428955,0.5402897596359253,0.5357769727706909,True
1710807515,fk_qslstm,ema,test,1000149,7,0.908656656742096,0.9774258136749268,0.978198230266571,True
1710807515,fk_qslstm,ema,test,1000149,8,0.845790684223175,1.2894150018692017,1.2839887142181396,True
1710807515,fk_qslstm,ema,test,1000149,9,0.020036762580275536,1.0435540676116943,1.041771650314331,True
1710807515,fk_qslstm,ema,test,1000149,10,-0.11575303971767426,0.76539146900177,0.762309193611145,True
1710807515,fk_qslstm,ema,test,1000149,11,0.5272932052612305,0.9286891222000122,0.9295777082443237,True
1710807515,fk_qslstm,ema,test,1000149,12,-0.10092983394861221,0.6823933720588684,0.6773437857627869,True
1710807515,fk_qslstm,ema,test,1000149,13,0.22695307433605194,0.6820865273475647,0.6752980947494507,True
1710807515,fk_qslstm,ema,test,1000149,14,-0.8321702480316162,0.046367097645998,0.03976839780807495,True
1710807515,fk_qslstm,ema,test,1000149,15,-0.23239688575267792,-0.10234445333480835,-0.10440072417259216,True
1710807515,fk_qslstm,ema,test,1000149,16,-0.37886714935302734,-0.309195876121521,-0.30576813220977783,True
1710807515,fk_qslstm,ema,test,1000149,17,0.2954331338405609,-0.07009680569171906,-0.0685710608959198,True
1710807515,fk_qslstm,ema,test,1000149,18,0.8331263065338135,0.44379833340644836,0.4433623254299164,True
1710807515,fk_qslstm,ema,test,1000149,19,-0.13714922964572906,0.272749125957489,0.27192142605781555,True
1710807515,fk_qslstm,ema,test,1000149,20,-0.6152839064598083,-0.15097102522850037,-0.1518009603023529,True
1710807515,fk_qslstm,ema,test,1000149,21,-0.12724708020687103,-0.19712506234645844,-0.19531208276748657,True
1710807515,fk_qslstm,ema,test,1000149,22,0.4821159243583679,0.131569504737854,0.13079208135604858,True
1710807515,fk_qslstm,ema,test,1000149,23,0.6924211382865906,0.5207083225250244,0.5203920602798462,True
1710807515,fk_qslstm,ema,test,1000149,24,0.3406277000904083,0.6209432482719421,0.6191709041595459,True
1710807515,fk_qslstm,ema,test,1000149,25,-0.8615595102310181,-0.02018108032643795,-0.02060684561729431,True
1710807515,fk_qslstm,ema,test,1000149,26,-0.021587951108813286,-0.02909763529896736,-0.028015553951263428,True
1710807515,fk_qslstm,ema,test,1000149,27,-0.4576743543148041,-0.29788270592689514,-0.29223865270614624,True
1710807515,fk_qslstm,ema,test,1000149,28,0.09679609537124634,-0.18022851645946503,-0.174789696931839,True
1710807515,fk_qslstm,ema,test,1000149,29,-0.9995161890983582,-0.7438924908638,-0.7381039261817932,True
1710807515,fk_qslstm,ema,test,1000149,30,0.23310604691505432,-0.4552503824234009,-0.4491133689880371,True
1710807515,fk_qslstm,ema,test,1000149,31,0.3897292912006378,-0.13036271929740906,-0.1272575855255127,True
1710807515,fk_qslstm,ema,test,1000150,0,-0.6025623679161072,-0.3615374267101288,-0.358767032623291,True
1710807515,fk_qslstm,ema,test,1000150,1,-0.9649466872215271,-0.8681979775428772,-0.8718559145927429,True
1710807515,fk_qslstm,ema,test,1000150,2,0.25200000405311584,-0.5433583855628967,-0.5524848103523254,True
1710807515,fk_qslstm,ema,test,1000150,3,0.0014246199280023575,-0.43383193016052246,-0.43676871061325073,True
1710807515,fk_qslstm,ema,test,1000150,4,-0.9078726768493652,-0.8917891383171082,-0.8980122208595276,True
1710807515,fk_qslstm,ema,test,1000150,5,-0.13943719863891602,-0.7970936298370361,-0.8011810183525085,True
1710807515,fk_qslstm,ema,test,1000150,6,0.9608597159385681,-0.06115906313061714,-0.06034564971923828,True
1710807515,fk_qslstm,ema,test,1000150,7,0.8126124143600464,0.43864020705223083,0.4380359947681427,True
1710807515,fk_qslstm,ema,test,1000150,8,-0.9991291761398315,-0.24856534600257874,-0.23969513177871704,True
1710807515,fk_qslstm,ema,test,1000150,9,-0.6799701452255249,-0.606834352016449,-0.6046029925346375,True
1710807515,fk_qslstm,ema,test,1000150,10,-0.30439409613609314,-0.6681039333343506,-0.6636897325515747,True
1710807515,fk_qslstm,ema,test,1000150,11,0.1755826771259308,-0.4291335344314575,-0.42211079597473145,True
1710807515,fk_qslstm,ema,test,1000150,12,-0.5124605894088745,-0.6507831811904907,-0.646385908126831,True
1710807515,fk_qslstm,ema,test,1000150,13,-0.6802009344100952,-0.9287471175193787,-0.9304941296577454,True
1710807515,fk_qslstm,ema,test,1000150,14,0.2214212268590927,-0.6101449131965637,-0.6101629137992859,True
1710807515,fk_qslstm,ema,test,1000150,15,0.5762280225753784,-0.14237913489341736,-0.14320462942123413,True
1710807515,fk_qslstm,ema,test,1000150,16,0.24298714101314545,0.03188897669315338,0.028268903493881226,True
1710807515,fk_qslstm,ema,test,1000150,17,-0.8302983641624451,-0.4726678431034088,-0.47687578201293945,True
1710807515,fk_qslstm,ema,test,1000150,18,-0.2745346128940582,-0.5428550243377686,-0.5457108616828918,True
1710807515,fk_qslstm,ema,test,1000150,19,-0.4358234703540802,-0.6957781314849854,-0.6976810097694397,True
1710807515,fk_qslstm,ema,test,1000150,20,0.4798610210418701,-0.2687058746814728,-0.26849573850631714,True
1710807515,fk_qslstm,ema,test,1000150,21,-0.5975480675697327,-0.5734935402870178,-0.5750382542610168,True
1710807515,fk_qslstm,ema,test,1000150,22,0.5317419171333313,-0.139749675989151,-0.1428712010383606,True
1710807515,fk_qslstm,ema,test,1000150,23,0.863043487071991,0.40602636337280273,0.3999442756175995,True
1710807515,fk_qslstm,ema,test,1000150,24,0.5070917010307312,0.6290761232376099,0.6229069828987122,True
1710807515,fk_qslstm,ema,test,1000150,25,0.6190473437309265,0.8746892809867859,0.8731002807617188,True
1710807515,fk_qslstm,ema,test,1000150,26,-0.9554817080497742,0.1264623999595642,0.12912553548812866,True
1710807515,fk_qslstm,ema,test,1000150,27,-0.12313295155763626,0.027290143072605133,0.031381189823150635,True
1710807515,fk_qslstm,ema,test,1000150,28,-0.6052919626235962,-0.34134307503700256,-0.3352406620979309,True
1710807515,fk_qslstm,ema,test,1000150,29,0.8030722141265869,0.20876885950565338,0.21224039793014526,True
1710807515,fk_qslstm,ema,test,1000150,30,0.8201151490211487,0.659084141254425,0.665031373500824,True
1710807515,fk_qslstm,ema,test,1000150,31,0.14571240544319153,0.6146947741508484,0.6157425045967102,True
1710807515,fk_qslstm,ema,test,1000151,0,-0.6655036807060242,-0.399302214384079,-0.3959140181541443,True
1710807515,fk_qslstm,ema,test,1000151,1,-0.43108874559402466,-0.578095018863678,-0.5846132040023804,True
1710807515,fk_qslstm,ema,test,1000151,2,-0.612872838973999,-0.8301997184753418,-0.845614492893219,True
1710807515,fk_qslstm,ema,test,1000151,3,-0.8678092360496521,-1.1848453283309937,-1.1964740753173828,True
1710807515,fk_qslstm,ema,test,1000151,4,0.4673101305961609,-0.6674901843070984,-0.6733396649360657,True
1710807515,fk_qslstm,ema,test,1000151,5,-0.4408755898475647,-0.7985174655914307,-0.8062587380409241,True
1710807515,fk_qslstm,ema,test,1000151,6,-0.6839455962181091,-1.049181342124939,-1.0596303939819336,True
1710807515,fk_qslstm,ema,test,1000151,7,0.4812910258769989,-0.5505704283714294,-0.5520128011703491,True
1710807515,fk_qslstm,ema,test,1000151,8,-0.7416400909423828,-0.8854404091835022,-0.8923171162605286,True
1710807515,fk_qslstm,ema,test,1000151,9,0.9885669946670532,-0.11521214246749878,-0.11816495656967163,True
1710807515,fk_qslstm,ema,test,1000151,10,0.36038464307785034,0.12406107783317566,0.12002962827682495,True
1710807515,fk_qslstm,ema,test,1000151,11,-0.13658137619495392,0.017300039529800415,0.01705038547515869,True
1710807515,fk_qslstm,ema,test,1000151,12,-0.6228950023651123,-0.3598969578742981,-0.359557569026947,True
1710807515,fk_qslstm,ema,test,1000151,13,0.4771707355976105,-0.0016151322051882744,-0.002970874309539795,True
1710807515,fk_qslstm,ema,test,1000151,14,0.8568395376205444,0.5128116011619568,0.5114298462867737,True
1710807515,fk_qslstm,ema,test,1000151,15,0.6929811239242554,0.8260379433631897,0.8283798098564148,True
1710807515,fk_qslstm,ema,test,1000151,16,-0.8558739423751831,0.14730599522590637,0.1480841040611267,True
1710807515,fk_qslstm,ema,test,1000151,17,-0.8330788016319275,-0.38200250267982483,-0.383993923664093,True
1710807515,fk_qslstm,ema,test,1000151,18,-0.6098606586456299,-0.6715183854103088,-0.6751363277435303,True
1710807515,fk_qslstm,ema,test,1000151,19,-0.8742770552635193,-1.0617809295654297,-1.0655333995819092,True
1710807515,fk_qslstm,ema,test,1000151,20,0.21793147921562195,-0.7186658978462219,-0.7204816937446594,True
1710807515,fk_qslstm,ema,test,1000151,21,0.006161995232105255,-0.5712354779243469,-0.5725989937782288,True
1710807515,fk_qslstm,ema,test,1000151,22,0.92304927110672,0.09684116393327713,0.0927695631980896,True
1710807515,fk_qslstm,ema,test,1000151,23,-0.43718281388282776,-0.1848367601633072,-0.18390193581581116,True
1710807515,fk_qslstm,ema,test,1000151,24,0.21993505954742432,-0.01590837351977825,-0.018957167863845825,True
1710807515,fk_qslstm,ema,test,1000151,25,-0.15217828750610352,-0.10403367131948471,-0.103077232837677,True
1710807515,fk_qslstm,ema,test,1000151,26,-0.05741915479302406,-0.1176784336566925,-0.11542141437530518,True
1710807515,fk_qslstm,ema,test,1000151,27,-0.7379389405250549,-0.5369061231613159,-0.5372145771980286,True
1710807515,fk_qslstm,ema,test,1000151,28,-0.7201011180877686,-0.8615855574607849,-0.8676112294197083,True
1710807515,fk_qslstm,ema,test,1000151,29,0.14300459623336792,-0.6034656763076782,-0.6064960956573486,True
1710807515,fk_qslstm,ema,test,1000151,30,-0.6497588157653809,-0.872627854347229,-0.8801112771034241,True
1710807515,fk_qslstm,ema,test,1000151,31,-0.19725388288497925,-0.8164545893669128,-0.8237152695655823,True
1710807515,fk_qslstm,ema,test,1000152,0,0.07870178669691086,0.047221072018146515,0.0478670597076416,True
1710807515,fk_qslstm,ema,test,1000152,1,0.760246217250824,0.4939245879650116,0.48992040753364563,True
1710807515,fk_qslstm,ema,test,1000152,2,-0.4957655072212219,0.09768036752939224,0.09324294328689575,True
1710807515,fk_qslstm,ema,test,1000152,3,-0.9417707920074463,-0.486918181180954,-0.4913802146911621,True
1710807515,fk_qslstm,ema,test,1000152,4,0.9966435432434082,0.20845156908035278,0.20043522119522095,True
1710807515,fk_qslstm,ema,test,1000152,5,0.9350654482841492,0.7278005480766296,0.7232010960578918,True
1710807515,fk_qslstm,ema,test,1000152,6,-0.9755188822746277,-0.0030709297861903906,-0.0010543763637542725,True
1710807515,fk_qslstm,ema,test,1000152,7,0.41276654601097107,0.2452031821012497,0.24217355251312256,True
1710807515,fk_qslstm,ema,test,1000152,8,0.12122747302055359,0.26889902353286743,0.2678905725479126,True
1710807515,fk_qslstm,ema,test,1000152,9,-0.0009256947669200599,0.21456380188465118,0.2151680439710617,True
1710807515,fk_qslstm,ema,test,1000152,10,0.33275651931762695,0.3713049590587616,0.3709769546985626,True
1710807515,fk_qslstm,ema,test,1000152,11,-0.7558055520057678,-0.15643936395645142,-0.1543322503566742,True
1710807515,fk_qslstm,ema,test,1000152,12,0.13598009943962097,-0.04356343299150467,-0.041991233825683594,True
1710807515,fk_qslstm,ema,test,1000152,13,0.15087386965751648,0.05567357689142227,0.05807432532310486,True
1710807515,fk_qslstm,ema,test,1000152,14,-0.969639003276825,-0.5372445583343506,-0.5325871706008911,True
1710807515,fk_qslstm,ema,test,1000152,15,-0.40485724806785583,-0.6727100014686584,-0.6692497730255127,True
1710807515,fk_qslstm,ema,test,1000152,16,0.17085261642932892,-0.4356563985347748,-0.42956918478012085,True
1710807515,fk_qslstm,ema,test,1000152,17,-0.5116084814071655,-0.6554902195930481,-0.6518882513046265,True
1710807515,fk_qslstm,ema,test,1000152,18,0.27268341183662415,-0.3607821464538574,-0.3580818772315979,True
1710807515,fk_qslstm,ema,test,1000152,19,-0.5377838611602783,-0.6112960577011108,-0.6108676195144653,True
1710807515,fk_qslstm,ema,test,1000152,20,-0.4506329894065857,-0.7594166398048401,-0.7620008587837219,True
1710807515,fk_qslstm,ema,test,1000152,21,-0.2914454936981201,-0.7824006080627441,-0.7843506932258606,True
1710807515,fk_qslstm,ema,test,1000152,22,0.32226794958114624,-0.43255969882011414,-0.43269509077072144,True
1710807515,fk_qslstm,ema,test,1000152,23,0.8044552803039551,0.13662540912628174,0.1327274739742279,True
1710807515,fk_qslstm,ema,test,1000152,24,0.4244174063205719,0.3639507591724396,0.35730937123298645,True
1710807515,fk_qslstm,ema,test,1000152,25,0.2249063402414322,0.42610442638397217,0.4180534780025482,True
1710807515,fk_qslstm,ema,test,1000152,26,0.5835506319999695,0.6910139322280884,0.6867269277572632,True
1710807515,fk_qslstm,ema,test,1000152,27,0.1827957183122635,0.662488579750061,0.6577746868133545,True
1710807515,fk_qslstm,ema,test,1000152,28,0.5888217687606812,0.8832839131355286,0.883990466594696,True
1710807515,fk_qslstm,ema,test,1000152,29,-0.343988299369812,0.5002341270446777,0.49757760763168335,True
1710807515,fk_qslstm,ema,test,1000152,30,-0.8602114319801331,-0.11593955755233765,-0.11717724800109863,True
1710807515,fk_qslstm,ema,test,1000152,31,0.673565685749054,0.3113877773284912,0.31040018796920776,True
1710807515,fk_qslstm,ema,test,1000153,0,0.8178656101226807,0.49071937799453735,0.4845690131187439,True
1710807515,fk_qslstm,ema,test,1000153,1,0.27997490763664246,0.5605604648590088,0.5639796257019043,True
1710807515,fk_qslstm,ema,test,1000153,2,-0.584723174571991,0.09761444479227066,0.09557417035102844,True
1710807515,fk_qslstm,ema,test,1000153,3,0.4201873540878296,0.33020398020744324,0.32318753004074097,True
1710807515,fk_qslstm,ema,test,1000153,4,-0.15093401074409485,0.17360277473926544,0.17071618139743805,True
1710807515,fk_qslstm,ema,test,1000153,5,0.2504119575023651,0.2891294062137604,0.2847406268119812,True
1710807515,fk_qslstm,ema,test,1000153,6,0.12148754298686981,0.3041960597038269,0.30080175399780273,True
1710807515,fk_qslstm,ema,test,1000153,7,0.30256184935569763,0.42489394545555115,0.4212588667869568,True
1710807515,fk_qslstm,ema,test,1000153,8,-0.46289557218551636,0.06217781826853752,0.0621587336063385,True
1710807515,fk_qslstm,ema,test,1000153,9,-0.6723461747169495,-0.35366547107696533,-0.35398054122924805,True
1710807515,fk_qslstm,ema,test,1000153,10,-0.4672447144985199,-0.5632792115211487,-0.5626217722892761,True
1710807515,fk_qslstm,ema,test,1000153,11,0.3685068190097809,-0.2295192927122116,-0.22758668661117554,True
1710807515,fk_qslstm,ema,test,1000153,12,0.366237998008728,0.036127373576164246,0.03448212146759033,True
1710807515,fk_qslstm,ema,test,1000153,13,0.2699671983718872,0.19088222086429596,0.18614943325519562,True
1710807515,fk_qslstm,ema,test,1000153,14,-0.9394000768661499,-0.4109342694282532,-0.41182154417037964,True
1710807515,fk_qslstm,ema,test,1000153,15,0.2957495450973511,-0.1512976884841919,-0.15327894687652588,True
1710807515,fk_qslstm,ema,test,1000153,16,-0.178841695189476,-0.2283431738615036,-0.2253902554512024,True
1710807515,fk_qslstm,ema,test,1000153,17,0.6789049506187439,0.22466841340065002,0.2240332067012787,True
1710807515,fk_qslstm,ema,test,1000153,18,0.02846287563443184,0.1968124508857727,0.19691532850265503,True
1710807515,fk_qslstm,ema,test,1000153,19,-0.5163820385932922,-0.15237924456596375,-0.1506480872631073,True
1710807515,fk_qslstm,ema,test,1000153,20,0.03470472991466522,-0.10108055919408798,-0.09915599226951599,True
1710807515,fk_qslstm,ema,test,1000153,21,-0.3430558145046234,-0.2866979241371155,-0.2811430096626282,True
1710807515,fk_qslstm,ema,test,1000153,22,0.09402412176132202,-0.1729438751935959,-0.16870012879371643,True
1710807515,fk_qslstm,ema,test,1000153,23,0.6538185477256775,0.2539360225200653,0.25427746772766113,True
1710807515,fk_qslstm,ema,test,1000153,24,0.34717002511024475,0.4114508330821991,0.40913623571395874,True
1710807515,fk_qslstm,ema,test,1000153,25,-0.04633578658103943,0.3013591766357422,0.2988739013671875,True
1710807515,fk_qslstm,ema,test,1000153,26,0.9451906681060791,0.8082017302513123,0.8094335198402405,True
1710807515,fk_qslstm,ema,test,1000153,27,-0.33931058645248413,0.4429750442504883,0.4384285807609558,True
1710807515,fk_qslstm,ema,test,1000153,28,-0.3762178421020508,0.12864932417869568,0.12433020770549774,True
1710807515,fk_qslstm,ema,test,1000153,29,0.9387438297271729,0.6661657691001892,0.6639094948768616,True
1710807515,fk_qslstm,ema,test,1000153,30,-0.6313615441322327,0.1541156768798828,0.14927759766578674,True
1710807515,fk_qslstm,ema,test,1000153,31,-0.8325536847114563,-0.37623968720436096,-0.3829496502876282,True
1710807515,fk_qslstm,ema,test,1000154,0,0.9107438921928406,0.5464463233947754,0.5357402563095093,True
1710807515,fk_qslstm,ema,test,1000154,1,0.3034517168998718,0.6192281246185303,0.6189073920249939,True
1710807515,fk_qslstm,ema,test,1000154,2,-0.15159295499324799,0.4044266939163208,0.39853334426879883,True
1710807515,fk_qslstm,ema,test,1000154,3,-0.9584433436393738,-0.2515246570110321,-0.2534220814704895,True
1710807515,fk_qslstm,ema,test,1000154,4,0.6370648145675659,0.18101917207241058,0.17755258083343506,True
1710807515,fk_qslstm,ema,test,1000154,5,-0.3693748116493225,-0.07680955529212952,-0.0736498236656189,True
1710807515,fk_qslstm,ema,test,1000154,6,-0.27921262383461,-0.22897522151470184,-0.2238040566444397,True
1710807515,fk_qslstm,ema,test,1000154,7,-0.0328080877661705,-0.20286503434181213,-0.19642823934555054,True
1710807515,fk_qslstm,ema,test,1000154,8,-0.2853221893310547,-0.33348533511161804,-0.3251708745956421,True
1710807515,fk_qslstm,ema,test,1000154,9,-0.8302866220474243,-0.7649602293968201,-0.7627816796302795,True
1710807515,fk_qslstm,ema,test,1000154,10,0.5306394100189209,-0.29358455538749695,-0.28978317975997925,True
1710807515,fk_qslstm,ema,test,1000154,11,0.05369138345122337,-0.20265281200408936,-0.19963788986206055,True
1710807515,fk_qslstm,ema,test,1000154,12,-0.8536906838417053,-0.6743366718292236,-0.6762635707855225,True
1710807515,fk_qslstm,ema,test,1000154,13,0.24866598844528198,-0.3902697265148163,-0.39208412170410156,True
1710807515,fk_qslstm,ema,test,1000154,14,0.9857214093208313,0.27921706438064575,0.27014705538749695,True
1710807515,fk_qslstm,ema,test,1000154,15,-0.8475530743598938,-0.2851581871509552,-0.29035574197769165,True
1710807515,fk_qslstm,ema,test,1000154,16,0.6520912647247314,0.16312821209430695,0.15381917357444763,True
1710807515,fk_qslstm,ema,test,1000154,17,0.010838943533599377,0.13700594007968903,0.13149334490299225,True
1710807515,fk_qslstm,ema,test,1000154,18,0.7031393647193909,0.5314883589744568,0.5266013741493225,True
1710807515,fk_qslstm,ema,test,1000154,19,-0.9398476481437683,-0.1387178897857666,-0.13666123151779175,True
1710807515,fk_qslstm,ema,test,1000154,20,-0.7270686030387878,-0.547215461730957,-0.550150454044342,True
1710807515,fk_qslstm,ema,test,1000154,21,0.3481815755367279,-0.2288634330034256,-0.2292279601097107,True
1710807515,fk_qslstm,ema,test,1000154,22,-0.14524364471435547,-0.27023693919181824,-0.26648128032684326,True
1710807515,fk_qslstm,ema,test,1000154,23,0.0023103547282516956,-0.21480333805084229,-0.21103495359420776,True
1710807515,fk_qslstm,ema,test,1000154,24,0.5079940557479858,0.13295374810695648,0.13225844502449036,True
1710807515,fk_qslstm,ema,test,1000154,25,0.3580373227596283,0.3211853802204132,0.3176894187927246,True
1710807515,fk_qslstm,ema,test,1000154,26,0.14363612234592438,0.343129962682724,0.3385429382324219,True
1710807515,fk_qslstm,ema,test,1000154,27,-0.5049834251403809,-0.028486086055636406,-0.029980003833770752,True
1710807515,fk_qslstm,ema,test,1000154,28,-0.46741628646850586,-0.3032386302947998,-0.30248862504959106,True
1710807515,fk_qslstm,ema,test,1000154,29,0.45553451776504517,0.030729802325367928,0.029839426279067993,True
1710807515,fk_qslstm,ema,test,1000154,30,-0.17963138222694397,-0.08319498598575592,-0.07964137196540833,True
1710807515,fk_qslstm,ema,test,1000154,31,0.9746502637863159,0.5182341933250427,0.5161306262016296,True
1710807515,fk_qslstm,ema,test,1000155,0,0.43535637855529785,0.2612138092517853,0.26105260848999023,True
1710807515,fk_qslstm,ema,test,1000155,1,-0.529011607170105,-0.10843591392040253,-0.09600991010665894,True
1710807515,fk_qslstm,ema,test,1000155,2,0.8397380709648132,0.4170941412448883,0.4159870743751526,True
1710807515,fk_qslstm,ema,test,1000155,3,0.8187471032142639,0.824923574924469,0.8285447955131531,True
1710807515,fk_qslstm,ema,test,1000155,4,0.2017854005098343,0.781010091304779,0.7804481983184814,True
1710807515,fk_qslstm,ema,test,1000155,5,0.5695597529411316,0.9665439128875732,0.9694203734397888,True
1710807515,fk_qslstm,ema,test,1000155,6,-0.40938419103622437,0.5276046395301819,0.5245041847229004,True
1710807515,fk_qslstm,ema,test,1000155,7,-0.28618326783180237,0.2503737211227417,0.24697169661521912,True
1710807515,fk_qslstm,ema,test,1000155,8,-0.679391622543335,-0.20733599364757538,-0.20877283811569214,True
1710807515,fk_qslstm,ema,test,1000155,9,0.7173466682434082,0.2645392119884491,0.26248836517333984,True
1710807515,fk_qslstm,ema,test,1000155,10,0.8437916040420532,0.7179063558578491,0.7208737134933472,True
1710807515,fk_qslstm,ema,test,1000155,11,0.13362959027290344,0.654502809047699,0.653075098991394,True
1710807515,fk_qslstm,ema,test,1000155,12,-0.3697260320186615,0.30176663398742676,0.2981380224227905,True
1710807515,fk_qslstm,ema,test,1000155,13,0.6384593844413757,0.6244889497756958,0.6237592101097107,True
1710807515,fk_qslstm,ema,test,1000155,14,-0.42459815740585327,0.24483226239681244,0.24463701248168945,True
1710807515,fk_qslstm,ema,test,1000155,15,0.4231516420841217,0.44975680112838745,0.44791534543037415,True
1710807515,fk_qslstm,ema,test,1000155,16,-0.008271576836705208,0.35484248399734497,0.35493654012680054,True
1710807515,fk_qslstm,ema,test,1000155,17,-0.03983459249138832,0.2599732279777527,0.2616983950138092,True
1710807515,fk_qslstm,ema,test,1000155,18,-0.9101664423942566,-0.3381212651729584,-0.33324652910232544,True
1710807515,fk_qslstm,ema,test,1000155,19,0.17386068403720856,-0.16618061065673828,-0.16067832708358765,True
1710807515,fk_qslstm,ema,test,1000155,20,0.4596368074417114,0.14283759891986847,0.14626973867416382,True
1710807515,fk_qslstm,ema,test,1000155,21,-0.7665814161300659,-0.34567877650260925,-0.3415858745574951,True
1710807515,fk_qslstm,ema,test,1000155,22,-0.32630857825279236,-0.47232815623283386,-0.46815812587738037,True
1710807515,fk_qslstm,ema,test,1000155,23,-0.4206787645816803,-0.6302698254585266,-0.6256400942802429,True
1710807515,fk_qslstm,ema,test,1000155,24,0.6360079646110535,-0.12261106073856354,-0.11726647615432739,True
1710807515,fk_qslstm,ema,test,1000155,25,-0.9797402620315552,-0.685932993888855,-0.6798234581947327,True
1710807515,fk_qslstm,ema,test,1000155,26,0.12793578207492828,-0.4719849228858948,-0.46758753061294556,True
1710807515,fk_qslstm,ema,test,1000155,27,0.49512627720832825,-0.08051218092441559,-0.07856521010398865,True
1710807515,fk_qslstm,ema,test,1000155,28,0.6917046308517456,0.3506130278110504,0.3492625653743744,True
1710807515,fk_qslstm,ema,test,1000155,29,-0.8091627359390259,-0.20500722527503967,-0.20406383275985718,True
1710807515,fk_qslstm,ema,test,1000155,30,-0.3984209895133972,-0.40305837988853455,-0.4024113416671753,True
1710807515,fk_qslstm,ema,test,1000155,31,-0.10730621218681335,-0.3868304193019867,-0.3826406002044678,True
1710807515,fk_qslstm,ema,test,1000156,0,-0.742938756942749,-0.4457632601261139,-0.44101566076278687,True
1710807515,fk_qslstm,ema,test,1000156,1,0.6820054054260254,0.052592650055885315,0.04657965898513794,True
1710807515,fk_qslstm,ema,test,1000156,2,-0.9268617630004883,-0.5140429139137268,-0.5172917246818542,True
1710807515,fk_qslstm,ema,test,1000156,3,0.6444441080093384,-0.024567866697907448,-0.02643534541130066,True
1710807515,fk_qslstm,ema,test,1000156,4,0.6095762252807617,0.3460914194583893,0.3455420732498169,True
1710807515,fk_qslstm,ema,test,1000156,5,-0.8734498620033264,-0.247196763753891,-0.2429826259613037,True
1710807515,fk_qslstm,ema,test,1000156,6,-0.9920029640197754,-0.7929591536521912,-0.7927456498146057,True
1710807515,fk_qslstm,ema,test,1000156,7,-0.2567489743232727,-0.7884167432785034,-0.7852625250816345,True
1710807515,fk_qslstm,ema,test,1000156,8,-0.45605888962745667,-0.9043686985969543,-0.9018574357032776,True
1710807515,fk_qslstm,ema,test,1000156,9,0.2424597442150116,-0.5780191421508789,-0.5721792578697205,True
1710807515,fk_qslstm,ema,test,1000156,10,0.8332294225692749,0.037522368133068085,0.04187667369842529,True
1710807515,fk_qslstm,ema,test,1000156,11,-0.9817264676094055,-0.5590180158615112,-0.5511247515678406,True
1710807515,fk_qslstm,ema,test,1000156,12,-0.5241768956184387,-0.7617205381393433,-0.760162889957428,True
1710807515,fk_qslstm,ema,test,1000156,13,-0.6191473007202148,-0.9808648228645325,-0.9824922680854797,True
1710807515,fk_qslstm,ema,test,1000156,14,0.443039208650589,-0.5188683271408081,-0.515298068523407,True
1710807515,fk_qslstm,ema,test,1000156,15,0.6945600509643555,0.0016413470730185509,0.003364741802215576,True
1710807515,fk_qslstm,ema,test,1000156,16,0.249064102768898,0.15075154602527618,0.15000984072685242,True
1710807515,fk_qslstm,ema,test,1000156,17,0.6824416518211365,0.5300662517547607,0.5290457606315613,True
1710807515,fk_qslstm,ema,test,1000156,18,-0.5049681067466736,0.12107210606336594,0.12130352854728699,True
1710807515,fk_qslstm,ema,test,1000156,19,-0.602121114730835,-0.2644149661064148,-0.2644810080528259,True
1710807515,fk_qslstm,ema,test,1000156,20,-0.11803486198186874,-0.28235289454460144,-0.2786932587623596,True
1710807515,fk_qslstm,ema,test,1000156,21,-0.005773445125669241,-0.2293463945388794,-0.22364956140518188,True
1710807515,fk_qslstm,ema,test,1000156,22,0.8472877144813538,0.3248955011367798,0.3261714279651642,True
1710807515,fk_qslstm,ema,test,1000156,23,0.2894640862941742,0.43359485268592834,0.4318627715110779,True
1710807515,fk_qslstm,ema,test,1000156,24,-0.36186036467552185,0.12975965440273285,0.12897390127182007,True
1710807515,fk_qslstm,ema,test,1000156,25,-0.4344748258590698,-0.15687717497348785,-0.1552101969718933,True
1710807515,fk_qslstm,ema,test,1000156,26,0.7280126810073853,0.31130585074424744,0.31129875779151917,True
1710807515,fk_qslstm,ema,test,1000156,27,-0.174397811293602,0.1444060057401657,0.14757183194160461,True
1710807515,fk_qslstm,ema,test,1000156,28,-0.2570658326148987,-0.0387147031724453,-0.03358682990074158,True
1710807515,fk_qslstm,ema,test,1000156,29,-0.07438638806343079,-0.07560359686613083,-0.06890365481376648,True
1710807515,fk_qslstm,ema,test,1000156,30,-0.4499175548553467,-0.3304333984851837,-0.3222280740737915,True
1710807515,fk_qslstm,ema,test,1000156,31,-0.003894002642482519,-0.2666831314563751,-0.25881123542785645,True
1710807515,fk_qslstm,ema,test,1000157,0,0.03752431273460388,0.02251458913087845,0.02334749698638916,True
1710807515,fk_qslstm,ema,test,1000157,1,-0.34267476201057434,-0.18759317696094513,-0.18150556087493896,True
1710807515,fk_qslstm,ema,test,1000157,2,-0.6033905148506165,-0.5121088624000549,-0.5152315497398376,True
1710807515,fk_qslstm,ema,test,1000157,3,-0.608871579170227,-0.7750100493431091,-0.7824953198432922,True
1710807515,fk_qslstm,ema,test,1000157,4,-0.04628228023648262,-0.6477773785591125,-0.6513569951057434,True
1710807515,fk_qslstm,ema,test,1000157,5,0.24948391318321228,-0.36853155493736267,-0.36987245082855225,True
1710807515,fk_qslstm,ema,test,1000157,6,-0.7812366485595703,-0.7635672092437744,-0.7696781754493713,True
1710807515,fk_qslstm,ema,test,1000157,7,-0.46294811367988586,-0.8886226415634155,-0.8973947167396545,True
1710807515,fk_qslstm,ema,test,1000157,8,-0.051873743534088135,-0.7420223951339722,-0.7476344704627991,True
1710807515,fk_qslstm,ema,test,1000157,9,-0.7040790319442749,-1.0160653591156006,-1.0248136520385742,True
1710807515,fk_qslstm,ema,test,1000157,10,-0.6590306162834167,-1.2082706689834595,-1.2160053253173828,True
1710807515,fk_qslstm,ema,test,1000157,11,-0.15869228541851044,-1.0618318319320679,-1.0736138820648193,True
1710807515,fk_qslstm,ema,test,1000157,12,-0.833072304725647,-1.3493088483810425,-1.3522143363952637,True
1710807515,fk_qslstm,ema,test,1000157,13,-0.707751452922821,-1.5040979385375977,-1.4933044910430908,True
1710807515,fk_qslstm,ema,test,1000157,14,-0.5069990158081055,-1.5074777603149414,-1.5011916160583496,True
1710807515,fk_qslstm,ema,test,1000157,15,0.34999024868011475,-0.9959880709648132,-1.0191454887390137,True
1710807515,fk_qslstm,ema,test,1000157,16,0.8133726119995117,-0.3087669014930725,-0.3203662037849426,True
1710807515,fk_qslstm,ema,test,1000157,17,0.2969423234462738,-0.06884811818599701,-0.07087543606758118,True
1710807515,fk_qslstm,ema,test,1000157,18,-0.7680352926254272,-0.515899658203125,-0.5164067149162292,True
1710807515,fk_qslstm,ema,test,1000157,19,0.5986209511756897,-0.05354715883731842,-0.04944252967834473,True
1710807515,fk_qslstm,ema,test,1000157,20,0.43250390887260437,0.2166646122932434,0.2211260199546814,True
1710807515,fk_qslstm,ema,test,1000157,21,-0.07041388750076294,0.13108336925506592,0.1383569985628128,True
1710807515,fk_qslstm,ema,test,1000157,22,0.23480404913425446,0.2457491159439087,0.25103598833084106,True
1710807515,fk_qslstm,ema,test,1000157,23,0.977624237537384,0.7831738591194153,0.7900862693786621,True
1710807515,fk_qslstm,ema,test,1000157,24,0.7958858609199524,1.1040705442428589,1.1115832328796387,True
1710807515,fk_qslstm,ema,test,1000157,25,-0.577777087688446,0.5365902185440063,0.5368924140930176,True
1710807515,fk_qslstm,ema,test,1000157,26,0.9165166020393372,0.9791821241378784,0.9850781559944153,True
1710807515,fk_qslstm,ema,test,1000157,27,0.5889794230461121,1.1367334127426147,1.1417734622955322,True
1710807515,fk_qslstm,ema,test,1000157,28,0.8240424394607544,1.4038121700286865,1.3947224617004395,True
1710807515,fk_qslstm,ema,test,1000157,29,-0.8407962918281555,0.618571937084198,0.6275238990783691,True
1710807515,fk_qslstm,ema,test,1000157,30,-0.32677820324897766,0.29879066348075867,0.30381637811660767,True
1710807515,fk_qslstm,ema,test,1000157,31,-0.4026382267475128,-0.0025504203513264656,0.0006435215473175049,True
1710807515,fk_qslstm,ema,test,1000158,0,0.21288742125034332,0.12773245573043823,0.12791529297828674,True
1710807515,fk_qslstm,ema,test,1000158,1,-0.7391000390052795,-0.34127405285835266,-0.3335614800453186,True
1710807515,fk_qslstm,ema,test,1000158,2,-0.3240491449832916,-0.46744874119758606,-0.4686397910118103,True
1710807515,fk_qslstm,ema,test,1000158,3,-0.11232233047485352,-0.44135236740112305,-0.43992286920547485,True
1710807515,fk_qslstm,ema,test,1000158,4,0.8583090901374817,0.1619035303592682,0.16081774234771729,True
1710807515,fk_qslstm,ema,test,1000158,5,-0.3749960958957672,-0.09547483921051025,-0.09188541769981384,True
1710807515,fk_qslstm,ema,test,1000158,6,-0.745058000087738,-0.523414671421051,-0.5245882272720337,True
1710807515,fk_qslstm,ema,test,1000158,7,0.9002435207366943,0.12141439318656921,0.11820214986801147,True
1710807515,fk_qslstm,ema,test,1000158,8,0.06345095485448837,0.135202094912529,0.1333349347114563,True
1710807515,fk_qslstm,ema,test,1000158,9,-0.007129994221031666,0.10388367623090744,0.10202893614768982,True
1710807515,fk_qslstm,ema,test,1000158,10,0.7031168341636658,0.5049770474433899,0.50346839427948,True
1710807515,fk_qslstm,ema,test,1000158,11,0.18819458782672882,0.5168983936309814,0.5141215324401855,True
1710807515,fk_qslstm,ema,test,1000158,12,0.9806861281394958,1.0019303560256958,1.003467321395874,True
1710807515,fk_qslstm,ema,test,1000158,13,-0.6002045273780823,0.44142159819602966,0.4343695342540741,True
1710807515,fk_qslstm,ema,test,1000158,14,0.5222697257995605,0.666499137878418,0.6602866649627686,True
1710807515,fk_qslstm,ema,test,1000158,15,-0.2769453525543213,0.36703208088874817,0.36112692952156067,True
1710807515,fk_qslstm,ema,test,1000158,16,0.20223701000213623,0.4149678647518158,0.4085431396961212,True
1710807515,fk_qslstm,ema,test,1000158,17,0.02579186111688614,0.3474494218826294,0.34352076053619385,True
1710807515,fk_qslstm,ema,test,1000158,18,0.878456175327301,0.805033266544342,0.8074309229850769,True
1710807515,fk_qslstm,ema,test,1000158,19,-0.4634048342704773,0.3659836947917938,0.3636229634284973,True
1710807515,fk_qslstm,ema,test,1000158,20,-0.954716145992279,-0.28004273772239685,-0.27949774265289307,True
1710807515,fk_qslstm,ema,test,1000158,21,-0.02628304809331894,-0.23980402946472168,-0.2354159951210022,True
1710807515,fk_qslstm,ema,test,1000158,22,-0.632162868976593,-0.5711409449577332,-0.5674821734428406,True
1710807515,fk_qslstm,ema,test,1000158,23,0.32823991775512695,-0.2599687874317169,-0.25684505701065063,True
1710807515,fk_qslstm,ema,test,1000158,24,0.8860828876495361,0.32367467880249023,0.3220852315425873,True
1710807515,fk_qslstm,ema,test,1000158,25,-0.3037750720977783,0.07667471468448639,0.07739827036857605,True
1710807515,fk_qslstm,ema,test,1000158,26,0.770685076713562,0.5237508416175842,0.5225008130073547,True
1710807515,fk_qslstm,ema,test,1000158,27,0.6711196303367615,0.8216724395751953,0.8251152634620667,True
1710807515,fk_qslstm,ema,test,1000158,28,-0.7160047888755798,0.22773510217666626,0.22591547667980194,True
1710807515,fk_qslstm,ema,test,1000158,29,0.5628023147583008,0.5198694467544556,0.516613781452179,True
1710807515,fk_qslstm,ema,test,1000158,30,0.2973746657371521,0.5943203568458557,0.5922372341156006,True
1710807515,fk_qslstm,ema,test,1000158,31,-0.5566965937614441,0.14143836498260498,0.1392858922481537,True
1710807515,fk_qslstm,ema,test,1000159,0,-0.48534342646598816,-0.2912060618400574,-0.28889530897140503,True
1710807515,fk_qslstm,ema,test,1000159,1,0.6461551785469055,0.1547282487154007,0.14600186049938202,True
1710807515,fk_qslstm,ema,test,1000159,2,-0.365689754486084,-0.09563125669956207,-0.09878554940223694,True
1710807515,fk_qslstm,ema,test,1000159,3,-0.35030052065849304,-0.2866853177547455,-0.28642839193344116,True
1710807515,fk_qslstm,ema,test,1000159,4,0.580398678779602,0.11889095604419708,0.11841227114200592,True
1710807515,fk_qslstm,ema,test,1000159,5,0.7858027815818787,0.5665944218635559,0.5680196285247803,True
1710807515,fk_qslstm,ema,test,1000159,6,0.45971980690956116,0.7291074395179749,0.7307286262512207,True
1710807515,fk_qslstm,ema,test,1000159,7,0.825576663017273,1.07863187789917,1.0844862461090088,True
1710807515,fk_qslstm,ema,test,1000159,8,-0.3843555748462677,0.6322922110557556,0.6321678757667542,True
1710807515,fk_qslstm,ema,test,1000159,9,0.9797922968864441,1.093709111213684,1.0975961685180664,True
1710807515,fk_qslstm,ema,test,1000159,10,-0.16767199337482452,0.7743641138076782,0.7715566158294678,True
1710807515,fk_qslstm,ema,test,1000159,11,0.18271063268184662,0.7291176915168762,0.7239686250686646,True
1710807515,fk_qslstm,ema,test,1000159,12,0.22840014100074768,0.7203342318534851,0.7143771648406982,True
1710807515,fk_qslstm,ema,test,1000159,13,-0.1394641399383545,0.49258890748023987,0.48507851362228394,True
1710807515,fk_qslstm,ema,test,1000159,14,0.6592257022857666,0.7896065711975098,0.7887347936630249,True
1710807515,fk_qslstm,ema,test,1000159,15,-0.5947626829147339,0.27482762932777405,0.27103784680366516,True
1710807515,fk_qslstm,ema,test,1000159,16,0.08748455345630646,0.27235284447669983,0.26812025904655457,True
1710807515,fk_qslstm,ema,test,1000159,17,0.7707670331001282,0.6803424954414368,0.6822546124458313,True
1710807515,fk_qslstm,ema,test,1000159,18,0.4029349088668823,0.7860349416732788,0.7884519696235657,True
1710807515,fk_qslstm,ema,test,1000159,19,0.17246636748313904,0.7323077917098999,0.7325968146324158,True
1710807515,fk_qslstm,ema,test,1000159,20,0.4237264394760132,0.8400821089744568,0.8424666523933411,True
1710807515,fk_qslstm,ema,test,1000159,21,0.05431164801120758,0.7046526670455933,0.7051123976707458,True
1710807515,fk_qslstm,ema,test,1000159,22,-0.049496129155159,0.5340244770050049,0.5332927107810974,True
1710807515,fk_qslstm,ema,test,1000159,23,0.0816023200750351,0.47618094086647034,0.47598856687545776,True
1710807515,fk_qslstm,ema,test,1000159,24,0.9010491371154785,0.9215742349624634,0.9287096261978149,True
1710807515,fk_qslstm,ema,test,1000159,25,-0.6788772940635681,0.3299330174922943,0.3305441737174988,True
1710807515,fk_qslstm,ema,test,1000159,26,0.38314858078956604,0.49383556842803955,0.4918954372406006,True
1710807515,fk_qslstm,ema,test,1000159,27,-0.07416123151779175,0.35057172179222107,0.35091784596443176,True
1710807515,fk_qslstm,ema,test,1000159,28,0.014680319465696812,0.28926557302474976,0.29066288471221924,True
1710807515,fk_qslstm,ema,test,1000159,29,-0.013377484865486622,0.22338595986366272,0.22708266973495483,True
1710807515,fk_qslstm,ema,test,1000159,30,0.37030360102653503,0.40089091658592224,0.40377330780029297,True
1710807515,fk_qslstm,ema,test,1000159,31,-0.08109535276889801,0.2720555365085602,0.27679431438446045,True
1710807515,fk_qslstm,ema,test,1000160,0,0.49508044123649597,0.29704827070236206,0.29671597480773926,True
1710807515,fk_qslstm,ema,test,1000160,1,-0.6234709620475769,-0.13644395768642426,-0.12318190932273865,True
1710807515,fk_qslstm,ema,test,1000160,2,0.19245636463165283,0.006318654399365187,0.006577014923095703,True
1710807515,fk_qslstm,ema,test,1000160,3,0.22844204306602478,0.1421201527118683,0.1397448182106018,True
1710807515,fk_qslstm,ema,test,1000160,4,0.13656926155090332,0.19563767313957214,0.19249296188354492,True
1710807515,fk_qslstm,ema,test,1000160,5,0.22790494561195374,0.2932531237602234,0.28912317752838135,True
1710807515,fk_qslstm,ema,test,1000160,6,-0.29497766494750977,0.05761589854955673,0.05808800458908081,True
1710807515,fk_qslstm,ema,test,1000160,7,0.524946391582489,0.36106055974960327,0.3597427010536194,True
1710807515,fk_qslstm,ema,test,1000160,8,0.24784865975379944,0.4375576376914978,0.4361349940299988,True
1710807515,fk_qslstm,ema,test,1000160,9,-0.44127988815307617,0.08527818322181702,0.0862550139427185,True
1710807515,fk_qslstm,ema,test,1000160,10,-0.5336918234825134,-0.2519925534725189,-0.24937838315963745,True
1710807515,fk_qslstm,ema,test,1000160,11,-0.5340918302536011,-0.5220491290092468,-0.519437313079834,True
1710807515,fk_qslstm,ema,test,1000160,12,-0.1414930820465088,-0.5025351643562317,-0.49693745374679565,True
1710807515,fk_qslstm,ema,test,1000160,13,0.8248425722122192,0.09287741780281067,0.09628419578075409,True
1710807515,fk_qslstm,ema,test,1000160,14,0.1289842426776886,0.1516924798488617,0.15316292643547058,True
1710807515,fk_qslstm,ema,test,1000160,15,-0.6914445161819458,-0.2935127019882202,-0.2929839491844177,True
1710807515,fk_qslstm,ema,test,1000160,16,-0.01290096715092659,-0.24255074560642242,-0.2416054606437683,True
1710807515,fk_qslstm,ema,test,1000160,17,0.7720028758049011,0.2691611051559448,0.26781222224235535,True
1710807515,fk_qslstm,ema,test,1000160,18,0.8988576531410217,0.7546434998512268,0.7562710642814636,True
1710807515,fk_qslstm,ema,test,1000160,19,0.31528738141059875,0.7928872108459473,0.7911255359649658,True
1710807515,fk_qslstm,ema,test,1000160,20,-0.5519272089004517,0.3031534254550934,0.29582715034484863,True
1710807515,fk_qslstm,ema,test,1000160,21,-0.2791641354560852,0.07502426952123642,0.07030685245990753,True
1710807515,fk_qslstm,ema,test,1000160,22,-0.7032374739646912,-0.36192306876182556,-0.3649985194206238,True
1710807515,fk_qslstm,ema,test,1000160,23,-0.030567236244678497,-0.3078787922859192,-0.3076164126396179,True
1710807515,fk_qslstm,ema,test,1000160,24,0.6654444336891174,0.15296360850334167,0.1516023725271225,True
1710807515,fk_qslstm,ema,test,1000160,25,-0.16615696251392365,0.022676710039377213,0.024708569049835205,True
1710807515,fk_qslstm,ema,test,1000160,26,-0.7793024778366089,-0.4494401216506958,-0.450014591217041,True
1710807515,fk_qslstm,ema,test,1000160,27,0.5800315737724304,-0.011533167213201523,-0.013518095016479492,True
1710807515,fk_qslstm,ema,test,1000160,28,-0.7592136859893799,-0.46475473046302795,-0.46581608057022095,True
1710807515,fk_qslstm,ema,test,1000160,29,0.45507004857063293,-0.09876175224781036,-0.10257381200790405,True
1710807515,fk_qslstm,ema,test,1000160,30,0.7794229388237,0.38864436745643616,0.3836570382118225,True
1710807515,fk_qslstm,ema,test,1000160,31,-0.495594322681427,0.013558912090957165,0.011209845542907715,True
1710807515,fk_qslstm,ema,test,1000161,0,-0.7177488803863525,-0.4306493401527405,-0.42643123865127563,True
1710807515,fk_qslstm,ema,test,1000161,1,-0.9485337138175964,-0.9136397242546082,-0.9183627963066101,True
1710807515,fk_qslstm,ema,test,1000161,2,-0.523817241191864,-1.0452021360397339,-1.0624330043792725,True
1710807515,fk_qslstm,ema,test,1000161,3,0.1801886260509491,-0.7280485033988953,-0.7401402592658997,True
1710807515,fk_qslstm,ema,test,1000161,4,0.15427306294441223,-0.4898749887943268,-0.49391573667526245,True
1710807515,fk_qslstm,ema,test,1000161,5,0.3216782212257385,-0.19889305531978607,-0.19874274730682373,True
1710807515,fk_qslstm,ema,test,1000161,6,0.3180939853191376,0.031741946935653687,0.03181782364845276,True
1710807515,fk_qslstm,ema,test,1000161,7,-0.004487605765461922,0.022700995206832886,0.025690585374832153,True
1710807515,fk_qslstm,ema,test,1000161,8,0.18560054898262024,0.12952111661434174,0.13139571249485016,True
1710807515,fk_qslstm,ema,test,1000161,9,-0.9589657783508301,-0.4717625677585602,-0.4665616750717163,True
1710807515,fk_qslstm,ema,test,1000161,10,0.5978401899337769,-0.018705934286117554,-0.014125585556030273,True
1710807515,fk_qslstm,ema,test,1000161,11,-0.3368711471557617,-0.21708744764328003,-0.2072198987007141,True
1710807515,fk_qslstm,ema,test,1000161,12,-0.16853293776512146,-0.2747897207736969,-0.26451873779296875,True
1710807515,fk_qslstm,ema,test,1000161,13,-0.17016787827014923,-0.32193249464035034,-0.3104274272918701,True
1710807515,fk_qslstm,ema,test,1000161,14,-0.3368152976036072,-0.4596351683139801,-0.4484148621559143,True
1710807515,fk_qslstm,ema,test,1000161,15,0.1334575116634369,-0.28763362765312195,-0.27900946140289307,True
1710807515,fk_qslstm,ema,test,1000161,16,0.9133834838867188,0.3179231882095337,0.3192758858203888,True
1710807515,fk_qslstm,ema,test,1000161,17,0.25235477089881897,0.40575140714645386,0.4029930531978607,True
1710807515,fk_qslstm,ema,test,1000161,18,0.34242352843284607,0.5300552248954773,0.5249369144439697,True
1710807515,fk_qslstm,ema,test,1000161,19,0.6202909350395203,0.796218752861023,0.7959290742874146,True
1710807515,fk_qslstm,ema,test,1000161,20,-0.17917266488075256,0.5294713973999023,0.5262568593025208,True
1710807515,fk_qslstm,ema,test,1000161,21,-0.7187026143074036,-0.007644426543265581,-0.011279106140136719,True
1710807515,fk_qslstm,ema,test,1000161,22,0.6799115538597107,0.40183138847351074,0.3986247777938843,True
1710807515,fk_qslstm,ema,test,1000161,23,-0.407012939453125,0.07725733518600464,0.0793578177690506,True
1710807515,fk_qslstm,ema,test,1000161,24,-0.26280683279037476,-0.0958782359957695,-0.09101152420043945,True
1710807515,fk_qslstm,ema,test,1000161,25,0.8322898149490356,0.42267128825187683,0.425886869430542,True
1710807515,fk_qslstm,ema,test,1000161,26,-0.17718258500099182,0.2318274825811386,0.23588469624519348,True
1710807515,fk_qslstm,ema,test,1000161,27,-0.27204567193984985,0.022234583273530006,0.027643173933029175,True
1710807515,fk_qslstm,ema,test,1000161,28,-0.16444912552833557,-0.08088181167840958,-0.07292607426643372,True
1710807515,fk_qslstm,ema,test,1000161,29,0.20018690824508667,0.05540669336915016,0.060912445187568665,True
1710807515,fk_qslstm,ema,test,1000161,30,0.15549100935459137,0.1376199573278427,0.1412724405527115,True
1710807515,fk_qslstm,ema,test,1000161,31,0.594720721244812,0.4669283926486969,0.4691168963909149,True
1710807515,fk_qslstm,ema,test,1000162,0,-0.6724613308906555,-0.4034768044948578,-0.39999693632125854,True
1710807515,fk_qslstm,ema,test,1000162,1,-0.8872583508491516,-0.8551364541053772,-0.8623808026313782,True
1710807515,fk_qslstm,ema,test,1000162,2,-0.16277435421943665,-0.7817738056182861,-0.797112762928009,True
1710807515,fk_qslstm,ema,test,1000162,3,-0.3703211843967438,-0.8476117253303528,-0.8601832985877991,True
1710807515,fk_qslstm,ema,test,1000162,4,0.4297080338001251,-0.4202645421028137,-0.42182302474975586,True
1710807515,fk_qslstm,ema,test,1000162,5,0.4217434525489807,-0.08316557109355927,-0.08287042379379272,True
1710807515,fk_qslstm,ema,test,1000162,6,0.33696064352989197,0.13564392924308777,0.13457709550857544,True
1710807515,fk_qslstm,ema,test,1000162,7,0.09989239275455475,0.16845057904720306,0.1685352325439453,True
1710807515,fk_qslstm,ema,test,1000162,8,-0.808007001876831,-0.35004371404647827,-0.34882277250289917,True
1710807515,fk_qslstm,ema,test,1000162,9,0.26664501428604126,-0.12004797160625458,-0.11953812837600708,True
1710807515,fk_qslstm,ema,test,1000162,10,0.40850400924682617,0.14906401932239532,0.147957906126976,True
1710807515,fk_qslstm,ema,test,1000162,11,-0.307813823223114,-0.06543708592653275,-0.062019288539886475,True
1710807515,fk_qslstm,ema,test,1000162,12,0.9453667402267456,0.5148703455924988,0.5139681100845337,True
1710807515,fk_qslstm,ema,test,1000162,13,0.1938338726758957,0.5281966328620911,0.5245271921157837,True
1710807515,fk_qslstm,ema,test,1000162,14,0.09060286730527878,0.476919025182724,0.47141361236572266,True
1710807515,fk_qslstm,ema,test,1000162,15,0.992779552936554,0.9772029519081116,0.9769813418388367,True
1710807515,fk_qslstm,ema,test,1000162,16,0.0010686387540772557,0.7824035286903381,0.7766330242156982,True
1710807515,fk_qslstm,ema,test,1000162,17,0.5970043540000916,0.9841254353523254,0.9836025834083557,True
1710807515,fk_qslstm,ema,test,1000162,18,-0.8956190943717957,0.24992887675762177,0.24932608008384705,True
1710807515,fk_qslstm,ema,test,1000162,19,0.6274089217185974,0.576388418674469,0.5765136480331421,True
1710807515,fk_qslstm,ema,test,1000162,20,0.14324349164962769,0.5470568537712097,0.5471433401107788,True
1710807515,fk_qslstm,ema,test,1000162,21,0.1920953392982483,0.5529026985168457,0.5518403053283691,True
1710807515,fk_qslstm,ema,test,1000162,22,-0.5378997921943665,0.11958226561546326,0.11964084208011627,True
1710807515,fk_qslstm,ema,test,1000162,23,-0.14066845178604126,0.011264745146036148,0.014953911304473877,True
1710807515,fk_qslstm,ema,test,1000162,24,-0.7835305333137512,-0.461106538772583,-0.45760804414749146,True
1710807515,fk_qslstm,ema,test,1000162,25,-0.6424971222877502,-0.7543835043907166,-0.7553728222846985,True
1710807515,fk_qslstm,ema,test,1000162,26,-0.3111225664615631,-0.7901803255081177,-0.7894945740699768,True
1710807515,fk_qslstm,ema,test,1000162,27,-0.15176035463809967,-0.7232005000114441,-0.7203691601753235,True
1710807515,fk_qslstm,ema,test,1000162,28,0.3297702968120575,-0.38069820404052734,-0.3771420121192932,True
1710807515,fk_qslstm,ema,test,1000162,29,-0.0017415558686479926,-0.3056035041809082,-0.3023416996002197,True
1710807515,fk_qslstm,ema,test,1000162,30,-0.25803008675575256,-0.39930084347724915,-0.39533764123916626,True
1710807515,fk_qslstm,ema,test,1000162,31,-0.23535338044166565,-0.4606527090072632,-0.455924928188324,True
1710807515,fk_qslstm,ema,test,1000163,0,0.09862462431192398,0.05917477607727051,0.05973634123802185,True
1710807515,fk_qslstm,ema,test,1000163,1,0.2938419580459595,0.22364500164985657,0.22061385214328766,True
1710807515,fk_qslstm,ema,test,1000163,2,-0.526258111000061,-0.1368388533592224,-0.1405976414680481,True
1710807515,fk_qslstm,ema,test,1000163,3,-0.5681442618370056,-0.4503576457500458,-0.4548819661140442,True
1710807515,fk_qslstm,ema,test,1000163,4,0.4443538784980774,-0.09367377310991287,-0.0973743200302124,True
1710807515,fk_qslstm,ema,test,1000163,5,0.346122145652771,0.1327342689037323,0.12764900922775269,True
1710807515,fk_qslstm,ema,test,1000163,6,-0.10973041504621506,0.04034915938973427,0.03858429193496704,True
1710807515,fk_qslstm,ema,test,1000163,7,0.8521196246147156,0.5435510873794556,0.5414056777954102,True
1710807515,fk_qslstm,ema,test,1000163,8,0.5738366842269897,0.7791429162025452,0.7798123359680176,True
1710807515,fk_qslstm,ema,test,1000163,9,0.5943711996078491,0.9799370765686035,0.9838019013404846,True
1710807515,fk_qslstm,ema,test,1000163,10,0.4382063150405884,1.0468734502792358,1.0513018369674683,True
1710807515,fk_qslstm,ema,test,1000163,11,-0.3407634198665619,0.633040726184845,0.6324656009674072,True
1710807515,fk_qslstm,ema,test,1000163,12,-0.01863763853907585,0.49524998664855957,0.4923279285430908,True
1710807515,fk_qslstm,ema,test,1000163,13,-0.7497084140777588,-0.05362506955862045,-0.05579689145088196,True
1710807515,fk_qslstm,ema,test,1000163,14,-0.39325299859046936,-0.27885183691978455,-0.2774246335029602,True
1710807515,fk_qslstm,ema,test,1000163,15,0.5534805059432983,0.10900682955980301,0.10962477326393127,True
1710807515,fk_qslstm,ema,test,1000163,16,0.2911040484905243,0.261867880821228,0.26095476746559143,True
1710807515,fk_qslstm,ema,test,1000163,17,-0.08773677051067352,0.15685224533081055,0.15753236413002014,True
1710807515,fk_qslstm,ema,test,1000163,18,-0.42095547914505005,-0.12709149718284607,-0.12325447797775269,True
1710807515,fk_qslstm,ema,test,1000163,19,-0.20941771566867828,-0.22732383012771606,-0.2206372618675232,True
1710807515,fk_qslstm,ema,test,1000163,20,-0.4087991416454315,-0.4271385371685028,-0.4191083312034607,True
1710807515,fk_qslstm,ema,test,1000163,21,-0.3139665424823761,-0.5300907492637634,-0.5218789577484131,True
1710807515,fk_qslstm,ema,test,1000163,22,0.0959320142865181,-0.3665134012699127,-0.3591911792755127,True
1710807515,fk_qslstm,ema,test,1000163,23,0.6113946437835693,0.07362605631351471,0.0756569504737854,True
1710807515,fk_qslstm,ema,test,1000163,24,0.8932238817214966,0.5948351621627808,0.5951458215713501,True
1710807515,fk_qslstm,ema,test,1000163,25,-0.9054303169250488,-0.0673900619149208,-0.06510362029075623,True
1710807515,fk_qslstm,ema,test,1000163,26,0.21304742991924286,0.07391640543937683,0.07115274667739868,True
1710807515,fk_qslstm,ema,test,1000163,27,-0.5319303274154663,-0.2600250840187073,-0.2588654160499573,True
1710807515,fk_qslstm,ema,test,1000163,28,-0.8229936957359314,-0.7018162608146667,-0.7057927250862122,True
1710807515,fk_qslstm,ema,test,1000163,29,0.35886847972869873,-0.34613192081451416,-0.34740060567855835,True
1710807515,fk_qslstm,ema,test,1000163,30,0.05566611513495445,-0.24350586533546448,-0.2438550591468811,True
1710807515,fk_qslstm,ema,test,1000163,31,0.6345092058181763,0.18590083718299866,0.18147537112236023,True
1710807515,fk_qslstm,ema,test,1000164,0,-0.3957473337650299,-0.23744839429855347,-0.23522740602493286,True
1710807515,fk_qslstm,ema,test,1000164,1,0.7667986154556274,0.27012044191360474,0.2609488070011139,True
1710807515,fk_qslstm,ema,test,1000164,2,0.7580568790435791,0.6709305047988892,0.6620321273803711,True
1710807515,fk_qslstm,ema,test,1000164,3,-0.8365486860275269,0.034815188497304916,0.030854135751724243,True
1710807515,fk_qslstm,ema,test,1000164,4,0.8695213794708252,0.5495650172233582,0.5444377064704895,True
1710807515,fk_qslstm,ema,test,1000164,5,0.0250248946249485,0.45466694235801697,0.4511275589466095,True
1710807515,fk_qslstm,ema,test,1000164,6,0.5047056078910828,0.6665568947792053,0.6652088761329651,True
1710807515,fk_qslstm,ema,test,1000164,7,-0.287405401468277,0.3608022928237915,0.3599514067173004,True
1710807515,fk_qslstm,ema,test,1000164,8,0.26905298233032227,0.45007362961769104,0.44870254397392273,True
1710807515,fk_qslstm,ema,test,1000164,9,-0.31460314989089966,0.17129701375961304,0.1742243468761444,True
1710807515,fk_qslstm,ema,test,1000164,10,0.18176430463790894,0.2460961937904358,0.24853816628456116,True
1710807515,fk_qslstm,ema,test,1000164,11,0.2871263921260834,0.3691527843475342,0.37151262164115906,True
1710807515,fk_qslstm,ema,test,1000164,12,0.8096705079078674,0.7811245322227478,0.7887327671051025,True
1710807515,fk_qslstm,ema,test,1000164,13,-0.513266921043396,0.31693947315216064,0.31959545612335205,True
1710807515,fk_qslstm,ema,test,1000164,14,0.7709083557128906,0.7160965800285339,0.7210345268249512,True
1710807515,fk_qslstm,ema,test,1000164,15,-0.4074693024158478,0.32839566469192505,0.33074885606765747,True
1710807515,fk_qslstm,ema,test,1000164,16,-0.12914025783538818,0.18523238599300385,0.1877848207950592,True
1710807515,fk_qslstm,ema,test,1000164,17,-0.44316259026527405,-0.117711640894413,-0.11118841171264648,True
1710807515,fk_qslstm,ema,test,1000164,18,0.08276229351758957,-0.04451194033026695,-0.03810375928878784,True
1710807515,fk_qslstm,ema,test,1000164,19,0.2535594701766968,0.11652612686157227,0.12055592238903046,True
1710807515,fk_qslstm,ema,test,1000164,20,0.7852088212966919,0.564346194267273,0.5685800313949585,True
1710807515,fk_qslstm,ema,test,1000164,21,-0.6315600275993347,0.07254093140363693,0.07517334818840027,True
1710807515,fk_qslstm,ema,test,1000164,22,-0.030820976942777634,0.03954015672206879,0.041143208742141724,True
1710807515,fk_qslstm,ema,test,1000164,23,0.7605023384094238,0.48793354630470276,0.4901909828186035,True
1710807515,fk_qslstm,ema,test,1000164,24,-0.9033169150352478,-0.151643306016922,-0.14531093835830688,True
1710807515,fk_qslstm,ema,test,1000164,25,-0.9026057124137878,-0.6628780961036682,-0.6627827286720276,True
1710807515,fk_qslstm,ema,test,1000164,26,0.5009641051292419,-0.2297239899635315,-0.2257203459739685,True
1710807515,fk_qslstm,ema,test,1000164,27,-0.9700620174407959,-0.7658163905143738,-0.7621057629585266,True
1710807515,fk_qslstm,ema,test,1000164,28,0.7489169239997864,-0.1633029729127884,-0.1562265157699585,True
1710807515,fk_qslstm,ema,test,1000164,29,0.9944925308227539,0.46605315804481506,0.46570783853530884,True
1710807515,fk_qslstm,ema,test,1000164,30,0.03787649795413017,0.3955684006214142,0.3920092284679413,True
1710807515,fk_qslstm,ema,test,1000164,31,-0.5816272497177124,-0.032521627843379974,-0.03516647219657898,True
1710807515,fk_qslstm,ema,test,1000165,0,0.7658405303955078,0.45950430631637573,0.45519256591796875,True
1710807515,fk_qslstm,ema,test,1000165,1,-0.2431461364030838,0.2217157632112503,0.2324199676513672,True
1710807515,fk_qslstm,ema,test,1000165,2,0.20284736156463623,0.299081027507782,0.2986912429332733,True
1710807515,fk_qslstm,ema,test,1000165,3,0.5153392553329468,0.5484683513641357,0.5470452308654785,True
1710807515,fk_qslstm,ema,test,1000165,4,0.2252710610628128,0.5739373564720154,0.5710703134536743,True
1710807515,fk_qslstm,ema,test,1000165,5,-0.27300572395324707,0.2953464388847351,0.29296234250068665,True
1710807515,fk_qslstm,ema,test,1000165,6,0.27962079644203186,0.4040496349334717,0.40117448568344116,True
1710807515,fk_qslstm,ema,test,1000165,7,-0.45922309160232544,0.04770585522055626,0.04922062158584595,True
1710807515,fk_qslstm,ema,test,1000165,8,-0.5068542957305908,-0.2659479081630707,-0.2623739242553711,True
1710807515,fk_qslstm,ema,test,1000165,9,-0.5725268125534058,-0.5562744140625,-0.5535630583763123,True
1710807515,fk_qslstm,ema,test,1000165,10,-0.5740308165550232,-0.789438009262085,-0.7895010113716125,True
1710807515,fk_qslstm,ema,test,1000165,11,-0.3392229676246643,-0.8350841999053955,-0.8348788619041443,True
1710807515,fk_qslstm,ema,test,1000165,12,0.5998305082321167,-0.30816903710365295,-0.30323249101638794,True
1710807515,fk_qslstm,ema,test,1000165,13,0.860322117805481,0.26965802907943726,0.2688221037387848,True
1710807515,fk_qslstm,ema,test,1000165,14,-0.21574214100837708,0.08628114312887192,0.08759456872940063,True
1710807515,fk_qslstm,ema,test,1000165,15,0.161948561668396,0.16619405150413513,0.16432669758796692,True
1710807515,fk_qslstm,ema,test,1000165,16,-0.8022153377532959,-0.3483739495277405,-0.3489803671836853,True
1710807515,fk_qslstm,ema,test,1000165,17,0.6781504154205322,0.12819108366966248,0.1257258802652359,True
1710807515,fk_qslstm,ema,test,1000165,18,0.6654804944992065,0.501841127872467,0.5009442567825317,True
1710807515,fk_qslstm,ema,test,1000165,19,0.40654832124710083,0.6454018950462341,0.6439630389213562,True
1710807515,fk_qslstm,ema,test,1000165,20,0.8683915138244629,1.0373563766479492,1.0413786172866821,True
1710807515,fk_qslstm,ema,test,1000165,21,-0.11138248443603516,0.763055682182312,0.7622305154800415,True
1710807515,fk_qslstm,ema,test,1000165,22,0.7621386647224426,1.0677276849746704,1.0730171203613281,True
1710807515,fk_qslstm,ema,test,1000165,23,-0.3420253396034241,0.6489669680595398,0.6481354236602783,True
1710807515,fk_qslstm,ema,test,1000165,24,0.9184339046478271,1.070233941078186,1.0751807689666748,True
1710807515,fk_qslstm,ema,test,1000165,25,-0.2557694613933563,0.7027254700660706,0.7003672122955322,True
1710807515,fk_qslstm,ema,test,1000165,26,0.47697946429252625,0.8483680486679077,0.8481673002243042,True
1710807515,fk_qslstm,ema,test,1000165,27,-0.02857027016580105,0.6615523099899292,0.6575103402137756,True
1710807515,fk_qslstm,ema,test,1000165,28,-0.1687363088130951,0.4280000329017639,0.4221227169036865,True
1710807515,fk_qslstm,ema,test,1000165,29,0.9866083860397339,0.9343650341033936,0.9346679449081421,True
1710807515,fk_qslstm,ema,test,1000165,30,0.7645851969718933,1.2062431573867798,1.2050881385803223,True
1710807515,fk_qslstm,ema,test,1000165,31,-0.058821383863687515,0.9297016859054565,0.9287735819816589,True
1710807515,fk_qslstm,ema,test,1000166,0,-0.27285128831863403,-0.16371077299118042,-0.16163724660873413,True
1710807515,fk_qslstm,ema,test,1000166,1,0.042542919516563416,-0.10544287413358688,-0.10755151510238647,True
1710807515,fk_qslstm,ema,test,1000166,2,-0.14216884970664978,-0.16965560615062714,-0.17233633995056152,True
1710807515,fk_qslstm,ema,test,1000166,3,-0.4849780201911926,-0.4267112910747528,-0.427582323551178,True
1710807515,fk_qslstm,ema,test,1000166,4,-0.29145652055740356,-0.5162429213523865,-0.5145052075386047,True
1710807515,fk_qslstm,ema,test,1000166,5,-0.6369094252586365,-0.7951399683952332,-0.796772301197052,True
1710807515,fk_qslstm,ema,test,1000166,6,0.20381702482700348,-0.5138217806816101,-0.5133196711540222,True
1710807515,fk_qslstm,ema,test,1000166,7,0.7613834738731384,0.04577264189720154,0.04456973075866699,True
1710807515,fk_qslstm,ema,test,1000166,8,-0.977416455745697,-0.549831748008728,-0.5470015406608582,True
1710807515,fk_qslstm,ema,test,1000166,9,0.8829442858695984,0.0899011641740799,0.08945503830909729,True
1710807515,fk_qslstm,ema,test,1000166,10,-0.9311564564704895,-0.48677292466163635,-0.4827442765235901,True
1710807515,fk_qslstm,ema,test,1000166,11,-0.9160676002502441,-0.9390588998794556,-0.9420742392539978,True
1710807515,fk_qslstm,ema,test,1000166,12,-0.0788443461060524,-0.7985537052154541,-0.7997069954872131,True
1710807515,fk_qslstm,ema,test,1000166,13,0.5245769619941711,-0.32409679889678955,-0.32046884298324585,True
1710807515,fk_qslstm,ema,test,1000166,14,-0.13886845111846924,-0.34259849786758423,-0.33672547340393066,True
1710807515,fk_qslstm,ema,test,1000166,15,0.8009094595909119,0.20646686851978302,0.20796898007392883,True
1710807515,fk_qslstm,ema,test,1000166,16,0.5195759534835815,0.4769190549850464,0.4771549701690674,True
1710807515,fk_qslstm,ema,test,1000166,17,-0.17332537472248077,0.27754002809524536,0.27788546681404114,True
1710807515,fk_qslstm,ema,test,1000166,18,0.3996524512767792,0.4618234932422638,0.46047455072402954,True
1710807515,fk_qslstm,ema,test,1000166,19,-0.5636690258979797,0.03125736862421036,0.032348424196243286,True
1710807515,fk_qslstm,ema,test,1000166,20,0.2401420623064041,0.169091135263443,0.16809692978858948,True
1710807515,fk_qslstm,ema,test,1000166,21,-0.4085678160190582,-0.10986778885126114,-0.10520064830780029,True
1710807515,fk_qslstm,ema,test,1000166,22,0.2537831664085388,0.06437567621469498,0.06633840501308441,True
1710807515,fk_qslstm,ema,test,1000166,23,-0.24008531868457794,-0.09255065023899078,-0.08614116907119751,True
1710807515,fk_qslstm,ema,test,1000166,24,0.5120468139648438,0.23318757116794586,0.2352081537246704,True
1710807515,fk_qslstm,ema,test,1000166,25,-0.4918990433216095,-0.10858935862779617,-0.10334312915802002,True
1710807515,fk_qslstm,ema,test,1000166,26,-0.6396876573562622,-0.47068408131599426,-0.4687855839729309,True
1710807515,fk_qslstm,ema,test,1000166,27,-0.3765542209148407,-0.6024798154830933,-0.6000082492828369,True
1710807515,fk_qslstm,ema,test,1000166,28,-0.3743667006492615,-0.7066038846969604,-0.7037619948387146,True
1710807515,fk_qslstm,ema,test,1000166,29,0.5647884607315063,-0.22641001641750336,-0.22212260961532593,True
1710807515,fk_qslstm,ema,test,1000166,30,-0.48901286721229553,-0.47453573346138,-0.4706541895866394,True
1710807515,fk_qslstm,ema,test,1000166,31,-0.8354399800300598,-0.8808925747871399,-0.8842452168464661,True
1710807515,fk_qslstm,ema,test,1000167,0,-0.5497722029685974,-0.3298633098602295,-0.32738053798675537,True
1710807515,fk_qslstm,ema,test,1000167,1,0.7474675178527832,0.18458984792232513,0.17570236325263977,True
1710807515,fk_qslstm,ema,test,1000167,2,-0.23028472065925598,0.009501045569777489,0.006696373224258423,True
1710807515,fk_qslstm,ema,test,1000167,3,-0.9114965200424194,-0.5392971038818359,-0.5430276989936829,True
1710807515,fk_qslstm,ema,test,1000167,4,0.632689356803894,-0.05182406306266785,-0.05195704102516174,True
1710807515,fk_qslstm,ema,test,1000167,5,0.2453588843345642,0.10575608164072037,0.10654406249523163,True
1710807515,fk_qslstm,ema,test,1000167,6,0.34922555088996887,0.29414018988609314,0.29258668422698975,True
1710807515,fk_qslstm,ema,test,1000167,7,0.49940550327301025,0.5349554419517517,0.5340933799743652,True
1710807515,fk_qslstm,ema,test,1000167,8,0.5980558395385742,0.786797821521759,0.7901175022125244,True
1710807515,fk_qslstm,ema,test,1000167,9,0.8020216822624207,1.1106512546539307,1.117393970489502,True
1710807515,fk_qslstm,ema,test,1000167,10,0.8188458681106567,1.3798285722732544,1.3731834888458252,True
1710807515,fk_qslstm,ema,test,1000167,11,0.5794854760169983,1.4515540599822998,1.4359605312347412,True
1710807515,fk_qslstm,ema,test,1000167,12,-0.12983323633670807,1.0833433866500854,1.091589093208313,True
1710807515,fk_qslstm,ema,test,1000167,13,-0.620596706867218,0.49431663751602173,0.49906304478645325,True
1710807515,fk_qslstm,ema,test,1000167,14,0.2941811680793762,0.5719620585441589,0.5708266496658325,True
1710807515,fk_qslstm,ema,test,1000167,15,-0.7130560278892517,0.029736019670963287,0.02423873543739319,True
1710807515,fk_qslstm,ema,test,1000167,16,-0.6082486510276794,-0.341160386800766,-0.34805619716644287,True
1710807515,fk_qslstm,ema,test,1000167,17,0.9697956442832947,0.3089491128921509,0.29771897196769714,True
1710807515,fk_qslstm,ema,test,1000167,18,0.26744967699050903,0.4076291024684906,0.395328164100647,True
1710807515,fk_qslstm,ema,test,1000167,19,0.6479053497314453,0.7148464918136597,0.7064877152442932,True
1710807515,fk_qslstm,ema,test,1000167,20,-0.4887910783290863,0.2786025404930115,0.26873019337654114,True
1710807515,fk_qslstm,ema,test,1000167,21,0.16151736676692963,0.3197924494743347,0.30918076634407043,True
1710807515,fk_qslstm,ema,test,1000167,22,0.35587137937545776,0.4693567752838135,0.4609902501106262,True
1710807515,fk_qslstm,ema,test,1000167,23,0.8509501218795776,0.8860554695129395,0.8858068585395813,True
1710807515,fk_qslstm,ema,test,1000167,24,-0.9869656562805176,0.11666501313447952,0.12299045920372009,True
1710807515,fk_qslstm,ema,test,1000167,25,-0.659809947013855,-0.3025539517402649,-0.2985817790031433,True
1710807515,fk_qslstm,ema,test,1000167,26,-0.0018261151853948832,-0.24313883483409882,-0.23618966341018677,True
1710807515,fk_qslstm,ema,test,1000167,27,-0.10729339718818665,-0.2588871121406555,-0.24904602766036987,True
1710807515,fk_qslstm,ema,test,1000167,28,0.0354357473552227,-0.18584823608398438,-0.17705702781677246,True
1710807515,fk_qslstm,ema,test,1000167,29,-0.3232255280017853,-0.34261390566825867,-0.33294612169265747,True
1710807515,fk_qslstm,ema,test,1000167,30,-0.15058362483978271,-0.36444130539894104,-0.3549550771713257,True
1710807515,fk_qslstm,ema,test,1000167,31,-0.04257061704993248,-0.31709542870521545,-0.3082966208457947,True
1710807515,fk_qslstm,ema,test,1000168,0,0.06071282923221588,0.03642769902944565,0.037153542041778564,True
1710807515,fk_qslstm,ema,test,1000168,1,-0.35190656781196594,-0.18200178444385529,-0.17557132244110107,True
1710807515,fk_qslstm,ema,test,1000168,2,-0.9926630258560181,-0.741199254989624,-0.7427192330360413,True
1710807515,fk_qslstm,ema,test,1000168,3,-0.3448593318462372,-0.7998749613761902,-0.8028550744056702,True
1710807515,fk_qslstm,ema,test,1000168,4,0.569719672203064,-0.29806819558143616,-0.29360997676849365,True
1710807515,fk_qslstm,ema,test,1000168,5,-0.8352963328361511,-0.7396323680877686,-0.7392907738685608,True
1710807515,fk_qslstm,ema,test,1000168,6,0.7146425843238831,-0.16292034089565277,-0.15933749079704285,True
1710807515,fk_qslstm,ema,test,1000168,7,-0.5010113716125488,-0.430943101644516,-0.42529475688934326,True
1710807515,fk_qslstm,ema,test,1000168,8,0.6781567335128784,0.06213954836130142,0.0641975998878479,True
1710807515,fk_qslstm,ema,test,1000168,9,0.328770250082016,0.24697378277778625,0.24668589234352112,True
1710807515,fk_qslstm,ema,test,1000168,10,0.32771384716033936,0.39420732855796814,0.3913186192512512,True
1710807515,fk_qslstm,ema,test,1000168,11,0.2834172248840332,0.4854162037372589,0.4819111227989197,True
1710807515,fk_qslstm,ema,test,1000168,12,-0.4652055501937866,0.10920961946249008,0.10822029411792755,True
1710807515,fk_qslstm,ema,test,1000168,13,-0.43334996700286865,-0.1726422905921936,-0.1702793836593628,True
1710807515,fk_qslstm,ema,test,1000168,14,-0.37930288910865784,-0.3656955659389496,-0.3598492741584778,True
1710807515,fk_qslstm,ema,test,1000168,15,0.7505679130554199,0.15778428316116333,0.16167765855789185,True
1710807515,fk_qslstm,ema,test,1000168,16,0.10890594869852066,0.19157099723815918,0.19464126229286194,True
1710807515,fk_qslstm,ema,test,1000168,17,0.8134059309959412,0.64130038022995,0.6448280811309814,True
1710807515,fk_qslstm,ema,test,1000168,18,0.3595438599586487,0.7287666201591492,0.7306291460990906,True
1710807515,fk_qslstm,ema,test,1000168,19,-0.3888549208641052,0.34970033168792725,0.34777092933654785,True
1710807515,fk_qslstm,ema,test,1000168,20,0.14197342097759247,0.36494433879852295,0.36187833547592163,True
1710807515,fk_qslstm,ema,test,1000168,21,-0.702947735786438,-0.12981317937374115,-0.129946768283844,True
1710807515,fk_qslstm,ema,test,1000168,22,-0.5254818201065063,-0.41913965344429016,-0.41860657930374146,True
1710807515,fk_qslstm,ema,test,1000168,23,0.3950798213481903,-0.09826382994651794,-0.09744900465011597,True
1710807515,fk_qslstm,ema,test,1000168,24,0.2549882233142853,0.07438187301158905,0.07348917424678802,True
1710807515,fk_qslstm,ema,test,1000168,25,0.3898375630378723,0.29340803623199463,0.28938382863998413,True
1710807515,fk_qslstm,ema,test,1000168,26,-0.788810133934021,-0.23855966329574585,-0.2402820587158203,True
1710807515,fk_qslstm,ema,test,1000168,27,-0.4945402443408966,-0.4875718653202057,-0.48997241258621216,True
1710807515,fk_qslstm,ema,test,1000168,28,-0.9339924454689026,-0.950452983379364,-0.9540001749992371,True
1710807515,fk_qslstm,ema,test,1000168,29,-0.0031289553735405207,-0.7622397541999817,-0.7637081742286682,True
1710807515,fk_qslstm,ema,test,1000168,30,-0.3077588975429535,-0.794447124004364,-0.7961781620979309,True
1710807515,fk_qslstm,ema,test,1000168,31,-0.6404531002044678,-1.019829511642456,-1.025010347366333,True
1710807515,fk_qslstm,ema,test,1000169,0,0.8375685811042786,0.5025411248207092,0.49556779861450195,True
1710807515,fk_qslstm,ema,test,1000169,1,0.5731441974639893,0.7459194660186768,0.7515866756439209,True
1710807515,fk_qslstm,ema,test,1000169,2,-0.20288458466529846,0.47500482201576233,0.473171591758728,True
1710807515,fk_qslstm,ema,test,1000169,3,0.06603000313043594,0.41962185502052307,0.4141739308834076,True
1710807515,fk_qslstm,ema,test,1000169,4,0.3763018548488617,0.5614786148071289,0.5566720366477966,True
1710807515,fk_qslstm,ema,test,1000169,5,-0.23190902173519135,0.3100374639034271,0.3067254424095154,True
1710807515,fk_qslstm,ema,test,1000169,6,0.9869571924209595,0.8402042984962463,0.840478241443634,True
1710807515,fk_qslstm,ema,test,1000169,7,0.19434453547000885,0.7887701392173767,0.7850768566131592,True
1710807515,fk_qslstm,ema,test,1000169,8,0.8965286612510681,1.1689332723617554,1.1679655313491821,True
1710807515,fk_qslstm,ema,test,1000169,9,0.2317470908164978,1.0741949081420898,1.0727299451828003,True
1710807515,fk_qslstm,ema,test,1000169,10,-0.8260123133659363,0.36374855041503906,0.36019444465637207,True
1710807515,fk_qslstm,ema,test,1000169,11,0.6122218370437622,0.6583319306373596,0.6573066711425781,True
1710807515,fk_qslstm,ema,test,1000169,12,0.1264386624097824,0.6025287508964539,0.6000679135322571,True
1710807515,fk_qslstm,ema,test,1000169,13,-0.5401740074157715,0.15791861712932587,0.15388897061347961,True
1710807515,fk_qslstm,ema,test,1000169,14,0.17144685983657837,0.2292030155658722,0.22471323609352112,True
1710807515,fk_qslstm,ema,test,1000169,15,0.3829721212387085,0.41314566135406494,0.40974119305610657,True
1710807515,fk_qslstm,ema,test,1000169,16,0.07225992530584335,0.3738724887371063,0.3713925778865814,True
1710807515,fk_qslstm,ema,test,1000169,17,-0.40183159708976746,0.057999033480882645,0.05926680564880371,True
1710807515,fk_qslstm,ema,test,1000169,18,-0.26864320039749146,-0.11478668451309204,-0.10926547646522522,True
1710807515,fk_qslstm,ema,test,1000169,19,0.7985118627548218,0.3872777819633484,0.3914100229740143,True
1710807515,fk_qslstm,ema,test,1000169,20,0.03226369991898537,0.32918044924736023,0.33256399631500244,True
1710807515,fk_qslstm,ema,test,1000169,21,-0.1577645093202591,0.168685644865036,0.17277204990386963,True
1710807515,fk_qslstm,ema,test,1000169,22,-0.5899823307991028,-0.2190409004688263,-0.2138323187828064,True
1710807515,fk_qslstm,ema,test,1000169,23,-0.7142335176467896,-0.6037728190422058,-0.6027821898460388,True
1710807515,fk_qslstm,ema,test,1000169,24,0.963485836982727,0.09507325291633606,0.09388205409049988,True
1710807515,fk_qslstm,ema,test,1000169,25,0.7263419032096863,0.5118637084960938,0.5108450055122375,True
1710807515,fk_qslstm,ema,test,1000169,26,-0.29238495230674744,0.23406000435352325,0.23285114765167236,True
1710807515,fk_qslstm,ema,test,1000169,27,0.5708548426628113,0.5297608971595764,0.527524471282959,True
1710807515,fk_qslstm,ema,test,1000169,28,0.010610340163111687,0.43017491698265076,0.4281062185764313,True
1710807515,fk_qslstm,ema,test,1000169,29,0.3823688328266144,0.5735612511634827,0.5715782046318054,True
1710807515,fk_qslstm,ema,test,1000169,30,0.26410746574401855,0.6173134446144104,0.6158049702644348,True
1710807515,fk_qslstm,ema,test,1000169,31,0.7426332235336304,0.9394307136535645,0.9449036121368408,True
1710807515,fk_qslstm,ema,test,1000170,0,0.07744187861680984,0.04646512493491173,0.04711657762527466,True
1710807515,fk_qslstm,ema,test,1000170,1,-0.9046887755393982,-0.5056411623954773,-0.4986932873725891,True
1710807515,fk_qslstm,ema,test,1000170,2,-0.8359429240226746,-0.9060786962509155,-0.9154431223869324,True
1710807515,fk_qslstm,ema,test,1000170,3,0.6522065997123718,-0.3335389792919159,-0.3336206078529358,True
1710807515,fk_qslstm,ema,test,1000170,4,-0.9247109293937683,-0.8216577172279358,-0.8240131735801697,True
1710807515,fk_qslstm,ema,test,1000170,5,0.17499351501464844,-0.5523300766944885,-0.5536524057388306,True
1710807515,fk_qslstm,ema,test,1000170,6,0.1427561491727829,-0.3562103807926178,-0.35522371530532837,True
1710807515,fk_qslstm,ema,test,1000170,7,-0.9253761172294617,-0.8401939868927002,-0.8427792191505432,True
1710807515,fk_qslstm,ema,test,1000170,8,-0.9208474159240723,-1.2246636152267456,-1.2230751514434814,True
1710807515,fk_qslstm,ema,test,1000170,9,-0.12750892341136932,-1.0562362670898438,-1.0598461627960205,True
1710807515,fk_qslstm,ema,test,1000170,10,0.004462012089788914,-0.8423117995262146,-0.848040759563446,True
1710807515,fk_qslstm,ema,test,1000170,11,-0.2367357462644577,-0.815890908241272,-0.8207266926765442,True
1710807515,fk_qslstm,ema,test,1000170,12,-0.4844159483909607,-0.943362295627594,-0.9490860104560852,True
1710807515,fk_qslstm,ema,test,1000170,13,0.713926374912262,-0.3263339698314667,-0.3205353617668152,True
1710807515,fk_qslstm,ema,test,1000170,14,0.7055341601371765,0.16225330531597137,0.16562923789024353,True
1710807515,fk_qslstm,ema,test,1000170,15,-0.9674395322799683,-0.4506610631942749,-0.44274550676345825,True
1710807515,fk_qslstm,ema,test,1000170,16,-0.07233184576034546,-0.4039279818534851,-0.395718514919281,True
1710807515,fk_qslstm,ema,test,1000170,17,-0.37793052196502686,-0.5499007105827332,-0.5402804017066956,True
1710807515,fk_qslstm,ema,test,1000170,18,0.8917086124420166,0.0951046347618103,0.10171961784362793,True
1710807515,fk_qslstm,ema,test,1000170,19,0.03026159666478634,0.09424066543579102,0.10071596503257751,True
1710807515,fk_qslstm,ema,test,1000170,20,-0.5513041019439697,-0.2553899586200714,-0.249559223651886,True
1710807515,fk_qslstm,ema,test,1000170,21,0.6428449153900146,0.18139497935771942,0.1829986274242401,True
1710807515,fk_qslstm,ema,test,1000170,22,-0.8151064515113831,-0.3439478576183319,-0.3401339650154114,True
1710807515,fk_qslstm,ema,test,1000170,23,0.4149059057235718,-0.02621474862098694,-0.0269336998462677,True
1710807515,fk_qslstm,ema,test,1000170,24,-0.5961716771125793,-0.37867480516433716,-0.3773084282875061,True
1710807515,fk_qslstm,ema,test,1000170,25,-0.4986315071582794,-0.602118730545044,-0.6032191514968872,True
1710807515,fk_qslstm,ema,test,1000170,26,-0.6197555661201477,-0.8535483479499817,-0.8578787446022034,True
1710807515,fk_qslstm,ema,test,1000170,27,-0.21531787514686584,-0.8120293617248535,-0.815122663974762,True
1710807515,fk_qslstm,ema,test,1000170,28,-0.8699962496757507,-1.1716212034225464,-1.1726775169372559,True
1710807515,fk_qslstm,ema,test,1000170,29,0.3761923909187317,-0.7115815877914429,-0.7135658860206604,True
1710807515,fk_qslstm,ema,test,1000170,30,-0.17574623227119446,-0.6747130155563354,-0.6784186959266663,True
1710807515,fk_qslstm,ema,test,1000170,31,-0.6410701274871826,-0.9244124889373779,-0.9327946305274963,True
1710807515,fk_qslstm,ema,test,1000171,0,-0.8445765972137451,-0.5067459344863892,-0.498762845993042,True
1710807515,fk_qslstm,ema,test,1000171,1,0.1360483020544052,-0.3237677812576294,-0.32855838537216187,True
1710807515,fk_qslstm,ema,test,1000171,2,-0.18646037578582764,-0.37089046835899353,-0.3730538487434387,True
1710807515,fk_qslstm,ema,test,1000171,3,0.048779599368572235,-0.2674446105957031,-0.2658084034919739,True
1710807515,fk_qslstm,ema,test,1000171,4,-0.41234132647514343,-0.46136048436164856,-0.45668965578079224,True
1710807515,fk_qslstm,ema,test,1000171,5,-0.7802230715751648,-0.8372222185134888,-0.8384585976600647,True
1710807515,fk_qslstm,ema,test,1000171,6,-0.16361600160598755,-0.7679473757743835,-0.7675312161445618,True
1710807515,fk_qslstm,ema,test,1000171,7,0.9642582535743713,-0.0358029305934906,-0.034368425607681274,True
1710807515,fk_qslstm,ema,test,1000171,8,0.5934022665023804,0.32739901542663574,0.3258327543735504,True
1710807515,fk_qslstm,ema,test,1000171,9,-0.004556282889097929,0.25918543338775635,0.25766873359680176,True
1710807515,fk_qslstm,ema,test,1000171,10,-0.3665729761123657,-0.012595429085195065,-0.010729968547821045,True
1710807515,fk_qslstm,ema,test,1000171,11,-0.610649585723877,-0.3764660954475403,-0.37460654973983765,True
1710807515,fk_qslstm,ema,test,1000171,12,0.26481902599334717,-0.1422814577817917,-0.14112555980682373,True
1710807515,fk_qslstm,ema,test,1000171,13,0.1935618370771408,0.002311933087185025,0.0023491978645324707,True
1710807515,fk_qslstm,ema,test,1000171,14,0.2518202066421509,0.15294167399406433,0.15007317066192627,True
1710807515,fk_qslstm,ema,test,1000171,15,0.018876152113080025,0.13367903232574463,0.13178978860378265,True
1710807515,fk_qslstm,ema,test,1000171,16,0.9853811264038086,0.6981719136238098,0.6959301233291626,True
1710807515,fk_qslstm,ema,test,1000171,17,-0.7613537311553955,0.10172528773546219,0.09648576378822327,True
1710807515,fk_qslstm,ema,test,1000171,18,0.8837790489196777,0.6116476655006409,0.6048722267150879,True
1710807515,fk_qslstm,ema,test,1000171,19,0.19516471028327942,0.6064169406890869,0.5988092422485352,True
1710807515,fk_qslstm,ema,test,1000171,20,-0.36831995844841003,0.26414158940315247,0.25641512870788574,True
1710807515,fk_qslstm,ema,test,1000171,21,0.362030029296875,0.428531289100647,0.4206830859184265,True
1710807515,fk_qslstm,ema,test,1000171,22,-0.8633636832237244,-0.175193190574646,-0.17764389514923096,True
1710807515,fk_qslstm,ema,test,1000171,23,-0.7813583016395569,-0.608969509601593,-0.6154369711875916,True
1710807515,fk_qslstm,ema,test,1000171,24,0.9222275018692017,0.0661608874797821,0.06222344934940338,True
1710807515,fk_qslstm,ema,test,1000171,25,0.8463048338890076,0.5607116222381592,0.5582210421562195,True
1710807515,fk_qslstm,ema,test,1000171,26,-0.4909449815750122,0.15400230884552002,0.15110242366790771,True
1710807515,fk_qslstm,ema,test,1000171,27,0.8251804113388062,0.6183100938796997,0.6154834032058716,True
1710807515,fk_qslstm,ema,test,1000171,28,0.5118979811668396,0.8017868399620056,0.8018648624420166,True
1710807515,fk_qslstm,ema,test,1000171,29,0.7198842763900757,1.0733600854873657,1.0775513648986816,True
1710807515,fk_qslstm,ema,test,1000171,30,0.3558550775051117,1.0722010135650635,1.0760743618011475,True
1710807515,fk_qslstm,ema,test,1000171,31,-0.589888870716095,0.5038275122642517,0.5018134117126465,True
1710807515,fk_qslstm,ema,test,1000172,0,-0.3277198374271393,-0.19663190841674805,-0.194472074508667,True
1710807515,fk_qslstm,ema,test,1000172,1,-0.2761928141117096,-0.3230212330818176,-0.32242006063461304,True
1710807515,fk_qslstm,ema,test,1000172,2,-0.7640670537948608,-0.7168571949005127,-0.7269380688667297,True
1710807515,fk_qslstm,ema,test,1000172,3,-0.6794918179512024,-0.9811808466911316,-0.9954225420951843,True
1710807515,fk_qslstm,ema,test,1000172,4,-0.18275712430477142,-0.8945989608764648,-0.9059699177742004,True
1710807515,fk_qslstm,ema,test,1000172,5,0.13679036498069763,-0.6336049437522888,-0.639374315738678,True
1710807515,fk_qslstm,ema,test,1000172,6,-0.5083616375923157,-0.8119009137153625,-0.8190158009529114,True
1710807515,fk_qslstm,ema,test,1000172,7,-0.5759571194648743,-0.9950950145721436,-1.0042414665222168,True
1710807515,fk_qslstm,ema,test,1000172,8,-0.9791263341903687,-1.383551836013794,-1.3725416660308838,True
1710807515,fk_qslstm,ema,test,1000172,9,0.17158040404319763,-1.0038931369781494,-1.0067472457885742,True
1710807515,fk_qslstm,ema,test,1000172,10,-0.9106673002243042,-1.3495149612426758,-1.347442865371704,True
1710807515,fk_qslstm,ema,test,1000172,11,-0.13571572303771973,-1.1610413789749146,-1.1708362102508545,True
1710807515,fk_qslstm,ema,test,1000172,12,0.9770011305809021,-0.3426324129104614,-0.34635406732559204,True
1710807515,fk_qslstm,ema,test,1000172,13,-0.8004039525985718,-0.7543483376502991,-0.7621410489082336,True
1710807515,fk_qslstm,ema,test,1000172,14,-0.41335463523864746,-0.8514914512634277,-0.8607389330863953,True
1710807515,fk_qslstm,ema,test,1000172,15,0.9111553430557251,-0.1344999223947525,-0.13170701265335083,True
1710807515,fk_qslstm,ema,test,1000172,16,-0.35969504714012146,-0.32341694831848145,-0.31450653076171875,True
1710807515,fk_qslstm,ema,test,1000172,17,0.06808425486087799,-0.21788302063941956,-0.20987582206726074,True
1710807515,fk_qslstm,ema,test,1000172,18,0.44237375259399414,0.09111784398555756,0.09551757574081421,True
1710807515,fk_qslstm,ema,test,1000172,19,-0.7284314036369324,-0.3641645610332489,-0.3596706986427307,True
1710807515,fk_qslstm,ema,test,1000172,20,-0.5420662760734558,-0.6165714263916016,-0.6159751415252686,True
1710807515,fk_qslstm,ema,test,1000172,21,0.670010507106781,-0.09125082939863205,-0.08821189403533936,True
1710807515,fk_qslstm,ema,test,1000172,22,-0.6325371861457825,-0.45252296328544617,-0.44926005601882935,True
1710807515,fk_qslstm,ema,test,1000172,23,0.7630620002746582,0.09581881761550903,0.09536300599575043,True
1710807515,fk_qslstm,ema,test,1000172,24,-0.6484534740447998,-0.31241703033447266,-0.3104040026664734,True
1710807515,fk_qslstm,ema,test,1000172,25,-0.09070152789354324,-0.30435454845428467,-0.3028627634048462,True
1710807515,fk_qslstm,ema,test,1000172,26,-0.44590091705322266,-0.5110241770744324,-0.5087154507637024,True
1710807515,fk_qslstm,ema,test,1000172,27,-0.579592764377594,-0.7565749883651733,-0.7582221627235413,True
1710807515,fk_qslstm,ema,test,1000172,28,0.9141054749488831,-0.056796710938215256,-0.05697047710418701,True
1710807515,fk_qslstm,ema,test,1000172,29,-0.4631391763687134,-0.3233208656311035,-0.3207581639289856,True
1710807515,fk_qslstm,ema,test,1000172,30,-0.18816319108009338,-0.3715546131134033,-0.3696882128715515,True
1710807515,fk_qslstm,ema,test,1000172,31,0.6382772922515869,0.08572269231081009,0.08451332151889801,True
1710807515,fk_qslstm,ema,test,1000173,0,-0.017738305032253265,-0.010642983950674534,-0.009543359279632568,True
1710807515,fk_qslstm,ema,test,1000173,1,-0.07283560931682587,-0.05221575126051903,-0.04963383078575134,True
1710807515,fk_qslstm,ema,test,1000173,2,-0.616188645362854,-0.41148579120635986,-0.4148755669593811,True
1710807515,fk_qslstm,ema,test,1000173,3,0.1116843894124031,-0.2621780037879944,-0.2647591233253479,True
1710807515,fk_qslstm,ema,test,1000173,4,0.9329163432121277,0.35000738501548767,0.3436439335346222,True
1710807515,fk_qslstm,ema,test,1000173,5,-0.08513141423463821,0.22892706096172333,0.2245597094297409,True
1710807515,fk_qslstm,ema,test,1000173,6,-0.8829987645149231,-0.3466576039791107,-0.3495977520942688,True
1710807515,fk_qslstm,ema,test,1000173,7,0.42858830094337463,-0.020173106342554092,-0.02426016330718994,True
1710807515,fk_qslstm,ema,test,1000173,8,-0.7619107961654663,-0.4732849597930908,-0.4759012460708618,True
1710807515,fk_qslstm,ema,test,1000173,9,0.4260474145412445,-0.12299952656030655,-0.1269109547138214,True
1710807515,fk_qslstm,ema,test,1000173,10,0.58808434009552,0.2544509768486023,0.24895620346069336,True
1710807515,fk_qslstm,ema,test,1000173,11,-0.11916325986385345,0.13206283748149872,0.12964260578155518,True
1710807515,fk_qslstm,ema,test,1000173,12,0.9917690753936768,0.7007116675376892,0.6971640586853027,True
1710807515,fk_qslstm,ema,test,1000173,13,-0.08687511086463928,0.5084443092346191,0.5006527900695801,True
1710807515,fk_qslstm,ema,test,1000173,14,0.4777991473674774,0.6934348940849304,0.6870393753051758,True
1710807515,fk_qslstm,ema,test,1000173,15,0.5412073135375977,0.8794723153114319,0.8780760169029236,True
1710807515,fk_qslstm,ema,test,1000173,16,0.6279427409172058,1.08034348487854,1.082770586013794,True
1710807515,fk_qslstm,ema,test,1000173,17,-0.3061680197715759,0.6805739998817444,0.6792998909950256,True
1710807515,fk_qslstm,ema,test,1000173,18,-0.6105853319168091,0.17810800671577454,0.1733359694480896,True
1710807515,fk_qslstm,ema,test,1000173,19,-0.9472938179969788,-0.42588987946510315,-0.42830348014831543,True
1710807515,fk_qslstm,ema,test,1000173,20,0.794657289981842,0.1360824704170227,0.13550406694412231,True
1710807515,fk_qslstm,ema,test,1000173,21,0.5380709171295166,0.43170854449272156,0.4316823184490204,True
1710807515,fk_qslstm,ema,test,1000173,22,-0.0858621895313263,0.29384952783584595,0.294189989566803,True
1710807515,fk_qslstm,ema,test,1000173,23,-0.2445327192544937,0.08835998177528381,0.09151247143745422,True
1710807515,fk_qslstm,ema,test,1000173,24,-0.8426821231842041,-0.4349212944507599,-0.4322875142097473,True
1710807515,fk_qslstm,ema,test,1000173,25,0.8069413304328918,0.1362277716398239,0.13812768459320068,True
1710807515,fk_qslstm,ema,test,1000173,26,0.3562917709350586,0.3227572739124298,0.323529452085495,True
1710807515,fk_qslstm,ema,test,1000173,27,0.9709945917129517,0.8408025503158569,0.8435213565826416,True
1710807515,fk_qslstm,ema,test,1000173,28,0.2838638126850128,0.8429603576660156,0.8418425917625427,True
1710807515,fk_qslstm,ema,test,1000173,29,-0.3509227931499481,0.4638145864009857,0.45755553245544434,True
1710807515,fk_qslstm,ema,test,1000173,30,-0.08443602174520493,0.32039007544517517,0.3145458698272705,True
1710807515,fk_qslstm,ema,test,1000173,31,-0.8671421408653259,-0.2639732360839844,-0.26607781648635864,True
1710807515,fk_qslstm,ema,test,1000174,0,0.3477295935153961,0.2086377590894699,0.20860108733177185,True
1710807515,fk_qslstm,ema,test,1000174,1,0.9323529601097107,0.7263219952583313,0.7280899882316589,True
1710807515,fk_qslstm,ema,test,1000174,2,0.9661345481872559,1.1607383489608765,1.1573419570922852,True
1710807515,fk_qslstm,ema,test,1000174,3,0.01196769904345274,0.9357712864875793,0.9298385977745056,True
1710807515,fk_qslstm,ema,test,1000174,4,0.8351628184318542,1.249714732170105,1.2458524703979492,True
1710807515,fk_qslstm,ema,test,1000174,5,0.24318625032901764,1.1456835269927979,1.1431865692138672,True
1710807515,fk_qslstm,ema,test,1000174,6,-0.11516173928976059,0.847449779510498,0.8451128602027893,True
1710807515,fk_qslstm,ema,test,1000174,7,-0.6667082905769348,0.27793484926223755,0.2668249309062958,True
1710807515,fk_qslstm,ema,test,1000174,8,0.1370973140001297,0.30460625886917114,0.2917291820049286,True
1710807515,fk_qslstm,ema,test,1000174,9,0.8957504630088806,0.7811352610588074,0.7761891484260559,True
1710807515,fk_qslstm,ema,test,1000174,10,0.057320207357406616,0.6593003273010254,0.6500972509384155,True
1710807515,fk_qslstm,ema,test,1000174,11,-0.5877686738967896,0.17477907240390778,0.16307461261749268,True
1710807515,fk_qslstm,ema,test,1000174,12,-0.009737709537148476,0.1339806318283081,0.1247611939907074,True
1710807515,fk_qslstm,ema,test,1000174,13,0.24396148324012756,0.253561407327652,0.24593496322631836,True
1710807515,fk_qslstm,ema,test,1000174,14,-0.13378086686134338,0.12258059531450272,0.11966824531555176,True
1710807515,fk_qslstm,ema,test,1000174,15,-0.3780865967273712,-0.12878747284412384,-0.1272280514240265,True
1710807515,fk_qslstm,ema,test,1000174,16,-0.09578307718038559,-0.16049982607364655,-0.15614968538284302,True
1710807515,fk_qslstm,ema,test,1000174,17,0.10054352879524231,-0.06807374209165573,-0.0640714168548584,True
1710807515,fk_qslstm,ema,test,1000174,18,-0.9347755312919617,-0.6153243184089661,-0.6121788620948792,True
1710807515,fk_qslstm,ema,test,1000174,19,-0.3400857746601105,-0.6963109374046326,-0.6941349506378174,True
1710807515,fk_qslstm,ema,test,1000174,20,0.4852900505065918,-0.2658747136592865,-0.26145219802856445,True
1710807515,fk_qslstm,ema,test,1000174,21,-0.035630013793706894,-0.23407778143882751,-0.22913819551467896,True
1710807515,fk_qslstm,ema,test,1000174,22,-0.12242573499679565,-0.2607176601886749,-0.25560885667800903,True
1710807515,fk_qslstm,ema,test,1000174,23,-0.6528897881507874,-0.6003080010414124,-0.5991584658622742,True
1710807515,fk_qslstm,ema,test,1000174,24,-0.6406939625740051,-0.864662766456604,-0.8688057065010071,True
1710807515,fk_qslstm,ema,test,1000174,25,0.2558501958847046,-0.5382201075553894,-0.5399467349052429,True
1710807515,fk_qslstm,ema,test,1000174,26,-0.4949861764907837,-0.7275677919387817,-0.7319561839103699,True
1710807515,fk_qslstm,ema,test,1000174,27,0.20188508927822113,-0.4609231650829315,-0.464633047580719,True
1710807515,fk_qslstm,ema,test,1000174,28,0.6097996234893799,-0.002858782885596156,-0.008533656597137451,True
1710807515,fk_qslstm,ema,test,1000174,29,0.6005275845527649,0.3580295145511627,0.3501061201095581,True
1710807515,fk_qslstm,ema,test,1000174,30,-0.034681349992752075,0.2656148076057434,0.2589471936225891,True
1710807515,fk_qslstm,ema,test,1000174,31,-0.9657359719276428,-0.36694973707199097,-0.36854130029678345,True
1710807515,fk_qslstm,ema,test,1000175,0,0.8798480033874512,0.5279088020324707,0.518913984298706,True
1710807515,fk_qslstm,ema,test,1000175,1,-0.590605616569519,0.06796365231275558,0.07698503136634827,True
1710807515,fk_qslstm,ema,test,1000175,2,0.10163167864084244,0.11534993350505829,0.11303260922431946,True
1710807515,fk_qslstm,ema,test,1000175,3,-0.9436366558074951,-0.4739020764827728,-0.4742581844329834,True
1710807515,fk_qslstm,ema,test,1000175,4,-0.5188543200492859,-0.6904342770576477,-0.6939892172813416,True
1710807515,fk_qslstm,ema,test,1000175,5,0.4764614701271057,-0.2664705216884613,-0.26668649911880493,True
1710807515,fk_qslstm,ema,test,1000175,6,-0.7749540209770203,-0.6781488060951233,-0.6817637085914612,True
1710807515,fk_qslstm,ema,test,1000175,7,0.5812387466430664,-0.19377581775188446,-0.19647550582885742,True
1710807515,fk_qslstm,ema,test,1000175,8,-0.45953595638275146,-0.4307422339916229,-0.43105268478393555,True
1710807515,fk_qslstm,ema,test,1000175,9,0.24281609058380127,-0.1989041119813919,-0.2018449902534485,True
1710807515,fk_qslstm,ema,test,1000175,10,0.25975072383880615,-0.0032728565856814384,-0.008497953414916992,True
1710807515,fk_qslstm,ema,test,1000175,11,0.3186333477497101,0.18856172263622284,0.18041735887527466,True
1710807515,fk_qslstm,ema,test,1000175,12,-0.4198041260242462,-0.10103309899568558,-0.10456782579421997,True
1710807515,fk_qslstm,ema,test,1000175,13,0.23527416586875916,0.06033802404999733,0.05460089445114136,True
1710807515,fk_qslstm,ema,test,1000175,14,0.8705099821090698,0.5705763697624207,0.5661855936050415,True
1710807515,fk_qslstm,ema,test,1000175,15,0.9482582211494446,1.0254160165786743,1.0253968238830566,True
1710807515,fk_qslstm,ema,test,1000175,16,-0.3207939565181732,0.6278564929962158,0.6198018789291382,True
1710807515,fk_qslstm,ema,test,1000175,17,0.6723192930221558,0.9056767821311951,0.9035646319389343,True
1710807515,fk_qslstm,ema,test,1000175,18,-0.15096910297870636,0.633959949016571,0.6274278163909912,True
1710807515,fk_qslstm,ema,test,1000175,19,-0.8422355651855469,0.0018266262486577034,-0.005242764949798584,True
1710807515,fk_qslstm,ema,test,1000175,20,0.3307291865348816,0.19989880919456482,0.1919630765914917,True
1710807515,fk_qslstm,ema,test,1000175,21,-0.8578697443008423,-0.35480281710624695,-0.3578326106071472,True
1710807515,fk_qslstm,ema,test,1000175,22,0.45898962020874023,-0.0084484638646245,-0.012643367052078247,True
1710807515,fk_qslstm,ema,test,1000175,23,0.27305859327316284,0.1570763885974884,0.1529759168624878,True
1710807515,fk_qslstm,ema,test,1000175,24,0.2978167235851288,0.30435115098953247,0.2987339198589325,True
1710807515,fk_qslstm,ema,test,1000175,25,-0.8754181861877441,-0.2817699909210205,-0.2834596037864685,True
1710807515,fk_qslstm,ema,test,1000175,26,-0.4350161850452423,-0.4864256978034973,-0.4873839020729065,True
1710807515,fk_qslstm,ema,test,1000175,27,-0.20509086549282074,-0.5121950507164001,-0.5087257027626038,True
1710807515,fk_qslstm,ema,test,1000175,28,0.3144124448299408,-0.2211085855960846,-0.21824437379837036,True
1710807515,fk_qslstm,ema,test,1000175,29,-0.6469610929489136,-0.5650635361671448,-0.5648456811904907,True
1710807515,fk_qslstm,ema,test,1000175,30,-0.15161600708961487,-0.5430204272270203,-0.5425741076469421,True
1710807515,fk_qslstm,ema,test,1000175,31,-0.2745528817176819,-0.5991480946540833,-0.5973246097564697,True
1710807515,fk_qslstm,ema,test,1000176,0,-0.19330774247646332,-0.11598464846611023,-0.11412185430526733,True
1710807515,fk_qslstm,ema,test,1000176,1,-0.4190627932548523,-0.34422537684440613,-0.34186428785324097,True
1710807515,fk_qslstm,ema,test,1000176,2,-0.20094887912273407,-0.3959496319293976,-0.3979155421257019,True
1710807515,fk_qslstm,ema,test,1000176,3,0.032218724489212036,-0.2974284887313843,-0.29680150747299194,True
1710807515,fk_qslstm,ema,test,1000176,4,-0.23745760321617126,-0.3804173469543457,-0.376462459564209,True
1710807515,fk_qslstm,ema,test,1000176,5,-0.6203737258911133,-0.6765581369400024,-0.6764078140258789,True
1710807515,fk_qslstm,ema,test,1000176,6,0.8890080451965332,-0.007841660641133785,-0.007008284330368042,True
1710807515,fk_qslstm,ema,test,1000176,7,0.5678743720054626,0.334451287984848,0.3325164020061493,True
1710807515,fk_qslstm,ema,test,1000176,8,-0.1265876293182373,0.1916084587574005,0.19063924252986908,True
1710807515,fk_qslstm,ema,test,1000176,9,-0.3696937561035156,-0.06852949410676956,-0.06658944487571716,True
1710807515,fk_qslstm,ema,test,1000176,10,0.9842186570167542,0.5357075929641724,0.5333573818206787,True
1710807515,fk_qslstm,ema,test,1000176,11,-0.33799314498901367,0.22577019035816193,0.22292929887771606,True
1710807515,fk_qslstm,ema,test,1000176,12,0.3016812205314636,0.36162489652633667,0.355243980884552,True
1710807515,fk_qslstm,ema,test,1000176,13,-0.5310454368591309,-0.029327351599931717,-0.031847089529037476,True
1710807515,fk_qslstm,ema,test,1000176,14,0.30136874318122864,0.15735937654972076,0.15252816677093506,True
1710807515,fk_qslstm,ema,test,1000176,15,-0.3508920669555664,-0.08464774489402771,-0.0833379328250885,True
1710807515,fk_qslstm,ema,test,1000176,16,-0.5814504027366638,-0.4165884554386139,-0.4157024025917053,True
1710807515,fk_qslstm,ema,test,1000176,17,0.30905210971832275,-0.1478395015001297,-0.14809906482696533,True
1710807515,fk_qslstm,ema,test,1000176,18,-0.5046136379241943,-0.42103978991508484,-0.41965359449386597,True
1710807515,fk_qslstm,ema,test,1000176,19,0.9452109336853027,0.23029471933841705,0.22538690268993378,True
1710807515,fk_qslstm,ema,test,1000176,20,0.17351187765598297,0.2883428931236267,0.2821521759033203,True
1710807515,fk_qslstm,ema,test,1000176,21,0.1772642582654953,0.33703288435935974,0.32886967062950134,True
1710807515,fk_qslstm,ema,test,1000176,22,-0.6887897253036499,-0.14364752173423767,-0.1492753028869629,True
1710807515,fk_qslstm,ema,test,1000176,23,-0.8285394906997681,-0.612041711807251,-0.6209409832954407,True
1710807515,fk_qslstm,ema,test,1000176,24,0.9786832928657532,0.09757662564516068,0.08852621912956238,True
1710807515,fk_qslstm,ema,test,1000176,25,0.08764330297708511,0.13064728677272797,0.12408065795898438,True
1710807515,fk_qslstm,ema,test,1000176,26,0.06571181118488312,0.14394491910934448,0.1375068575143814,True
1710807515,fk_qslstm,ema,test,1000176,27,0.2249024510383606,0.250097393989563,0.2432607114315033,True
1710807515,fk_qslstm,ema,test,1000176,28,0.8189449906349182,0.6914449334144592,0.6893231868743896,True
1710807515,fk_qslstm,ema,test,1000176,29,0.06609264761209488,0.5928115248680115,0.5881848335266113,True
1710807515,fk_qslstm,ema,test,1000176,30,-0.426744669675827,0.2182024121284485,0.21332067251205444,True
1710807515,fk_qslstm,ema,test,1000176,31,-0.845750093460083,-0.332888126373291,-0.33660197257995605,True
1710807515,fk_qslstm,ema,test,1000177,0,0.9200851917266846,0.5520511269569397,0.540786862373352,True
1710807515,fk_qslstm,ema,test,1000177,1,0.6665085554122925,0.8415460586547852,0.8452506065368652,True
1710807515,fk_qslstm,ema,test,1000177,2,0.5854289531707764,1.0244941711425781,1.028935432434082,True
1710807515,fk_qslstm,ema,test,1000177,3,-0.9251237511634827,0.26452112197875977,0.2679409384727478,True
1710807515,fk_qslstm,ema,test,1000177,4,0.05589601770043373,0.2451545000076294,0.24490267038345337,True
1710807515,fk_qslstm,ema,test,1000177,5,-0.5155766606330872,-0.1132223978638649,-0.11031323671340942,True
1710807515,fk_qslstm,ema,test,1000177,6,-0.6772683262825012,-0.49693891406059265,-0.4967392086982727,True
1710807515,fk_qslstm,ema,test,1000177,7,-0.8840699195861816,-0.92799311876297,-0.9314153790473938,True
1710807515,fk_qslstm,ema,test,1000177,8,0.2110566645860672,-0.6157605051994324,-0.6162307858467102,True
1710807515,fk_qslstm,ema,test,1000177,9,-0.5140587091445923,-0.8010436296463013,-0.8049634099006653,True
1710807515,fk_qslstm,ema,test,1000177,10,0.6995243430137634,-0.22112028300762177,-0.22015631198883057,True
1710807515,fk_qslstm,ema,test,1000177,11,-0.9941874146461487,-0.7734086513519287,-0.7715421319007874,True
1710807515,fk_qslstm,ema,test,1000177,12,-0.5135107636451721,-0.9268333911895752,-0.930837094783783,True
1710807515,fk_qslstm,ema,test,1000177,13,0.8672605752944946,-0.22111038863658905,-0.21651053428649902,True
1710807515,fk_qslstm,ema,test,1000177,14,-0.7324649691581726,-0.6163672804832458,-0.6147242188453674,True
1710807515,fk_qslstm,ema,test,1000177,15,-0.08414381742477417,-0.5435801148414612,-0.5426800847053528,True
1710807515,fk_qslstm,ema,test,1000177,16,-0.5844751000404358,-0.7855491638183594,-0.7875352501869202,True
1710807515,fk_qslstm,ema,test,1000177,17,0.3315446972846985,-0.42951253056526184,-0.4293549060821533,True
1710807515,fk_qslstm,ema,test,1000177,18,0.10793233662843704,-0.27885061502456665,-0.27898716926574707,True
1710807515,fk_qslstm,ema,test,1000177,19,0.5953876972198486,0.1341521292924881,0.12979300320148468,True
1710807515,fk_qslstm,ema,test,1000177,20,0.21894854307174683,0.2386908233165741,0.2329464852809906,True
1710807515,fk_qslstm,ema,test,1000177,21,-0.8291299939155579,-0.3065253496170044,-0.31043750047683716,True
1710807515,fk_qslstm,ema,test,1000177,22,0.6087948083877563,0.12005659937858582,0.11429011821746826,True
1710807515,fk_qslstm,ema,test,1000177,23,0.038366857916116714,0.11906539648771286,0.11674988269805908,True
1710807515,fk_qslstm,ema,test,1000177,24,-0.7296746373176575,-0.3425524830818176,-0.344679057598114,True
1710807515,fk_qslstm,ema,test,1000177,25,0.6084325909614563,0.09101755172014236,0.08719527721405029,True
1710807515,fk_qslstm,ema,test,1000177,26,0.6870802640914917,0.48506221175193787,0.4826772212982178,True
1710807515,fk_qslstm,ema,test,1000177,27,-0.42651569843292236,0.1321403533220291,0.1312231868505478,True
1710807515,fk_qslstm,ema,test,1000177,28,0.6485190987586975,0.49482372403144836,0.4927462935447693,True
1710807515,fk_qslstm,ema,test,1000177,29,0.08647509664297104,0.4477440416812897,0.4457871913909912,True
1710807515,fk_qslstm,ema,test,1000177,30,-0.9879539608955383,-0.23457713425159454,-0.22944140434265137,True
1710807515,fk_qslstm,ema,test,1000177,31,-0.8028358817100525,-0.669363260269165,-0.6697244048118591,True
1710807515,fk_qslstm,ema,test,1000178,0,0.9194625020027161,0.5516774654388428,0.5404510498046875,True
1710807515,fk_qslstm,ema,test,1000178,1,-0.9440183639526367,-0.1250690072774887,-0.1085837185382843,True
1710807515,fk_qslstm,ema,test,1000178,2,0.992635190486908,0.49552589654922485,0.4938316345214844,True
1710807515,fk_qslstm,ema,test,1000178,3,-0.08155331015586853,0.34748873114585876,0.3430049419403076,True
1710807515,fk_qslstm,ema,test,1000178,4,0.11982996761798859,0.34988895058631897,0.3425123691558838,True
1710807515,fk_qslstm,ema,test,1000178,5,0.5931425094604492,0.6357966661453247,0.631705641746521,True
1710807515,fk_qslstm,ema,test,1000178,6,0.289113849401474,0.6821056604385376,0.6781057119369507,True
1710807515,fk_qslstm,ema,test,1000178,7,0.5659312009811401,0.8852432370185852,0.8858838081359863,True
1710807515,fk_qslstm,ema,test,1000178,8,-0.3364850878715515,0.5063035488128662,0.5032373666763306,True
1710807515,fk_qslstm,ema,test,1000178,9,0.6625218391418457,0.8025559782981873,0.8050123453140259,True
1710807515,fk_qslstm,ema,test,1000178,10,0.5523305535316467,0.9734430909156799,0.9796625971794128,True
1710807515,fk_qslstm,ema,test,1000178,11,-0.985763669013977,0.1872962862253189,0.1992228925228119,True
1710807515,fk_qslstm,ema,test,1000178,12,0.465691477060318,0.42925190925598145,0.4381067156791687,True
1710807515,fk_qslstm,ema,test,1000178,13,-0.23369421064853668,0.20318500697612762,0.21479156613349915,True
1710807515,fk_qslstm,ema,test,1000178,14,0.04602523148059845,0.19016313552856445,0.20066221058368683,True
1710807515,fk_qslstm,ema,test,1000178,15,0.6490209102630615,0.5415430665016174,0.5524929761886597,True
1710807515,fk_qslstm,ema,test,1000178,16,-0.9703075289726257,-0.14895005524158478,-0.13215285539627075,True
1710807515,fk_qslstm,ema,test,1000178,17,0.7170750498771667,0.3110849857330322,0.3227519094944,True
1710807515,fk_qslstm,ema,test,1000178,18,-0.9498535990715027,-0.3210441768169403,-0.3035818934440613,True
1710807515,fk_qslstm,ema,test,1000178,19,-0.04859180003404617,-0.2859904170036316,-0.2697574496269226,True
1710807515,fk_qslstm,ema,test,1000178,20,-0.5859379172325134,-0.5803550481796265,-0.5669049620628357,True
1710807515,fk_qslstm,ema,test,1000178,21,-0.7911120057106018,-0.9389512538909912,-0.9331520199775696,True
1710807515,fk_qslstm,ema,test,1000178,22,-0.2496797740459442,-0.9009688496589661,-0.8964982628822327,True
1710807515,fk_qslstm,ema,test,1000178,23,0.054121922701597214,-0.6883019208908081,-0.6830683946609497,True
1710807515,fk_qslstm,ema,test,1000178,24,-0.07487020641565323,-0.5955636501312256,-0.5900698304176331,True
1710807515,fk_qslstm,ema,test,1000178,25,-0.34619593620300293,-0.6841685175895691,-0.6798787713050842,True
1710807515,fk_qslstm,ema,test,1000178,26,-0.33567050099372864,-0.748737096786499,-0.7454031109809875,True
1710807515,fk_qslstm,ema,test,1000178,27,-0.3267706632614136,-0.7950521111488342,-0.7924042344093323,True
1710807515,fk_qslstm,ema,test,1000178,28,0.22313660383224487,-0.5021597146987915,-0.4984056353569031,True
1710807515,fk_qslstm,ema,test,1000178,29,-0.048502761870622635,-0.43082940578460693,-0.4270673394203186,True
1710807515,fk_qslstm,ema,test,1000178,30,0.2997344434261322,-0.16482286155223846,-0.16464295983314514,True
1710807515,fk_qslstm,ema,test,1000178,31,0.3656005263328552,0.08750202506780624,0.08326321840286255,True
1710807515,fk_qslstm,ema,test,1000179,0,-0.17155922949314117,-0.1029355376958847,-0.10114839673042297,True
1710807515,fk_qslstm,ema,test,1000179,1,0.503735363483429,0.21989277005195618,0.2126764953136444,True
1710807515,fk_qslstm,ema,test,1000179,2,0.37423038482666016,0.40045246481895447,0.3889198899269104,True
1710807515,fk_qslstm,ema,test,1000179,3,-0.9573646783828735,-0.254056841135025,-0.2564152479171753,True
1710807515,fk_qslstm,ema,test,1000179,4,-0.5846866369247437,-0.5540574789047241,-0.5578626990318298,True
1710807515,fk_qslstm,ema,test,1000179,5,-0.24919280409812927,-0.5927616953849792,-0.5913428068161011,True
1710807515,fk_qslstm,ema,test,1000179,6,0.09392223507165909,-0.41785600781440735,-0.41301363706588745,True
1710807515,fk_qslstm,ema,test,1000179,7,0.7863669395446777,0.13753536343574524,0.1395096778869629,True
1710807515,fk_qslstm,ema,test,1000179,8,0.4867817461490631,0.40209734439849854,0.40137413144111633,True
1710807515,fk_qslstm,ema,test,1000179,9,-0.341261088848114,0.11692121624946594,0.11796826124191284,True
1710807515,fk_qslstm,ema,test,1000179,10,0.14263026416301727,0.17911513149738312,0.17827217280864716,True
1710807515,fk_qslstm,ema,test,1000179,11,-0.018308604136109352,0.13230694830417633,0.13396607339382172,True
1710807515,fk_qslstm,ema,test,1000179,12,0.33271944522857666,0.30547723174095154,0.3051370084285736,True
1710807515,fk_qslstm,ema,test,1000179,13,0.03616541624069214,0.2660810351371765,0.26678267121315,True
1710807515,fk_qslstm,ema,test,1000179,14,-0.2255445122718811,0.07753811776638031,0.08169618248939514,True
1710807515,fk_qslstm,ema,test,1000179,15,0.674852192401886,0.46694180369377136,0.4707508981227875,True
1710807515,fk_qslstm,ema,test,1000179,16,-0.6590200066566467,-0.02185855060815811,-0.016953200101852417,True
1710807515,fk_qslstm,ema,test,1000179,17,-0.9144062399864197,-0.5661305785179138,-0.5649315714836121,True
1710807515,fk_qslstm,ema,test,1000179,18,0.28390786051750183,-0.28255975246429443,-0.2792021632194519,True
1710807515,fk_qslstm,ema,test,1000179,19,0.4088367521762848,0.019254248589277267,0.020269572734832764,True
1710807515,fk_qslstm,ema,test,1000179,20,-0.592067539691925,-0.33983713388442993,-0.3377770781517029,True
1710807515,fk_qslstm,ema,test,1000179,21,0.22896675765514374,-0.13448965549468994,-0.1350994110107422,True
1710807515,fk_qslstm,ema,test,1000179,22,0.4942769408226013,0.18897445499897003,0.18536785244941711,True
1710807515,fk_qslstm,ema,test,1000179,23,-0.42661720514297485,-0.10479076206684113,-0.10436370968818665,True
1710807515,fk_qslstm,ema,test,1000179,24,0.3813844323158264,0.14499805867671967,0.14107587933540344,True
1710807515,fk_qslstm,ema,test,1000179,25,0.1067492663860321,0.18004800379276276,0.17696046829223633,True
1710807515,fk_qslstm,ema,test,1000179,26,-0.7080024480819702,-0.28076305985450745,-0.28276950120925903,True
1710807515,fk_qslstm,ema,test,1000179,27,0.1535540372133255,-0.1324780285358429,-0.13486173748970032,True
1710807515,fk_qslstm,ema,test,1000179,28,-0.7314956784248352,-0.5448798537254333,-0.5479658246040344,True
1710807515,fk_qslstm,ema,test,1000179,29,-0.6890798807144165,-0.8493518233299255,-0.8576303124427795,True
1710807515,fk_qslstm,ema,test,1000179,30,-0.5770463347434998,-1.0257092714309692,-1.034862756729126,True
1710807515,fk_qslstm,ema,test,1000179,31,0.9102586507797241,-0.27441221475601196,-0.2750375270843506,True
1710807515,fk_qslstm,ema,test,1000180,0,0.3142566382884979,0.18855397403240204,0.188556969165802,True
1710807515,fk_qslstm,ema,test,1000180,1,-0.18154650926589966,0.04191527143120766,0.050567805767059326,True
1710807515,fk_qslstm,ema,test,1000180,2,-0.8309701681137085,-0.4650498926639557,-0.46473538875579834,True
1710807515,fk_qslstm,ema,test,1000180,3,0.7083376049995422,0.052962642163038254,0.05170682072639465,True
1710807515,fk_qslstm,ema,test,1000180,4,0.4608631730079651,0.31888800859451294,0.3165357708930969,True
1710807515,fk_qslstm,ema,test,1000180,5,0.776066243648529,0.7207501530647278,0.7217947244644165,True
1710807515,fk_qslstm,ema,test,1000180,6,-0.9695852994918823,-0.005151063669472933,0.0022048354148864746,True
1710807515,fk_qslstm,ema,test,1000180,7,0.04718003049492836,0.02418716624379158,0.029997199773788452,True
1710807515,fk_qslstm,ema,test,1000180,8,0.04257145896553993,0.04489260911941528,0.05270242691040039,True
1710807515,fk_qslstm,ema,test,1000180,9,-0.19342495501041412,-0.08014088869094849,-0.06938454508781433,True
1710807515,fk_qslstm,ema,test,1000180,10,0.9469412565231323,0.5040520429611206,0.5098942518234253,True
1710807515,fk_qslstm,ema,test,1000180,11,-0.8103489279747009,-0.08296771347522736,-0.07721012830734253,True
1710807515,fk_qslstm,ema,test,1000180,12,0.03135513886809349,-0.04756109043955803,-0.04467958211898804,True
1710807515,fk_qslstm,ema,test,1000180,13,-0.05297517403960228,-0.06983397901058197,-0.06436800956726074,True
1710807515,fk_qslstm,ema,test,1000180,14,0.45688146352767944,0.2182617038488388,0.21955375373363495,True
1710807515,fk_qslstm,ema,test,1000180,15,0.2935332953929901,0.3507293462753296,0.3499375581741333,True
1710807515,fk_qslstm,ema,test,1000180,16,0.15615054965019226,0.37427380681037903,0.37227362394332886,True
1710807515,fk_qslstm,ema,test,1000180,17,0.9167406558990479,0.8494634032249451,0.8526901006698608,True
1710807515,fk_qslstm,ema,test,1000180,18,-0.5155712962150574,0.37022799253463745,0.36683499813079834,True
1710807515,fk_qslstm,ema,test,1000180,19,-0.5667182803153992,-0.043848589062690735,-0.0477871298789978,True
1710807515,fk_qslstm,ema,test,1000180,20,0.5341597199440002,0.28541696071624756,0.280536413192749,True
1710807515,fk_qslstm,ema,test,1000180,21,-0.13668771088123322,0.14632093906402588,0.14620067179203033,True
1710807515,fk_qslstm,ema,test,1000180,22,-0.43929243087768555,-0.14651870727539062,-0.1436675488948822,True
1710807515,fk_qslstm,ema,test,1000180,23,-0.920350193977356,-0.6694250702857971,-0.6691926717758179,True
1710807515,fk_qslstm,ema,test,1000180,24,-0.4425981342792511,-0.8010989427566528,-0.8016621470451355,True
1710807515,fk_qslstm,ema,test,1000180,25,-0.11935872584581375,-0.7124943733215332,-0.7100690007209778,True
1710807515,fk_qslstm,ema,test,1000180,26,0.5313665270805359,-0.2511756122112274,-0.24686908721923828,True
1710807515,fk_qslstm,ema,test,1000180,27,0.5035858750343323,0.1012110486626625,0.10066220164299011,True
1710807515,fk_qslstm,ema,test,1000180,28,0.18809591233730316,0.19382639229297638,0.19097751379013062,True
1710807515,fk_qslstm,ema,test,1000180,29,0.6489937901496887,0.5444573760032654,0.5420315265655518,True
1710807515,fk_qslstm,ema,test,1000180,30,-0.5633506178855896,0.09755553305149078,0.0959773063659668,True
1710807515,fk_qslstm,ema,test,1000180,31,0.9565706253051758,0.651986837387085,0.6487431526184082,True
1710807515,fk_qslstm,ema,test,1000181,0,-0.9710522890090942,-0.5826313495635986,-0.5673499703407288,True
1710807515,fk_qslstm,ema,test,1000181,1,-0.034542035311460495,-0.48683032393455505,-0.48728668689727783,True
1710807515,fk_qslstm,ema,test,1000181,2,0.4733981788158417,-0.10542533546686172,-0.10513961315155029,True
1710807515,fk_qslstm,ema,test,1000181,3,-0.42707428336143494,-0.3405848443508148,-0.33446985483169556,True
1710807515,fk_qslstm,ema,test,1000181,4,0.6822245121002197,0.13686683773994446,0.14154480397701263,True
1710807515,fk_qslstm,ema,test,1000181,5,-0.8671693205833435,-0.41080811619758606,-0.4028815031051636,True
1710807515,fk_qslstm,ema,test,1000181,6,-0.5193127393722534,-0.640234112739563,-0.6366831064224243,True
1710807515,fk_qslstm,ema,test,1000181,7,-0.969168484210968,-1.0936883687973022,-1.0888407230377197,True
1710807515,fk_qslstm,ema,test,1000181,8,0.3654245138168335,-0.6556959748268127,-0.6487717032432556,True
1710807515,fk_qslstm,ema,test,1000181,9,-0.04705493524670601,-0.5527897477149963,-0.5467650294303894,True
1710807515,fk_qslstm,ema,test,1000181,10,-0.681822657585144,-0.8513253927230835,-0.8520625233650208,True
1710807515,fk_qslstm,ema,test,1000181,11,0.15100102126598358,-0.5904597043991089,-0.5895726084709167,True
1710807515,fk_qslstm,ema,test,1000181,12,-0.35257384181022644,-0.6839120388031006,-0.6832736134529114,True
1710807515,fk_qslstm,ema,test,1000181,13,0.8249416351318359,-0.052164677530527115,-0.049640655517578125,True
1710807515,fk_qslstm,ema,test,1000181,14,-0.5172520279884338,-0.3520829677581787,-0.34723979234695435,True
1710807515,fk_qslstm,ema,test,1000181,15,-0.6946724057197571,-0.6984698176383972,-0.700904905796051,True
1710807515,fk_qslstm,ema,test,1000181,16,-0.8136568665504456,-1.046970009803772,-1.0522923469543457,True
1710807515,fk_qslstm,ema,test,1000181,17,-0.20849761366844177,-0.9626745581626892,-0.9686173796653748,True
1710807515,fk_qslstm,ema,test,1000181,18,-0.0772312581539154,-0.8164783716201782,-0.8218104243278503,True
1710807515,fk_qslstm,ema,test,1000181,19,0.3235623836517334,-0.45904529094696045,-0.4610286355018616,True
1710807515,fk_qslstm,ema,test,1000181,20,0.4460521638393402,-0.09960492700338364,-0.10291135311126709,True
1710807515,fk_qslstm,ema,test,1000181,21,0.04357431083917618,-0.05353935807943344,-0.055564045906066895,True
1710807515,fk_qslstm,ema,test,1000181,22,-0.042220182716846466,-0.06816359609365463,-0.06834685802459717,True
1710807515,fk_qslstm,ema,test,1000181,23,0.8148759007453918,0.4343946576118469,0.43243929743766785,True
1710807515,fk_qslstm,ema,test,1000181,24,0.02017303742468357,0.35961952805519104,0.35710692405700684,True
1710807515,fk_qslstm,ema,test,1000181,25,-0.9201282262802124,-0.2643813192844391,-0.2637155055999756,True
1710807515,fk_qslstm,ema,test,1000181,26,-0.48758867383003235,-0.5040582418441772,-0.5035324692726135,True
1710807515,fk_qslstm,ema,test,1000181,27,-0.6068833470344543,-0.7673766016960144,-0.768815815448761,True
1710807515,fk_qslstm,ema,test,1000181,28,-0.03706454113125801,-0.636139988899231,-0.6345588564872742,True
1710807515,fk_qslstm,ema,test,1000181,29,0.8407925367355347,-0.004436477553099394,-0.002603590488433838,True
1710807515,fk_qslstm,ema,test,1000181,30,0.4664429724216461,0.2763166129589081,0.27424412965774536,True
1710807515,fk_qslstm,ema,test,1000181,31,-0.2609245777130127,0.06449854373931885,0.06501838564872742,True
1710807515,fk_qslstm,ema,test,1000182,0,0.10783006250858307,0.06469804048538208,0.06522215902805328,True
1710807515,fk_qslstm,ema,test,1000182,1,-0.17146947979927063,-0.05112326145172119,-0.04548370838165283,True
1710807515,fk_qslstm,ema,test,1000182,2,0.5543100833892822,0.2916874289512634,0.2868720591068268,True
1710807515,fk_qslstm,ema,test,1000182,3,-0.3275448679924011,0.03682304173707962,0.037602007389068604,True
1710807515,fk_qslstm,ema,test,1000182,4,-0.5160386562347412,-0.2801647484302521,-0.2781793475151062,True
1710807515,fk_qslstm,ema,test,1000182,5,0.8985518217086792,0.3149992823600769,0.313510000705719,True
1710807515,fk_qslstm,ema,test,1000182,6,-0.7886261940002441,-0.22117626667022705,-0.21940219402313232,True
1710807515,fk_qslstm,ema,test,1000182,7,0.9790874123573303,0.41051143407821655,0.4037199020385742,True
1710807515,fk_qslstm,ema,test,1000182,8,-0.2080240696668625,0.20359469950199127,0.1995989978313446,True
1710807515,fk_qslstm,ema,test,1000182,9,0.24606259167194366,0.31051331758499146,0.3036946952342987,True
1710807515,fk_qslstm,ema,test,1000182,10,-0.5846241116523743,-0.10236380249261856,-0.10548460483551025,True
1710807515,fk_qslstm,ema,test,1000182,11,-0.7034161686897278,-0.5039407014846802,-0.5092735886573792,True
1710807515,fk_qslstm,ema,test,1000182,12,0.3229706585407257,-0.2093701809644699,-0.21303695440292358,True
1710807515,fk_qslstm,ema,test,1000182,13,-0.9736763834953308,-0.7517020106315613,-0.7542789578437805,True
1710807515,fk_qslstm,ema,test,1000182,14,-0.42674127221107483,-0.8574063777923584,-0.8622830510139465,True
1710807515,fk_qslstm,ema,test,1000182,15,-0.40595877170562744,-0.9295003414154053,-0.9343672394752502,True
1710807515,fk_qslstm,ema,test,1000182,16,0.6664369702339172,-0.3437381088733673,-0.3401792645454407,True
1710807515,fk_qslstm,ema,test,1000182,17,-0.40044575929641724,-0.5152579545974731,-0.511155903339386,True
1710807515,fk_qslstm,ema,test,1000182,18,0.8289602994918823,0.08516983687877655,0.08640436828136444,True
1710807515,fk_qslstm,ema,test,1000182,19,-0.9375494718551636,-0.49439382553100586,-0.48936277627944946,True
1710807515,fk_qslstm,ema,test,1000182,20,-0.7766969203948975,-0.8615332245826721,-0.8655279278755188,True
1710807515,fk_qslstm,ema,test,1000182,21,0.5958717465400696,-0.3317035138607025,-0.32872146368026733,True
1710807515,fk_qslstm,ema,test,1000182,22,-0.09546977281570435,-0.3226446807384491,-0.3174554705619812,True
1710807515,fk_qslstm,ema,test,1000182,23,0.2653558850288391,-0.09890220314264297,-0.09751802682876587,True
1710807515,fk_qslstm,ema,test,1000182,24,0.7156063914299011,0.35024207830429077,0.34879687428474426,True
1710807515,fk_qslstm,ema,test,1000182,25,0.8107559680938721,0.7666472792625427,0.7692170739173889,True
1710807515,fk_qslstm,ema,test,1000182,26,-0.7113660573959351,0.18649816513061523,0.18446655571460724,True
1710807515,fk_qslstm,ema,test,1000182,27,-0.10892319679260254,0.0838446095585823,0.08184166252613068,True
1710807515,fk_qslstm,ema,test,1000182,28,-0.18291302025318146,-0.04267212375998497,-0.03955644369125366,True
1710807515,fk_qslstm,ema,test,1000182,29,-0.6506509184837341,-0.4245282709598541,-0.4219939112663269,True
1710807515,fk_qslstm,ema,test,1000182,30,0.6569905877113342,0.05457174405455589,0.055500149726867676,True
1710807515,fk_qslstm,ema,test,1000182,31,-0.5656446814537048,-0.295729398727417,-0.29185277223587036,True
1710807515,fk_qslstm,ema,test,1000183,0,0.5651776790618896,0.33910661935806274,0.3383750021457672,True
1710807515,fk_qslstm,ema,test,1000183,1,-0.44764676690101624,0.00269722705706954,0.016595959663391113,True
1710807515,fk_qslstm,ema,test,1000183,2,0.29999077320098877,0.18215225636959076,0.18233245611190796,True
1710807515,fk_qslstm,ema,test,1000183,3,0.019230082631111145,0.15725985169410706,0.15752488374710083,True
1710807515,fk_qslstm,ema,test,1000183,4,0.4707389771938324,0.40825125575065613,0.40626680850982666,True
1710807515,fk_qslstm,ema,test,1000183,5,0.06920126080513,0.36812177300453186,0.36633065342903137,True
1710807515,fk_qslstm,ema,test,1000183,6,0.5688385963439941,0.6358006000518799,0.6362066268920898,True
1710807515,fk_qslstm,ema,test,1000183,7,0.7027373909950256,0.9302828907966614,0.9367439150810242,True
1710807515,fk_qslstm,ema,test,1000183,8,-0.5145449042320251,0.4354993999004364,0.435674786567688,True
1710807515,fk_qslstm,ema,test,1000183,9,0.09898999333381653,0.4077935218811035,0.4059515595436096,True
1710807515,fk_qslstm,ema,test,1000183,10,0.5831371545791626,0.6761171221733093,0.6788686513900757,True
1710807515,fk_qslstm,ema,test,1000183,11,-0.5811133980751038,0.19222566485404968,0.19342824816703796,True
1710807515,fk_qslstm,ema,test,1000183,12,0.03563394024968147,0.17516089975833893,0.17625746130943298,True
1710807515,fk_qslstm,ema,test,1000183,13,0.2582748532295227,0.2950936257839203,0.2965030074119568,True
1710807515,fk_qslstm,ema,test,1000183,14,-0.42601606249809265,-0.019534727558493614,-0.014006376266479492,True
1710807515,fk_qslstm,ema,test,1000183,15,0.5095686316490173,0.2901133894920349,0.29251962900161743,True
1710807515,fk_qslstm,ema,test,1000183,16,-0.08696744590997696,0.17991024255752563,0.1851203739643097,True
1710807515,fk_qslstm,ema,test,1000183,17,-0.9334059953689575,-0.416115403175354,-0.4095931649208069,True
1710807515,fk_qslstm,ema,test,1000183,18,-0.6976000070571899,-0.7514523267745972,-0.7509132027626038,True
1710807515,fk_qslstm,ema,test,1000183,19,0.4412496089935303,-0.33641207218170166,-0.3314168453216553,True
1710807515,fk_qslstm,ema,test,1000183,20,0.8568502068519592,0.24498046934604645,0.24573439359664917,True
1710807515,fk_qslstm,ema,test,1000183,21,-0.31030675768852234,0.00980031955987215,0.013832509517669678,True
1710807515,fk_qslstm,ema,test,1000183,22,0.5746380686759949,0.3526231050491333,0.35211244225502014,True
1710807515,fk_qslstm,ema,test,1000183,23,-0.5611473917961121,-0.05458997189998627,-0.052217036485672,True
1710807515,fk_qslstm,ema,test,1000183,24,0.7470743060112,0.40457260608673096,0.4039461612701416,True
1710807515,fk_qslstm,ema,test,1000183,25,0.41127580404281616,0.5704236030578613,0.5701459646224976,True
1710807515,fk_qslstm,ema,test,1000183,26,-0.4461394250392914,0.18865521252155304,0.1880767047405243,True
1710807515,fk_qslstm,ema,test,1000183,27,-0.672379732131958,-0.2525036633014679,-0.2531989812850952,True
1710807515,fk_qslstm,ema,test,1000183,28,-0.850037693977356,-0.71202552318573,-0.7164888978004456,True
1710807515,fk_qslstm,ema,test,1000183,29,-0.053652893751859665,-0.6018121838569641,-0.6016994714736938,True
1710807515,fk_qslstm,ema,test,1000183,30,0.4934106171131134,-0.18540337681770325,-0.18403691053390503,True
1710807515,fk_qslstm,ema,test,1000183,31,0.30947351455688477,0.037361420691013336,0.035243093967437744,True
1710807515,fk_qslstm,ema,test,1000184,0,0.7355586290359497,0.44133517146110535,0.43788865208625793,True
1710807515,fk_qslstm,ema,test,1000184,1,-0.02517019584774971,0.33796602487564087,0.3460957705974579,True
1710807515,fk_qslstm,ema,test,1000184,2,0.2853483557701111,0.4415818452835083,0.4400935173034668,True
1710807515,fk_qslstm,ema,test,1000184,3,-0.5910472869873047,-0.0013628945453092456,-0.002495706081390381,True
1710807515,fk_qslstm,ema,test,1000184,4,0.3221985995769501,0.19222883880138397,0.1877390742301941,True
1710807515,fk_qslstm,ema,test,1000184,5,-0.5927361845970154,-0.20185863971710205,-0.20219063758850098,True
1710807515,fk_qslstm,ema,test,1000184,6,-0.31160616874694824,-0.34845060110092163,-0.34644925594329834,True
1710807515,fk_qslstm,ema,test,1000184,7,0.9462326765060425,0.28897911310195923,0.28635239601135254,True
1710807515,fk_qslstm,ema,test,1000184,8,0.24727539718151093,0.3795485198497772,0.37474846839904785,True
1710807515,fk_qslstm,ema,test,1000184,9,-0.6754847764968872,-0.10165204107761383,-0.10572606325149536,True
1710807515,fk_qslstm,ema,test,1000184,10,0.22174140810966492,0.051723215728998184,0.04569369554519653,True
1710807515,fk_qslstm,ema,test,1000184,11,0.9258240461349487,0.5968729853630066,0.592133104801178,True
1710807515,fk_qslstm,ema,test,1000184,12,-0.6646943688392639,0.07868178188800812,0.07290634512901306,True
1710807515,fk_qslstm,ema,test,1000184,13,0.8018847703933716,0.5440762639045715,0.5371147394180298,True
1710807515,fk_qslstm,ema,test,1000184,14,0.487280011177063,0.7276290059089661,0.7238279581069946,True
1710807515,fk_qslstm,ema,test,1000184,15,-0.23374055325984955,0.4418588876724243,0.43591368198394775,True
1710807515,fk_qslstm,ema,test,1000184,16,0.6102299690246582,0.7196251153945923,0.7178401947021484,True
1710807515,fk_qslstm,ema,test,1000184,17,0.6084617972373962,0.9407771229743958,0.9445402026176453,True
1710807515,fk_qslstm,ema,test,1000184,18,0.7094532251358032,1.1782935857772827,1.1828718185424805,True
1710807515,fk_qslstm,ema,test,1000184,19,-0.7483575940132141,0.4936203360557556,0.4968095123767853,True
1710807515,fk_qslstm,ema,test,1000184,20,-0.3937247395515442,0.15866142511367798,0.16046416759490967,True
1710807515,fk_qslstm,ema,test,1000184,21,0.6228857636451721,0.5006605982780457,0.5032974481582642,True
1710807515,fk_qslstm,ema,test,1000184,22,0.22205303609371185,0.5337603092193604,0.5350822806358337,True
1710807515,fk_qslstm,ema,test,1000184,23,-0.26699644327163696,0.2668103575706482,0.2680908441543579,True
1710807515,fk_qslstm,ema,test,1000184,24,0.679390549659729,0.621082603931427,0.6247967481613159,True
1710807515,fk_qslstm,ema,test,1000184,25,-0.446193665266037,0.22914989292621613,0.23241281509399414,True
1710807515,fk_qslstm,ema,test,1000184,26,-0.8062527179718018,-0.3004316985607147,-0.2984693646430969,True
1710807515,fk_qslstm,ema,test,1000184,27,0.636897623538971,0.14179320633411407,0.1429222673177719,True
1710807515,fk_qslstm,ema,test,1000184,28,-0.9637269973754883,-0.4648016393184662,-0.4577215313911438,True
1710807515,fk_qslstm,ema,test,1000184,29,0.8908390998840332,0.16266214847564697,0.1656169891357422,True
1710807515,fk_qslstm,ema,test,1000184,30,0.17109540104866028,0.23278695344924927,0.2355881929397583,True
1710807515,fk_qslstm,ema,test,1000184,31,-0.11116081476211548,0.11953307688236237,0.1234923005104065,True
1710807515,fk_qslstm,ema,test,1000185,0,0.7069083452224731,0.42414501309394836,0.42139244079589844,True
1710807515,fk_qslstm,ema,test,1000185,1,-0.33340349793434143,0.13927389681339264,0.1520896703004837,True
1710807515,fk_qslstm,ema,test,1000185,2,0.08123669773340225,0.16016113758087158,0.16237880289554596,True
1710807515,fk_qslstm,ema,test,1000185,3,-0.45891082286834717,-0.14721757173538208,-0.14337605237960815,True
1710807515,fk_qslstm,ema,test,1000185,4,0.9290117025375366,0.43963295221328735,0.4381706416606903,True
1710807515,fk_qslstm,ema,test,1000185,5,-0.40490013360977173,0.10876627266407013,0.108738973736763,True
1710807515,fk_qslstm,ema,test,1000185,6,-0.34280434250831604,-0.11866959184408188,-0.11756277084350586,True
1710807515,fk_qslstm,ema,test,1000185,7,-0.7463264465332031,-0.5427315831184387,-0.5441989898681641,True
1710807515,fk_qslstm,ema,test,1000185,8,0.7227511405944824,-0.000534560065716505,-0.0013631880283355713,True
1710807515,fk_qslstm,ema,test,1000185,9,0.04345144331455231,0.02564321830868721,0.02625557780265808,True
1710807515,fk_qslstm,ema,test,1000185,10,0.00661967508494854,0.024486379697918892,0.024601489305496216,True
1710807515,fk_qslstm,ema,test,1000185,11,-0.8126323223114014,-0.46799027919769287,-0.46896737813949585,True
1710807515,fk_qslstm,ema,test,1000185,12,-0.24252836406230927,-0.5199092626571655,-0.5192887783050537,True
1710807515,fk_qslstm,ema,test,1000185,13,0.29457888007164,-0.2391800582408905,-0.23829466104507446,True
1710807515,fk_qslstm,ema,test,1000185,14,0.00941809918731451,-0.1856931895017624,-0.1844838261604309,True
1710807515,fk_qslstm,ema,test,1000185,15,-0.46089863777160645,-0.42509374022483826,-0.4238405227661133,True
1710807515,fk_qslstm,ema,test,1000185,16,0.4006728231906891,-0.09967128932476044,-0.10171720385551453,True
1710807515,fk_qslstm,ema,test,1000185,17,-0.6033424139022827,-0.441742479801178,-0.4434816241264343,True
1710807515,fk_qslstm,ema,test,1000185,18,0.4218921363353729,-0.10025869309902191,-0.10535746812820435,True
1710807515,fk_qslstm,ema,test,1000185,19,-0.3171502351760864,-0.2704971134662628,-0.2713339328765869,True
1710807515,fk_qslstm,ema,test,1000185,20,0.47694072127342224,0.06976674497127533,0.06434914469718933,True
1710807515,fk_qslstm,ema,test,1000185,21,0.15385569632053375,0.14812682569026947,0.14220908284187317,True
1710807515,fk_qslstm,ema,test,1000185,22,-0.5478793978691101,-0.2102261632680893,-0.2137041687965393,True
1710807515,fk_qslstm,ema,test,1000185,23,-0.31886163353919983,-0.35949790477752686,-0.36051976680755615,True
1710807515,fk_qslstm,ema,test,1000185,24,-0.6495028138160706,-0.6773000359535217,-0.6808298230171204,True
1710807515,fk_qslstm,ema,test,1000185,25,-0.8462761044502258,-1.0496057271957397,-1.0550992488861084,True
1710807515,fk_qslstm,ema,test,1000185,26,-0.4029225707054138,-1.0814380645751953,-1.087961196899414,True
1710807515,fk_qslstm,ema,test,1000185,27,-0.7553594708442688,-1.3183661699295044,-1.318922758102417,True
1710807515,fk_qslstm,ema,test,1000185,28,-0.7968610525131226,-1.5328096151351929,-1.5130136013031006,True
1710807515,fk_qslstm,ema,test,1000185,29,0.6728271245956421,-0.8225513696670532,-0.8278351426124573,True
1710807515,fk_qslstm,ema,test,1000185,30,0.10507341474294662,-0.5949970483779907,-0.6054182648658752,True
1710807515,fk_qslstm,ema,test,1000185,31,-0.2820327877998352,-0.6452172994613647,-0.6513973474502563,True
1710807515,fk_qslstm,ema,test,1000186,0,0.46326860785484314,0.2779611647129059,0.2777339220046997,True
1710807515,fk_qslstm,ema,test,1000186,1,0.092283234000206,0.27773886919021606,0.2834758460521698,True
1710807515,fk_qslstm,ema,test,1000186,2,0.7823034524917603,0.6915732026100159,0.6926050782203674,True
1710807515,fk_qslstm,ema,test,1000186,3,0.48672783374786377,0.845295250415802,0.8475237488746643,True
1710807515,fk_qslstm,ema,test,1000186,4,0.008287093602120876,0.6812084317207336,0.6796922087669373,True
1710807515,fk_qslstm,ema,test,1000186,5,0.62119060754776,0.9176811575889587,0.9215278625488281,True
1710807515,fk_qslstm,ema,test,1000186,6,0.09666197746992111,0.7921420931816101,0.7935463190078735,True
1710807515,fk_qslstm,ema,test,1000186,7,0.011415552347898483,0.6405630111694336,0.6394704580307007,True
1710807515,fk_qslstm,ema,test,1000186,8,0.15896105766296387,0.6078270673751831,0.6062624454498291,True
1710807515,fk_qslstm,ema,test,1000186,9,0.9242680668830872,1.0408225059509277,1.0457953214645386,True
1710807515,fk_qslstm,ema,test,1000186,10,-0.6516110897064209,0.4416913390159607,0.43950018286705017,True
1710807515,fk_qslstm,ema,test,1000186,11,-0.021119631826877594,0.3406812846660614,0.33691656589508057,True
1710807515,fk_qslstm,ema,test,1000186,12,0.7866783142089844,0.7445520162582397,0.7477075457572937,True
1710807515,fk_qslstm,ema,test,1000186,13,-0.12215501815080643,0.5223485827445984,0.5220860242843628,True
1710807515,fk_qslstm,ema,test,1000186,14,-0.39595887064933777,0.18030355870723724,0.1798836588859558,True
1710807515,fk_qslstm,ema,test,1000186,15,0.04935076832771301,0.1738533079624176,0.17457422614097595,True
1710807515,fk_qslstm,ema,test,1000186,16,-0.8430536389350891,-0.36674952507019043,-0.3640522360801697,True
1710807515,fk_qslstm,ema,test,1000186,17,0.3438684642314911,-0.08707854896783829,-0.08562585711479187,True
1710807515,fk_qslstm,ema,test,1000186,18,-0.6829162836074829,-0.47941261529922485,-0.4776475429534912,True
1710807515,fk_qslstm,ema,test,1000186,19,-0.07910417765378952,-0.43099260330200195,-0.42821162939071655,True
1710807515,fk_qslstm,ema,test,1000186,20,0.23055920004844666,-0.20645855367183685,-0.20456504821777344,True
1710807515,fk_qslstm,ema,test,1000186,21,0.7458562850952148,0.2823469042778015,0.2803264260292053,True
1710807515,fk_qslstm,ema,test,1000186,22,0.4183756709098816,0.47690293192863464,0.4729538857936859,True
1710807515,fk_qslstm,ema,test,1000186,23,0.9791751503944397,0.9690274596214294,0.9690595269203186,True
1710807515,fk_qslstm,ema,test,1000186,24,-0.34193935990333557,0.5700583457946777,0.5619438886642456,True
1710807515,fk_qslstm,ema,test,1000186,25,0.48552390933036804,0.7473610043525696,0.7409834265708923,True
1710807515,fk_qslstm,ema,test,1000186,26,-0.6362241506576538,0.2161543071269989,0.20737935602664948,True
1710807515,fk_qslstm,ema,test,1000186,27,0.5581348538398743,0.5078043341636658,0.49961015582084656,True
1710807515,fk_qslstm,ema,test,1000186,28,-0.5376642346382141,0.08364495635032654,0.07938192784786224,True
1710807515,fk_qslstm,ema,test,1000186,29,0.10776934772729874,0.13157758116722107,0.12733522057533264,True
1710807515,fk_qslstm,ema,test,1000186,30,-0.8964415192604065,-0.4326028525829315,-0.43349170684814453,True
1710807515,fk_qslstm,ema,test,1000186,31,0.612305223941803,0.021300844848155975,0.02039235830307007,True
1710807515,fk_qslstm,ema,test,1000187,0,0.3897543251514435,0.2338525950908661,0.23376542329788208,True
1710807515,fk_qslstm,ema,test,1000187,1,0.8134942054748535,0.675178587436676,0.6791470050811768,True
1710807515,fk_qslstm,ema,test,1000187,2,0.9749618768692017,1.1251200437545776,1.1249680519104004,True
1710807515,fk_qslstm,ema,test,1000187,3,-0.7076141834259033,0.4755275249481201,0.4689391851425171,True
1710807515,fk_qslstm,ema,test,1000187,4,-0.691412627696991,-0.03442555293440819,-0.04377400875091553,True
1710807515,fk_qslstm,ema,test,1000187,5,0.8374573588371277,0.4749339520931244,0.4661029577255249,True
1710807515,fk_qslstm,ema,test,1000187,6,0.8551937937736511,0.8930634260177612,0.8920701742172241,True
1710807515,fk_qslstm,ema,test,1000187,7,0.4861155152320862,1.0061200857162476,1.0054371356964111,True
1710807515,fk_qslstm,ema,test,1000187,8,-0.1500820815563202,0.7148467898368835,0.7096169590950012,True
1710807515,fk_qslstm,ema,test,1000187,9,0.81999272108078,1.063873052597046,1.0658644437789917,True
1710807515,fk_qslstm,ema,test,1000187,10,0.7216750979423523,1.284103512763977,1.2817573547363281,True
1710807515,fk_qslstm,ema,test,1000187,11,-0.6586053371429443,0.6321195960044861,0.6319057941436768,True
1710807515,fk_qslstm,ema,test,1000187,12,-0.45261484384536743,0.23412677645683289,0.2298700213432312,True
1710807515,fk_qslstm,ema,test,1000187,13,-0.4892732799053192,-0.10626254230737686,-0.10931050777435303,True
1710807515,fk_qslstm,ema,test,1000187,14,-0.3190414309501648,-0.27643489837646484,-0.27595406770706177,True
1710807515,fk_qslstm,ema,test,1000187,15,-0.8268325328826904,-0.7172474265098572,-0.7202520966529846,True
1710807515,fk_qslstm,ema,test,1000187,16,-0.8185546398162842,-1.0649306774139404,-1.0700898170471191,True
1710807515,fk_qslstm,ema,test,1000187,17,-0.6639336943626404,-1.2503048181533813,-1.2527539730072021,True
1710807515,fk_qslstm,ema,test,1000187,18,-0.9753952622413635,-1.58548104763031,-1.54960036277771,True
1710807515,fk_qslstm,ema,test,1000187,19,0.15331827104091644,-1.1763938665390015,-1.1777260303497314,True
1710807515,fk_qslstm,ema,test,1000187,20,0.31374049186706543,-0.7528707385063171,-0.7671818137168884,True
1710807515,fk_qslstm,ema,test,1000187,21,-0.019496940076351166,-0.6139947772026062,-0.6242709159851074,True
1710807515,fk_qslstm,ema,test,1000187,22,-0.1944262981414795,-0.6078515648841858,-0.6113929152488708,True
1710807515,fk_qslstm,ema,test,1000187,23,0.6086550951004028,-0.12108822911977768,-0.11837583780288696,True
1710807515,fk_qslstm,ema,test,1000187,24,0.41560596227645874,0.15249300003051758,0.15379372239112854,True
1710807515,fk_qslstm,ema,test,1000187,25,0.3277783691883087,0.3186614215373993,0.31797173619270325,True
1710807515,fk_qslstm,ema,test,1000187,26,0.6117748618125916,0.6219940781593323,0.6234940886497498,True
1710807515,fk_qslstm,ema,test,1000187,27,0.7646739482879639,0.9563996195793152,0.9637870192527771,True
1710807515,fk_qslstm,ema,test,1000187,28,-0.41154682636260986,0.5181915760040283,0.5193293690681458,True
1710807515,fk_qslstm,ema,test,1000187,29,0.4160979986190796,0.6642121076583862,0.6651093363761902,True
1710807515,fk_qslstm,ema,test,1000187,30,-0.17678235471248627,0.4253002405166626,0.4256860315799713,True
1710807515,fk_qslstm,ema,test,1000187,31,0.7609871625900269,0.7968325018882751,0.8030266761779785,True
1710807515,fk_qslstm,ema,test,1000188,0,-0.5340796113014221,-0.32044774293899536,-0.318021297454834,True
1710807515,fk_qslstm,ema,test,1000188,1,0.9795361161231995,0.3313634693622589,0.3167063295841217,True
1710807515,fk_qslstm,ema,test,1000188,2,-0.049299031496047974,0.23551136255264282,0.2249268740415573,True
1710807515,fk_qslstm,ema,test,1000188,3,0.9668124914169312,0.768496572971344,0.7592854499816895,True
1710807515,fk_qslstm,ema,test,1000188,4,-0.35627683997154236,0.40103116631507874,0.39051276445388794,True
1710807515,fk_qslstm,ema,test,1000188,5,-0.3519704341888428,0.10964268445968628,0.10228350758552551,True
1710807515,fk_qslstm,ema,test,1000188,6,0.9208707809448242,0.6402366161346436,0.6357266902923584,True
1710807515,fk_qslstm,ema,test,1000188,7,-0.05984320864081383,0.47628337144851685,0.4702660143375397,True
1710807515,fk_qslstm,ema,test,1000188,8,-0.17227232456207275,0.27766329050064087,0.27265462279319763,True
1710807515,fk_qslstm,ema,test,1000188,9,0.9968703389167786,0.8202528357505798,0.818913996219635,True
1710807515,fk_qslstm,ema,test,1000188,10,-0.024376919493079185,0.6415761113166809,0.6348577737808228,True
1710807515,fk_qslstm,ema,test,1000188,11,0.7412127256393433,0.9579885601997375,0.9580324292182922,True
1710807515,fk_qslstm,ema,test,1000188,12,0.6475639939308167,1.154929280281067,1.156632900238037,True
1710807515,fk_qslstm,ema,test,1000188,13,-0.08654572069644928,0.8720159530639648,0.8728922009468079,True
1710807515,fk_qslstm,ema,test,1000188,14,-0.21199220418930054,0.5704174637794495,0.5671561360359192,True
1710807515,fk_qslstm,ema,test,1000188,15,0.31704121828079224,0.6465587019920349,0.6431299448013306,True
1710807515,fk_qslstm,ema,test,1000188,16,-0.588163435459137,0.16434888541698456,0.15965692698955536,True
1710807515,fk_qslstm,ema,test,1000188,17,0.40115830302238464,0.37217408418655396,0.3662516474723816,True
1710807515,fk_qslstm,ema,test,1000188,18,-0.9277470707893372,-0.2589089572429657,-0.2576541304588318,True
1710807515,fk_qslstm,ema,test,1000188,19,0.3485921025276184,0.0020280994940549135,0.0015842616558074951,True
1710807515,fk_qslstm,ema,test,1000188,20,0.005089632701128721,0.004676259122788906,0.008000850677490234,True
1710807515,fk_qslstm,ema,test,1000188,21,-0.4982203245162964,-0.2951911985874176,-0.290066659450531,True
1710807515,fk_qslstm,ema,test,1000188,22,0.053154513239860535,-0.20426024496555328,-0.19922667741775513,True
1710807515,fk_qslstm,ema,test,1000188,23,-0.030419936403632164,-0.18166016042232513,-0.17544853687286377,True
1710807515,fk_qslstm,ema,test,1000188,24,-0.5542134642601013,-0.47785618901252747,-0.4733111262321472,True
1710807515,fk_qslstm,ema,test,1000188,25,-0.4574459195137024,-0.6567525267601013,-0.6546065807342529,True
1710807515,fk_qslstm,ema,test,1000188,26,-0.8125967383384705,-1.0129600763320923,-1.014420986175537,True
1710807515,fk_qslstm,ema,test,1000188,27,-0.65409255027771,-1.202823519706726,-1.204272985458374,True
1710807515,fk_qslstm,ema,test,1000188,28,0.5985894799232483,-0.6031051278114319,-0.601931095123291,True
1710807515,fk_qslstm,ema,test,1000188,29,-0.008270760998129845,-0.4874465763568878,-0.48755818605422974,True
1710807515,fk_qslstm,ema,test,1000188,30,-0.10717130452394485,-0.45426005125045776,-0.45295196771621704,True
1710807515,fk_qslstm,ema,test,1000188,31,-0.574253499507904,-0.7079601287841797,-0.709544837474823,True
1710807515,fk_qslstm,ema,test,1000189,0,0.9443146586418152,0.5665887594223022,0.5537854433059692,True
1710807515,fk_qslstm,ema,test,1000189,1,-0.4260890781879425,0.1976175755262375,0.20160338282585144,True
1710807515,fk_qslstm,ema,test,1000189,2,0.27516573667526245,0.3231934905052185,0.31614089012145996,True
1710807515,fk_qslstm,ema,test,1000189,3,0.7885630130767822,0.7316926121711731,0.728736400604248,True
1710807515,fk_qslstm,ema,test,1000189,4,-0.032851506024599075,0.5656431913375854,0.5588935017585754,True
1710807515,fk_qslstm,ema,test,1000189,5,0.5925427079200745,0.808040201663971,0.8054954409599304,True
1710807515,fk_qslstm,ema,test,1000189,6,0.24398066103458405,0.7928205728530884,0.7898256778717041,True
1710807515,fk_qslstm,ema,test,1000189,7,0.9059050679206848,1.1777994632720947,1.177351474761963,True
1710807515,fk_qslstm,ema,test,1000189,8,-0.22969818115234375,0.8044206500053406,0.8014854192733765,True
1710807515,fk_qslstm,ema,test,1000189,9,0.4472518861293793,0.9118877053260803,0.912822425365448,True
1710807515,fk_qslstm,ema,test,1000189,10,-0.8639669418334961,0.21112996339797974,0.20926515758037567,True
1710807515,fk_qslstm,ema,test,1000189,11,0.249728262424469,0.31874093413352966,0.31450778245925903,True
1710807515,fk_qslstm,ema,test,1000189,12,0.5386147499084473,0.5781615972518921,0.5774859189987183,True
1710807515,fk_qslstm,ema,test,1000189,13,-0.4915582835674286,0.1675942987203598,0.16744959354400635,True
1710807515,fk_qslstm,ema,test,1000189,14,-0.8723286986351013,-0.38932177424430847,-0.38992810249328613,True
1710807515,fk_qslstm,ema,test,1000189,15,-0.9014038443565369,-0.852299690246582,-0.8567357659339905,True
1710807515,fk_qslstm,ema,test,1000189,16,0.11435054242610931,-0.6132294535636902,-0.6125468611717224,True
1710807515,fk_qslstm,ema,test,1000189,17,-0.09513179957866669,-0.547662615776062,-0.5444195866584778,True
1710807515,fk_qslstm,ema,test,1000189,18,0.2689938247203827,-0.2767338156700134,-0.2744383215904236,True
1710807515,fk_qslstm,ema,test,1000189,19,0.6125403046607971,0.14613713324069977,0.14435875415802002,True
1710807515,fk_qslstm,ema,test,1000189,20,-0.22202537953853607,-0.016305522993206978,-0.014421671628952026,True
1710807515,fk_qslstm,ema,test,1000189,21,0.20912328362464905,0.11242955178022385,0.11088529229164124,True
1710807515,fk_qslstm,ema,test,1000189,22,-0.2791278064250946,-0.0775330513715744,-0.07468822598457336,True
1710807515,fk_qslstm,ema,test,1000189,23,0.4681417644023895,0.21885862946510315,0.2177400141954422,True
1710807515,fk_qslstm,ema,test,1000189,24,-0.5428178906440735,-0.15060381591320038,-0.14834144711494446,True
1710807515,fk_qslstm,ema,test,1000189,25,0.4661378264427185,0.15919964015483856,0.15686824917793274,True
1710807515,fk_qslstm,ema,test,1000189,26,0.4961868226528168,0.4250718057155609,0.422372967004776,True
1710807515,fk_qslstm,ema,test,1000189,27,0.7470690011978149,0.7882988452911377,0.7906252145767212,True
1710807515,fk_qslstm,ema,test,1000189,28,-0.3436325788497925,0.4244595170021057,0.42253828048706055,True
1710807515,fk_qslstm,ema,test,1000189,29,-0.17193739116191864,0.2364051789045334,0.23476749658584595,True
1710807515,fk_qslstm,ema,test,1000189,30,-0.7182289361953735,-0.24181319773197174,-0.2417195439338684,True
1710807515,fk_qslstm,ema,test,1000189,31,-0.5666463375091553,-0.5334383845329285,-0.5340685844421387,True
1710807515,fk_qslstm,ema,test,1000190,0,-0.06427686661481857,-0.038566119968891144,-0.03724047541618347,True
1710807515,fk_qslstm,ema,test,1000190,1,0.15295158326625824,0.06091805174946785,0.05851909518241882,True
1710807515,fk_qslstm,ema,test,1000190,2,-0.8020830154418945,-0.43251535296440125,-0.4392760396003723,True
1710807515,fk_qslstm,ema,test,1000190,3,0.6983956098556519,0.07302508503198624,0.06644502282142639,True
1710807515,fk_qslstm,ema,test,1000190,4,-0.13244645297527313,-0.02104780077934265,-0.020508110523223877,True
1710807515,fk_qslstm,ema,test,1000190,5,-0.2576237916946411,-0.17141252756118774,-0.16752007603645325,True
1710807515,fk_qslstm,ema,test,1000190,6,-0.06313890963792801,-0.17501336336135864,-0.1691126525402069,True
1710807515,fk_qslstm,ema,test,1000190,7,0.9069718718528748,0.404172420501709,0.40565699338912964,True
1710807515,fk_qslstm,ema,test,1000190,8,-0.14407682418823242,0.23689183592796326,0.23829340934753418,True
1710807515,fk_qslstm,ema,test,1000190,9,-0.8965946435928345,-0.34844329953193665,-0.34680092334747314,True
1710807515,fk_qslstm,ema,test,1000190,10,0.7184112071990967,0.15229208767414093,0.15210935473442078,True
1710807515,fk_qslstm,ema,test,1000190,11,-0.7906093597412109,-0.35253193974494934,-0.34963011741638184,True
1710807515,fk_qslstm,ema,test,1000190,12,-0.7680226564407349,-0.7428391575813293,-0.747484028339386,True
1710807515,fk_qslstm,ema,test,1000190,13,-0.4195014536380768,-0.8459721803665161,-0.8505378365516663,True
1710807515,fk_qslstm,ema,test,1000190,14,0.5933064818382263,-0.32079386711120605,-0.31833237409591675,True
1710807515,fk_qslstm,ema,test,1000190,15,0.48249945044517517,0.03286457806825638,0.03159084916114807,True
1710807515,fk_qslstm,ema,test,1000190,16,0.6173629760742188,0.3967094421386719,0.3928768038749695,True
1710807515,fk_qslstm,ema,test,1000190,17,0.37609708309173584,0.54302579164505,0.5386173129081726,True
1710807515,fk_qslstm,ema,test,1000190,18,-0.24440422654151917,0.2877781093120575,0.28463318943977356,True
1710807515,fk_qslstm,ema,test,1000190,19,-0.6401183009147644,-0.15384849905967712,-0.1553260087966919,True
1710807515,fk_qslstm,ema,test,1000190,20,-0.7124918699264526,-0.5505739450454712,-0.5542107820510864,True
1710807515,fk_qslstm,ema,test,1000190,21,-0.12059908360242844,-0.5128185749053955,-0.5117787718772888,True
1710807515,fk_qslstm,ema,test,1000190,22,-0.7924131751060486,-0.8857027888298035,-0.8885312676429749,True
1710807515,fk_qslstm,ema,test,1000190,23,0.4797057509422302,-0.42073875665664673,-0.419852077960968,True
1710807515,fk_qslstm,ema,test,1000190,24,0.6596667170524597,0.059209033846855164,0.0568329393863678,True
1710807515,fk_qslstm,ema,test,1000190,25,-0.9473513960838318,-0.521043598651886,-0.5206664204597473,True
1710807515,fk_qslstm,ema,test,1000190,26,0.21367095410823822,-0.288632333278656,-0.2895403504371643,True
1710807515,fk_qslstm,ema,test,1000190,27,-0.431216299533844,-0.4896356463432312,-0.48849785327911377,True
1710807515,fk_qslstm,ema,test,1000190,28,-0.4412117898464203,-0.6564356088638306,-0.6567365527153015,True
1710807515,fk_qslstm,ema,test,1000190,29,-0.35537075996398926,-0.7383708953857422,-0.7384374737739563,True
1710807515,fk_qslstm,ema,test,1000190,30,-0.6028461456298828,-0.9524044394493103,-0.9557566046714783,True
1710807515,fk_qslstm,ema,test,1000190,31,-0.8780356645584106,-1.2887449264526367,-1.2842791080474854,True
1710807515,fk_qslstm,ema,test,1000191,0,0.2657894194126129,0.15947364270687103,0.1595473438501358,True
1710807515,fk_qslstm,ema,test,1000191,1,-0.2995108366012573,-0.05212758108973503,-0.042865216732025146,True
1710807515,fk_qslstm,ema,test,1000191,2,0.9950082302093506,0.5553028583526611,0.5498067140579224,True
1710807515,fk_qslstm,ema,test,1000191,3,0.20964062213897705,0.570026695728302,0.5621188879013062,True
1710807515,fk_qslstm,ema,test,1000191,4,0.7242475748062134,0.8905698657035828,0.8888161182403564,True
1710807515,fk_qslstm,ema,test,1000191,5,-0.5109238624572754,0.40590158104896545,0.3992036283016205,True
1710807515,fk_qslstm,ema,test,1000191,6,-0.6562349796295166,-0.06901972740888596,-0.07588326930999756,True
1710807515,fk_qslstm,ema,test,1000191,7,-0.5203832983970642,-0.36744576692581177,-0.37134164571762085,True
1710807515,fk_qslstm,ema,test,1000191,8,0.12204250693321228,-0.22073112428188324,-0.22184771299362183,True
1710807515,fk_qslstm,ema,test,1000191,9,0.01274090725928545,-0.16894035041332245,-0.1681288480758667,True
1710807515,fk_qslstm,ema,test,1000191,10,0.5203086733818054,0.177032932639122,0.17363741993904114,True
1710807515,fk_qslstm,ema,test,1000191,11,0.8623937368392944,0.6590625643730164,0.6576917171478271,True
1710807515,fk_qslstm,ema,test,1000191,12,-0.3901417851448059,0.293164998292923,0.28866493701934814,True
1710807515,fk_qslstm,ema,test,1000191,13,-0.28853440284729004,0.06141135096549988,0.058235153555870056,True
1710807515,fk_qslstm,ema,test,1000191,14,-0.7565577626228333,-0.40480557084083557,-0.40787315368652344,True
1710807515,fk_qslstm,ema,test,1000191,15,-0.8688859939575195,-0.845176100730896,-0.8523572087287903,True
1710807515,fk_qslstm,ema,test,1000191,16,0.6835176348686218,-0.26603028178215027,-0.26490312814712524,True
1710807515,fk_qslstm,ema,test,1000191,17,0.4965689480304718,0.08511713147163391,0.08292421698570251,True
1710807515,fk_qslstm,ema,test,1000191,18,0.8813788890838623,0.5969210267066956,0.5937511920928955,True
1710807515,fk_qslstm,ema,test,1000191,19,0.9663974642753601,1.0573753118515015,1.057168960571289,True
1710807515,fk_qslstm,ema,test,1000191,20,0.41797709465026855,1.0966864824295044,1.0944883823394775,True
1710807515,fk_qslstm,ema,test,1000191,21,-0.8812021017074585,0.3486279547214508,0.34629273414611816,True
1710807515,fk_qslstm,ema,test,1000191,22,-0.4729481637477875,-0.004866536241024733,-0.007441788911819458,True
1710807515,fk_qslstm,ema,test,1000191,23,0.4856748580932617,0.2875116765499115,0.2834533452987671,True
1710807515,fk_qslstm,ema,test,1000191,24,0.0930786207318306,0.2858565151691437,0.28267019987106323,True
1710807515,fk_qslstm,ema,test,1000191,25,-0.5569285750389099,-0.10547193139791489,-0.10638386011123657,True
1710807515,fk_qslstm,ema,test,1000191,26,0.11471758782863617,-0.015546990558505058,-0.01680999994277954,True
1710807515,fk_qslstm,ema,test,1000191,27,-0.5429289937019348,-0.33819499611854553,-0.33667081594467163,True
1710807515,fk_qslstm,ema,test,1000191,28,0.4125792384147644,-0.023008456453680992,-0.0246218740940094,True
1710807515,fk_qslstm,ema,test,1000191,29,0.9690822958946228,0.5630426406860352,0.5587565898895264,True
1710807515,fk_qslstm,ema,test,1000191,30,-0.5506734848022461,0.1200299933552742,0.11392776668071747,True
1710807515,fk_qslstm,ema,test,1000191,31,-0.0076559134759008884,0.09143044799566269,0.0844094306230545,True
1710807515,fk_qslstm,ema,test,1000192,0,0.7356688380241394,0.44140130281448364,0.43795186281204224,True
1710807515,fk_qslstm,ema,test,1000192,1,-0.5735237002372742,0.00900683831423521,0.022587180137634277,True
1710807515,fk_qslstm,ema,test,1000192,2,0.6963541507720947,0.42501795291900635,0.42581459879875183,True
1710807515,fk_qslstm,ema,test,1000192,3,0.0006274200277402997,0.34039080142974854,0.3398352563381195,True
1710807515,fk_qslstm,ema,test,1000192,4,0.6535903811454773,0.664466917514801,0.66546630859375,True
1710807515,fk_qslstm,ema,test,1000192,5,0.07992202043533325,0.5795267224311829,0.5782409906387329,True
1710807515,fk_qslstm,ema,test,1000192,6,0.11672693490982056,0.5336575508117676,0.5308650135993958,True
1710807515,fk_qslstm,ema,test,1000192,7,-0.22007282078266144,0.2948823571205139,0.29402899742126465,True
1710807515,fk_qslstm,ema,test,1000192,8,0.08803247660398483,0.2887253761291504,0.2890194058418274,True
1710807515,fk_qslstm,ema,test,1000192,9,0.9387275576591492,0.7942168116569519,0.7993726134300232,True
1710807515,fk_qslstm,ema,test,1000192,10,-0.6371583938598633,0.253078430891037,0.2523762881755829,True
1710807515,fk_qslstm,ema,test,1000192,11,-0.9820749163627625,-0.3867821991443634,-0.3854166865348816,True
1710807515,fk_qslstm,ema,test,1000192,12,-0.7766349911689758,-0.7754067182540894,-0.7786505818367004,True
1710807515,fk_qslstm,ema,test,1000192,13,-0.9421682953834534,-1.1856263875961304,-1.1836609840393066,True
1710807515,fk_qslstm,ema,test,1000192,14,-0.22770391404628754,-1.0851234197616577,-1.0860090255737305,True
1710807515,fk_qslstm,ema,test,1000192,15,-0.6801309585571289,-1.2761772871017456,-1.2768924236297607,True
1710807515,fk_qslstm,ema,test,1000192,16,0.47398680448532104,-0.7365497350692749,-0.7387107014656067,True
1710807515,fk_qslstm,ema,test,1000192,17,0.42190858721733093,-0.3360946476459503,-0.33683574199676514,True
1710807515,fk_qslstm,ema,test,1000192,18,0.8205762505531311,0.22347001731395721,0.22117841243743896,True
1710807515,fk_qslstm,ema,test,1000192,19,-0.5266713500022888,-0.13722679018974304,-0.13377612829208374,True
1710807515,fk_qslstm,ema,test,1000192,20,-0.3626238703727722,-0.3273557424545288,-0.32252371311187744,True
1710807515,fk_qslstm,ema,test,1000192,21,-0.9361588358879089,-0.8235799074172974,-0.8218539357185364,True
1710807515,fk_qslstm,ema,test,1000192,22,0.7577744126319885,-0.20419926941394806,-0.19613951444625854,True
1710807515,fk_qslstm,ema,test,1000192,23,0.1555151492357254,-0.07005032151937485,-0.06342834234237671,True
1710807515,fk_qslstm,ema,test,1000192,24,0.9629024267196655,0.5217012166976929,0.5216870903968811,True
1710807515,fk_qslstm,ema,test,1000192,25,0.8834028244018555,0.9474026560783386,0.9512955546379089,True
1710807515,fk_qslstm,ema,test,1000192,26,0.34277063608169556,0.9635844826698303,0.9648124575614929,True
1710807515,fk_qslstm,ema,test,1000192,27,0.6222871541976929,1.144239902496338,1.147329330444336,True
1710807515,fk_qslstm,ema,test,1000192,28,-0.75094074010849,0.4648274779319763,0.4638617932796478,True
1710807515,fk_qslstm,ema,test,1000192,29,-0.5048202276229858,0.06896984577178955,0.06609806418418884,True
1710807515,fk_qslstm,ema,test,1000192,30,0.9756646156311035,0.6405746340751648,0.6380071640014648,True
1710807515,fk_qslstm,ema,test,1000192,31,0.9672107696533203,1.092786192893982,1.092895746231079,True
1710807515,fk_qslstm,ema,test,1000193,0,-0.4995264410972595,-0.2997158467769623,-0.2973790764808655,True
1710807515,fk_qslstm,ema,test,1000193,1,0.48087695240974426,0.048753492534160614,0.040091902017593384,True
1710807515,fk_qslstm,ema,test,1000193,2,-0.9164519906044006,-0.5108684301376343,-0.5188186764717102,True
1710807515,fk_qslstm,ema,test,1000193,3,0.018587535247206688,-0.39754220843315125,-0.4026411771774292,True
1710807515,fk_qslstm,ema,test,1000193,4,-0.6527163982391357,-0.7096635699272156,-0.7157163023948669,True
1710807515,fk_qslstm,ema,test,1000193,5,0.5360922813415527,-0.24607551097869873,-0.24701184034347534,True
1710807515,fk_qslstm,ema,test,1000193,6,-0.4924262762069702,-0.4923161566257477,-0.49130088090896606,True
1710807515,fk_qslstm,ema,test,1000193,7,-0.7468264698982239,-0.8419488072395325,-0.8475597500801086,True
1710807515,fk_qslstm,ema,test,1000193,8,0.2278987467288971,-0.5368198156356812,-0.5393347144126892,True
1710807515,fk_qslstm,ema,test,1000193,9,0.11209116876125336,-0.36220115423202515,-0.36399930715560913,True
1710807515,fk_qslstm,ema,test,1000193,10,-0.804776668548584,-0.7726269364356995,-0.7795332074165344,True
1710807515,fk_qslstm,ema,test,1000193,11,-0.17114226520061493,-0.7207868695259094,-0.7267702221870422,True
1710807515,fk_qslstm,ema,test,1000193,12,-0.18080174922943115,-0.6851105690002441,-0.6883834600448608,True
1710807515,fk_qslstm,ema,test,1000193,13,-0.518179714679718,-0.8589962720870972,-0.8645363450050354,True
1710807515,fk_qslstm,ema,test,1000193,14,0.9276706576347351,-0.1305946260690689,-0.13158929347991943,True
1710807515,fk_qslstm,ema,test,1000193,15,-0.6740159392356873,-0.5088852643966675,-0.5103453397750854,True
1710807515,fk_qslstm,ema,test,1000193,16,0.9687138199806213,0.17412005364894867,0.16571572422981262,True
1710807515,fk_qslstm,ema,test,1000193,17,0.1509830355644226,0.22988586127758026,0.22194480895996094,True
1710807515,fk_qslstm,ema,test,1000193,18,-0.15039587020874023,0.09367117285728455,0.0884392261505127,True
1710807515,fk_qslstm,ema,test,1000193,19,0.9374473094940186,0.6374053359031677,0.6326000690460205,True
1710807515,fk_qslstm,ema,test,1000193,20,-0.39191582798957825,0.2747747600078583,0.26840704679489136,True
1710807515,fk_qslstm,ema,test,1000193,21,-0.48461657762527466,-0.07095015048980713,-0.07594552636146545,True
1710807515,fk_qslstm,ema,test,1000193,22,0.27802610397338867,0.11005553603172302,0.10402652621269226,True
1710807515,fk_qslstm,ema,test,1000193,23,0.27644839882850647,0.2539134621620178,0.2478395700454712,True
1710807515,fk_qslstm,ema,test,1000193,24,0.35904252529144287,0.4185563027858734,0.4119967222213745,True
1710807515,fk_qslstm,ema,test,1000193,25,0.21514572203159332,0.46393245458602905,0.457602858543396,True
1710807515,fk_qslstm,ema,test,1000193,26,-0.9013309478759766,-0.16965258121490479,-0.17093271017074585,True
1710807515,fk_qslstm,ema,test,1000193,27,0.1150979995727539,-0.06666326522827148,-0.06673258543014526,True
1710807515,fk_qslstm,ema,test,1000193,28,-0.42499351501464844,-0.30832672119140625,-0.3031582832336426,True
1710807515,fk_qslstm,ema,test,1000193,29,0.256681889295578,-0.09265223890542984,-0.08960261940956116,True
1710807515,fk_qslstm,ema,test,1000193,30,0.3943844437599182,0.16250887513160706,0.16216535866260529,True
1710807515,fk_qslstm,ema,test,1000193,31,0.24719145894050598,0.2783219814300537,0.27575549483299255,True
1710807515,fk_qslstm,ema,test,1000194,0,0.13871614634990692,0.08322969079017639,0.08363643288612366,True
1710807515,fk_qslstm,ema,test,1000194,1,-0.646247148513794,-0.3211645185947418,-0.31483346223831177,True
1710807515,fk_qslstm,ema,test,1000194,2,-0.6014633774757385,-0.6178096532821655,-0.623974621295929,True
1710807515,fk_qslstm,ema,test,1000194,3,-0.2664163410663605,-0.6540974974632263,-0.6586390733718872,True
1710807515,fk_qslstm,ema,test,1000194,4,0.1889660507440567,-0.4098983705043793,-0.4111422896385193,True
1710807515,fk_qslstm,ema,test,1000194,5,0.5376468300819397,-0.005330622661858797,-0.008549213409423828,True
1710807515,fk_qslstm,ema,test,1000194,6,0.8951447606086731,0.5328223705291748,0.5278007984161377,True
1710807515,fk_qslstm,ema,test,1000194,7,0.611031174659729,0.7928766012191772,0.7905712127685547,True
1710807515,fk_qslstm,ema,test,1000194,8,0.5660003423690796,0.9739014506340027,0.9747620224952698,True
1710807515,fk_qslstm,ema,test,1000194,9,0.7271319627761841,1.2154003381729126,1.216261625289917,True
1710807515,fk_qslstm,ema,test,1000194,10,-0.5481541752815247,0.6434277892112732,0.6424269676208496,True
1710807515,fk_qslstm,ema,test,1000194,11,-0.28843194246292114,0.3416830599308014,0.33782199025154114,True
1710807515,fk_qslstm,ema,test,1000194,12,0.48927778005599976,0.5669131278991699,0.564279317855835,True
1710807515,fk_qslstm,ema,test,1000194,13,0.7729359269142151,0.917292058467865,0.922194242477417,True
1710807515,fk_qslstm,ema,test,1000194,14,0.6475298404693604,1.1223515272140503,1.128132700920105,True
1710807515,fk_qslstm,ema,test,1000194,15,0.5002374649047852,1.1980236768722534,1.2027332782745361,True
1710807515,fk_qslstm,ema,test,1000194,16,-0.6066368222236633,0.5944368839263916,0.5966426134109497,True
1710807515,fk_qslstm,ema,test,1000194,17,-0.23508431017398834,0.33449891209602356,0.3332555294036865,True
1710807515,fk_qslstm,ema,test,1000194,18,-0.8878801465034485,-0.2651289701461792,-0.26479506492614746,True
1710807515,fk_qslstm,ema,test,1000194,19,0.10940086841583252,-0.14646264910697937,-0.14549365639686584,True
1710807515,fk_qslstm,ema,test,1000194,20,-0.3642382025718689,-0.33571305871009827,-0.33073610067367554,True
1710807515,fk_qslstm,ema,test,1000194,21,-0.2708182632923126,-0.43106138706207275,-0.4250175952911377,True
1710807515,fk_qslstm,ema,test,1000194,22,0.6410372257232666,0.039773229509592056,0.042623281478881836,True
1710807515,fk_qslstm,ema,test,1000194,23,0.8331571817398071,0.5317128896713257,0.5330696105957031,True
1710807515,fk_qslstm,ema,test,1000194,24,-0.21811215579509735,0.29450303316116333,0.2936275601387024,True
1710807515,fk_qslstm,ema,test,1000194,25,-0.682964026927948,-0.17417597770690918,-0.17606937885284424,True
1710807515,fk_qslstm,ema,test,1000194,26,0.20381559431552887,-0.01705143041908741,-0.020210355520248413,True
1710807515,fk_qslstm,ema,test,1000194,27,0.17966234683990479,0.09415625780820847,0.09127841889858246,True
1710807515,fk_qslstm,ema,test,1000194,28,0.23165924847126007,0.21432055532932281,0.20994049310684204,True
1710807515,fk_qslstm,ema,test,1000194,29,-0.7249353528022766,-0.2635047435760498,-0.26603204011917114,True
1710807515,fk_qslstm,ema,test,1000194,30,-0.9551677107810974,-0.7839044332504272,-0.7895494103431702,True
1710807515,fk_qslstm,ema,test,1000194,31,-0.8303138613700867,-1.1253118515014648,-1.1301324367523193,True
1710807515,fk_qslstm,ema,test,1000195,0,-0.9286191463470459,-0.5571714639663696,-0.5448181629180908,True
1710807515,fk_qslstm,ema,test,1000195,1,0.7244702577590942,-0.011055036447942257,-0.009384959936141968,True
1710807515,fk_qslstm,ema,test,1000195,2,0.024144677445292473,0.005642777308821678,0.010232865810394287,True
1710807515,fk_qslstm,ema,test,1000195,3,0.722400426864624,0.43795445561408997,0.4402734041213989,True
1710807515,fk_qslstm,ema,test,1000195,4,0.04299134388566017,0.37615838646888733,0.38027289509773254,True
1710807515,fk_qslstm,ema,test,1000195,5,-0.5692656636238098,-0.04063267633318901,-0.03433793783187866,True
1710807515,fk_qslstm,ema,test,1000195,6,-0.6133823990821838,-0.40053558349609375,-0.3949897289276123,True
1710807515,fk_qslstm,ema,test,1000195,7,-0.3870299756526947,-0.5526464581489563,-0.5453691482543945,True
1710807515,fk_qslstm,ema,test,1000195,8,0.9390519261360168,0.12131398916244507,0.12577897310256958,True
1710807515,fk_qslstm,ema,test,1000195,9,0.4109591245651245,0.34362664818763733,0.34473738074302673,True
1710807515,fk_qslstm,ema,test,1000195,10,-0.744465708732605,-0.1717781126499176,-0.17040285468101501,True
1710807515,fk_qslstm,ema,test,1000195,11,-0.46931296586990356,-0.4190102517604828,-0.41828399896621704,True
1710807515,fk_qslstm,ema,test,1000195,12,-0.774604082107544,-0.7999706864356995,-0.8034321665763855,True
1710807515,fk_qslstm,ema,test,1000195,13,0.3539341688156128,-0.42761602997779846,-0.4278388023376465,True
1710807515,fk_qslstm,ema,test,1000195,14,-0.6127282977104187,-0.709729790687561,-0.7133851647377014,True
1710807515,fk_qslstm,ema,test,1000195,15,0.9933932423591614,0.028252098709344864,0.021457314491271973,True
1710807515,fk_qslstm,ema,test,1000195,16,0.7282559275627136,0.4595552384853363,0.4521506428718567,True
1710807515,fk_qslstm,ema,test,1000195,17,-0.3614042401313782,0.1508016586303711,0.1452590376138687,True
1710807515,fk_qslstm,ema,test,1000195,18,-0.312453955411911,-0.06683105230331421,-0.06947159767150879,True
1710807515,fk_qslstm,ema,test,1000195,19,-0.2549727261066437,-0.20644846558570862,-0.20462030172348022,True
1710807515,fk_qslstm,ema,test,1000195,20,0.5113072991371155,0.14162561297416687,0.14046630263328552,True
1710807515,fk_qslstm,ema,test,1000195,21,-0.7247017025947571,-0.32152053713798523,-0.3211124539375305,True
1710807515,fk_qslstm,ema,test,1000195,22,0.9011067748069763,0.28344762325286865,0.27844223380088806,True
1710807515,fk_qslstm,ema,test,1000195,23,-0.3743199110031128,0.002166145946830511,0.002132624387741089,True
1710807515,fk_qslstm,ema,test,1000195,24,0.8673744201660156,0.5221575498580933,0.5190703868865967,True
1710807515,fk_qslstm,ema,test,1000195,25,-0.24144302308559418,0.27286022901535034,0.2701626121997833,True
1710807515,fk_qslstm,ema,test,1000195,26,-0.06161080300807953,0.18132171034812927,0.1786748319864273,True
1710807515,fk_qslstm,ema,test,1000195,27,-0.3883305788040161,-0.08794098347425461,-0.08611056208610535,True
1710807515,fk_qslstm,ema,test,1000195,28,0.15436014533042908,0.02226330153644085,0.023168593645095825,True
1710807515,fk_qslstm,ema,test,1000195,29,0.9375045299530029,0.5803133249282837,0.5802628993988037,True
1710807515,fk_qslstm,ema,test,1000195,30,0.9811273813247681,1.0529271364212036,1.0549426078796387,True
1710807515,fk_qslstm,ema,test,1000195,31,0.3557587265968323,1.0557968616485596,1.054547905921936,True
1710807515,fk_qslstm,ema,test,1000196,0,-0.427754670381546,-0.2566528022289276,-0.25440800189971924,True
1710807515,fk_qslstm,ema,test,1000196,1,-0.19271591305732727,-0.32095178961753845,-0.32221102714538574,True
1710807515,fk_qslstm,ema,test,1000196,2,-0.49988609552383423,-0.5566930770874023,-0.5632102489471436,True
1710807515,fk_qslstm,ema,test,1000196,3,-0.27826589345932007,-0.612313985824585,-0.6161965131759644,True
1710807515,fk_qslstm,ema,test,1000196,4,0.02770739234983921,-0.47322675585746765,-0.4723995327949524,True
1710807515,fk_qslstm,ema,test,1000196,5,0.37008723616600037,-0.15652906894683838,-0.15615028142929077,True
1710807515,fk_qslstm,ema,test,1000196,6,-0.8576942682266235,-0.639839768409729,-0.6418988108634949,True
1710807515,fk_qslstm,ema,test,1000196,7,-0.4367545247077942,-0.7739245295524597,-0.7786222100257874,True
1710807515,fk_qslstm,ema,test,1000196,8,0.573806881904602,-0.27485552430152893,-0.27377432584762573,True
1710807515,fk_qslstm,ema,test,1000196,9,-0.18885646760463715,-0.33319827914237976,-0.3292926549911499,True
1710807515,fk_qslstm,ema,test,1000196,10,-0.9648543000221252,-0.845471203327179,-0.8452039361000061,True
1710807515,fk_qslstm,ema,test,1000196,11,-0.8831182718276978,-1.2062479257583618,-1.2036199569702148,True
1710807515,fk_qslstm,ema,test,1000196,12,-0.0011527864262461662,-0.965690016746521,-0.9681288599967957,True
1710807515,fk_qslstm,ema,test,1000196,13,-0.16694705188274384,-0.8727202415466309,-0.8778727650642395,True
1710807515,fk_qslstm,ema,test,1000196,14,0.9475707411766052,-0.12963373959064484,-0.12900492548942566,True
1710807515,fk_qslstm,ema,test,1000196,15,-0.9164217710494995,-0.6535600423812866,-0.6527426242828369,True
1710807515,fk_qslstm,ema,test,1000196,16,-0.03677113354206085,-0.544910728931427,-0.543991208076477,True
1710807515,fk_qslstm,ema,test,1000196,17,-0.7535926699638367,-0.8880841732025146,-0.8914807438850403,True
1710807515,fk_qslstm,ema,test,1000196,18,0.6116158962249756,-0.3434978127479553,-0.3401826024055481,True
1710807515,fk_qslstm,ema,test,1000196,19,0.846626877784729,0.23317787051200867,0.23241236805915833,True
1710807515,fk_qslstm,ema,test,1000196,20,-0.8351800441741943,-0.3145657479763031,-0.31275928020477295,True
1710807515,fk_qslstm,ema,test,1000196,21,-0.36560553312301636,-0.47101590037345886,-0.47008001804351807,True
1710807515,fk_qslstm,ema,test,1000196,22,0.761573314666748,0.08013125509023666,0.08136743307113647,True
1710807515,fk_qslstm,ema,test,1000196,23,-0.760978639125824,-0.3924821615219116,-0.3897770643234253,True
1710807515,fk_qslstm,ema,test,1000196,24,0.7963398098945618,0.1638181507587433,0.16221244633197784,True
1710807515,fk_qslstm,ema,test,1000196,25,0.2831457257270813,0.30094197392463684,0.2982995808124542,True
1710807515,fk_qslstm,ema,test,1000196,26,0.7455348372459412,0.6880744695663452,0.6881219148635864,True
1710807515,fk_qslstm,ema,test,1000196,27,0.5069280862808228,0.8546164035797119,0.8567652106285095,True
1710807515,fk_qslstm,ema,test,1000196,28,-0.3681468665599823,0.46280500292778015,0.4601013660430908,True
1710807515,fk_qslstm,ema,test,1000196,29,-0.6212835907936096,-0.002526156837120652,-0.005633324384689331,True
1710807515,fk_qslstm,ema,test,1000196,30,-0.5315978527069092,-0.32097962498664856,-0.3215727210044861,True
1710807515,fk_qslstm,ema,test,1000196,31,0.19357618689537048,-0.14063799381256104,-0.13998281955718994,True
1710807515,fk_qslstm,ema,test,1000197,0,-0.9742273092269897,-0.5845363736152649,-0.5690141916275024,True
1710807515,fk_qslstm,ema,test,1000197,1,0.5949199199676514,-0.11067716032266617,-0.10716044902801514,True
1710807515,fk_qslstm,ema,test,1000197,2,0.815197229385376,0.4005766212940216,0.3995722532272339,True
1710807515,fk_qslstm,ema,test,1000197,3,0.03829321265220642,0.34343722462654114,0.3451266288757324,True
1710807515,fk_qslstm,ema,test,1000197,4,-0.1589704155921936,0.1793675273656845,0.1851670742034912,True
1710807515,fk_qslstm,ema,test,1000197,5,0.07267435640096664,0.1870986372232437,0.19450554251670837,True
1710807515,fk_qslstm,ema,test,1000197,6,0.748664379119873,0.5988775491714478,0.6086786985397339,True
1710807515,fk_qslstm,ema,test,1000197,7,-0.05724890157580376,0.44475269317626953,0.45251595973968506,True
1710807515,fk_qslstm,ema,test,1000197,8,0.8312036991119385,0.8545243740081787,0.8666024804115295,True
1710807515,fk_qslstm,ema,test,1000197,9,0.8169550895690918,1.1737926006317139,1.18472421169281,True
1710807515,fk_qslstm,ema,test,1000197,10,-0.15285399556159973,0.847321629524231,0.8554057478904724,True
1710807515,fk_qslstm,ema,test,1000197,11,0.28970298171043396,0.8516790866851807,0.8593510985374451,True
1710807515,fk_qslstm,ema,test,1000197,12,0.8952822685241699,1.2185126543045044,1.225196361541748,True
1710807515,fk_qslstm,ema,test,1000197,13,0.7924991846084595,1.4503096342086792,1.436401128768921,True
1710807515,fk_qslstm,ema,test,1000197,14,-0.45169293880462646,0.8892319202423096,0.8942330479621887,True
1710807515,fk_qslstm,ema,test,1000197,15,0.5685920715332031,1.0525407791137695,1.0674489736557007,True
1710807515,fk_qslstm,ema,test,1000197,16,0.8636585474014282,1.3602277040481567,1.3626790046691895,True
1710807515,fk_qslstm,ema,test,1000197,17,-0.8645481467247009,0.5694533586502075,0.5805503129959106,True
1710807515,fk_qslstm,ema,test,1000197,18,0.8277470469474792,0.9522109031677246,0.9706873297691345,True
1710807515,fk_qslstm,ema,test,1000197,19,0.6156730055809021,1.13117253780365,1.146442174911499,True
1710807515,fk_qslstm,ema,test,1000197,20,0.5594736933708191,1.2406222820281982,1.2504773139953613,True
1710807515,fk_qslstm,ema,test,1000197,21,0.8647162914276123,1.5113275051116943,1.4934613704681396,True
1710807515,fk_qslstm,ema,test,1000197,22,0.038394588977098465,1.2320988178253174,1.233614206314087,True
1710807515,fk_qslstm,ema,test,1000197,23,0.9119119048118591,1.5328261852264404,1.5151727199554443,True
1710807515,fk_qslstm,ema,test,1000197,24,-0.9076018333435059,0.6816998720169067,0.7018131017684937,True
1710807515,fk_qslstm,ema,test,1000197,25,-0.19610831141471863,0.4276948869228363,0.43970510363578796,True
1710807515,fk_qslstm,ema,test,1000197,26,-0.3858987092971802,0.11061669141054153,0.11181926727294922,True
1710807515,fk_qslstm,ema,test,1000197,27,0.49772530794143677,0.3871285319328308,0.38148927688598633,True
1710807515,fk_qslstm,ema,test,1000197,28,-0.9712917804718018,-0.2730722427368164,-0.27309566736221313,True
1710807515,fk_qslstm,ema,test,1000197,29,0.2702992260456085,-0.05627826601266861,-0.060927510261535645,True
1710807515,fk_qslstm,ema,test,1000197,30,-0.541851282119751,-0.3701333999633789,-0.37233853340148926,True
1710807515,fk_qslstm,ema,test,1000197,31,-0.2742012143135071,-0.4606274366378784,-0.4616386890411377,True
1710807515,fk_qslstm,ema,test,1000198,0,0.05182835832238197,0.031097015365958214,0.031863391399383545,True
1710807515,fk_qslstm,ema,test,1000198,1,-0.4907236099243164,-0.26955655217170715,-0.2637050151824951,True
1710807515,fk_qslstm,ema,test,1000198,2,0.6386175751686096,0.1675253063440323,0.16253620386123657,True
1710807515,fk_qslstm,ema,test,1000198,3,0.3878224194049835,0.3667137026786804,0.361285001039505,True
1710807515,fk_qslstm,ema,test,1000198,4,0.958086371421814,0.8682227730751038,0.8666510581970215,True
1710807515,fk_qslstm,ema,test,1000198,5,-0.7704035043716431,0.2323361188173294,0.2266501784324646,True
1710807515,fk_qslstm,ema,test,1000198,6,-0.7497003078460693,-0.26395130157470703,-0.2711254954338074,True
1710807515,fk_qslstm,ema,test,1000198,7,0.1937524974346161,-0.09490954130887985,-0.1002001166343689,True
1710807515,fk_qslstm,ema,test,1000198,8,-0.0753546804189682,-0.12114044278860092,-0.12147888541221619,True
1710807515,fk_qslstm,ema,test,1000198,9,0.04268454387784004,-0.07130162417888641,-0.07105663418769836,True
1710807515,fk_qslstm,ema,test,1000198,10,0.9592440724372864,0.5185051560401917,0.5149350166320801,True
1710807515,fk_qslstm,ema,test,1000198,11,0.21828237175941467,0.5457735061645508,0.5389401912689209,True
1710807515,fk_qslstm,ema,test,1000198,12,0.6373401880264282,0.8190229535102844,0.8166536688804626,True
1710807515,fk_qslstm,ema,test,1000198,13,-0.1861153542995453,0.5435491800308228,0.5379897356033325,True
1710807515,fk_qslstm,ema,test,1000198,14,0.6369226574897766,0.8169929385185242,0.8168413639068604,True
1710807515,fk_qslstm,ema,test,1000198,15,0.8198750019073486,1.1455193758010864,1.1490583419799805,True
1710807515,fk_qslstm,ema,test,1000198,16,-0.6533649563789368,0.5243964791297913,0.5231504440307617,True
1710807515,fk_qslstm,ema,test,1000198,17,-0.5871692299842834,0.06721566617488861,0.06351782381534576,True
1710807515,fk_qslstm,ema,test,1000198,18,0.09409000724554062,0.11022653430700302,0.10718473792076111,True
1710807515,fk_qslstm,ema,test,1000198,19,0.7343426942825317,0.528786838054657,0.5283581018447876,True
1710807515,fk_qslstm,ema,test,1000198,20,0.7451447248458862,0.8701163530349731,0.8752836585044861,True
1710807515,fk_qslstm,ema,test,1000198,21,0.8884629011154175,1.229170799255371,1.231499433517456,True
1710807515,fk_qslstm,ema,test,1000198,22,-0.27587297558784485,0.8178128600120544,0.8183890581130981,True
1710807515,fk_qslstm,ema,test,1000198,23,-0.786583423614502,0.18230023980140686,0.177741140127182,True
1710807515,fk_qslstm,ema,test,1000198,24,-0.22874215245246887,0.00859489943832159,0.005927771329879761,True
1710807515,fk_qslstm,ema,test,1000198,25,0.9490893483161926,0.5763295292854309,0.5739523768424988,True
1710807515,fk_qslstm,ema,test,1000198,26,-0.07156525552272797,0.4181244671344757,0.41262882947921753,True
1710807515,fk_qslstm,ema,test,1000198,27,0.10707683116197586,0.39874565601348877,0.3912619352340698,True
1710807515,fk_qslstm,ema,test,1000198,28,-0.07675433903932571,0.2729439437389374,0.2678888440132141,True
1710807515,fk_qslstm,ema,test,1000198,29,-0.29920926690101624,0.038829587399959564,0.03860488533973694,True
1710807515,fk_qslstm,ema,test,1000198,30,-0.9739513993263245,-0.5533071756362915,-0.55146723985672,True
1710807515,fk_qslstm,ema,test,1000198,31,0.3219398856163025,-0.24948182702064514,-0.2459118366241455,True
1710807515,fk_qslstm,ema,test,1000199,0,-0.6938225030899048,-0.41629350185394287,-0.4124971628189087,True
1710807515,fk_qslstm,ema,test,1000199,1,-0.8609159588813782,-0.8495844006538391,-0.8576530814170837,True
1710807515,fk_qslstm,ema,test,1000199,2,0.34348633885383606,-0.4735757112503052,-0.4838021397590637,True
1710807515,fk_qslstm,ema,test,1000199,3,-0.651069700717926,-0.7695023417472839,-0.781304657459259,True
1710807515,fk_qslstm,ema,test,1000199,4,-0.26592764258384705,-0.7751584649085999,-0.7845144867897034,True
1710807515,fk_qslstm,ema,test,1000199,5,-0.7967884540557861,-1.0981998443603516,-1.1067800521850586,True
1710807515,fk_qslstm,ema,test,1000199,6,-0.43794918060302734,-1.1413294076919556,-1.1502127647399902,True
1710807515,fk_qslstm,ema,test,1000199,7,-0.2617258131504059,-1.0700989961624146,-1.0805130004882812,True
1710807515,fk_qslstm,ema,test,1000199,8,-0.8054481744766235,-1.3393480777740479,-1.341259479522705,True
1710807515,fk_qslstm,ema,test,1000199,9,-0.03543971851468086,-1.0927423238754272,-1.1041929721832275,True
1710807515,fk_qslstm,ema,test,1000199,10,-0.1835629791021347,-0.9843316674232483,-0.9990963339805603,True
1710807515,fk_qslstm,ema,test,1000199,11,-0.5598407983779907,-1.123369812965393,-1.137962818145752,True
1710807515,fk_qslstm,ema,test,1000199,12,0.5690069794654846,-0.5572916269302368,-0.5586950182914734,True
1710807515,fk_qslstm,ema,test,1000199,13,0.8546606302261353,0.0669630840420723,0.06806160509586334,True
1710807515,fk_qslstm,ema,test,1000199,14,-0.9079980850219727,-0.4912283718585968,-0.4865890145301819,True
1710807515,fk_qslstm,ema,test,1000199,15,0.8952345252037048,0.1441580057144165,0.14646100997924805,True
1710807515,fk_qslstm,ema,test,1000199,16,0.38944700360298157,0.3489946126937866,0.3513912260532379,True
1710807515,fk_qslstm,ema,test,1000199,17,-0.9291327595710754,-0.2782839834690094,-0.27135658264160156,True
1710807515,fk_qslstm,ema,test,1000199,18,-0.8754271268844604,-0.7478834986686707,-0.7479203343391418,True
1710807515,fk_qslstm,ema,test,1000199,19,0.49785545468330383,-0.2995935082435608,-0.29353076219558716,True
1710807515,fk_qslstm,ema,test,1000199,20,0.22511541843414307,-0.10460556298494339,-0.09934937953948975,True
1710807515,fk_qslstm,ema,test,1000199,21,0.5363792777061462,0.23814311623573303,0.2390127182006836,True
1710807515,fk_qslstm,ema,test,1000199,22,0.2678990066051483,0.3512538969516754,0.3504050672054291,True
1710807515,fk_qslstm,ema,test,1000199,23,0.29076990485191345,0.45546507835388184,0.4533193111419678,True
1710807515,fk_qslstm,ema,test,1000199,24,0.7967914342880249,0.8424469232559204,0.8467395305633545,True
1710807515,fk_qslstm,ema,test,1000199,25,-0.9588354229927063,0.09865628182888031,0.10732868313789368,True
1710807515,fk_qslstm,ema,test,1000199,26,0.6010550260543823,0.4395580291748047,0.445037305355072,True
1710807515,fk_qslstm,ema,test,1000199,27,-0.5834810733795166,0.0015577810117974877,0.009813517332077026,True
1710807515,fk_qslstm,ema,test,1000199,28,0.9076668620109558,0.5458463430404663,0.5506400465965271,True
1710807515,fk_qslstm,ema,test,1000199,29,0.9586924314498901,1.011892557144165,1.0200774669647217,True
1710807515,fk_qslstm,ema,test,1000199,30,0.42877328395843506,1.0667780637741089,1.0717425346374512,True
1710807515,fk_qslstm,ema,test,1000199,31,0.21875008940696716,0.984672486782074,0.988723874092102,True
1710807515,fk_qslstm,ema,test,1000200,0,-0.9514192938804626,-0.5708515644073486,-0.5569905638694763,True
1710807515,fk_qslstm,ema,test,1000200,1,0.7268268465995789,-0.020585155114531517,-0.01746600866317749,True
1710807515,fk_qslstm,ema,test,1000200,2,-0.8249764442443848,-0.5114539861679077,-0.5086145997047424,True
1710807515,fk_qslstm,ema,test,1000200,3,-0.16009016335010529,-0.5052173137664795,-0.502157986164093,True
1710807515,fk_qslstm,ema,test,1000200,4,0.4851997196674347,-0.11305399984121323,-0.10704869031906128,True
1710807515,fk_qslstm,ema,test,1000200,5,-0.28251248598098755,-0.2599506974220276,-0.24927061796188354,True
1710807515,fk_qslstm,ema,test,1000200,6,-0.5858380794525146,-0.559463381767273,-0.5524887442588806,True
1710807515,fk_qslstm,ema,test,1000200,7,-0.9875983595848083,-1.0401297807693481,-1.0341308116912842,True
1710807515,fk_qslstm,ema,test,1000200,8,0.6457974314689636,-0.4446253478527069,-0.43189579248428345,True
1710807515,fk_qslstm,ema,test,1000200,9,-0.6219640374183655,-0.7288786768913269,-0.7228134274482727,True
1710807515,fk_qslstm,ema,test,1000200,10,0.8121442198753357,-0.09581642597913742,-0.08874410390853882,True
1710807515,fk_qslstm,ema,test,1000200,11,-0.17876583337783813,-0.18391263484954834,-0.17360195517539978,True
1710807515,fk_qslstm,ema,test,1000200,12,0.11888435482978821,-0.07579949498176575,-0.0693584680557251,True
1710807515,fk_qslstm,ema,test,1000200,13,0.11239258199930191,0.006795950699597597,0.011449605226516724,True
1710807515,fk_qslstm,ema,test,1000200,14,0.6955158114433289,0.4227462410926819,0.4249354600906372,True
1710807515,fk_qslstm,ema,test,1000200,15,0.7306452989578247,0.7765841484069824,0.7826701998710632,True
1710807515,fk_qslstm,ema,test,1000200,16,0.9929646849632263,1.2170461416244507,1.2190008163452148,True
1710807515,fk_qslstm,ema,test,1000200,17,0.5442337989807129,1.3001772165298462,1.2958011627197266,True
1710807515,fk_qslstm,ema,test,1000200,18,-0.7515758872032166,0.5891962051391602,0.5914175510406494,True
1710807515,fk_qslstm,ema,test,1000200,19,0.27336791157722473,0.6353777050971985,0.6357511281967163,True
1710807515,fk_qslstm,ema,test,1000200,20,-0.8345475196838379,0.007573661860078573,0.005433946847915649,True
1710807515,fk_qslstm,ema,test,1000200,21,-0.5451765060424805,-0.32104697823524475,-0.32368922233581543,True
1710807515,fk_qslstm,ema,test,1000200,22,-0.0869879201054573,-0.30903032422065735,-0.30786949396133423,True
1710807515,fk_qslstm,ema,test,1000200,23,-0.9946667551994324,-0.8440243005752563,-0.8425862193107605,True
1710807515,fk_qslstm,ema,test,1000200,24,-0.14513801038265228,-0.7623022198677063,-0.7604573369026184,True
1710807515,fk_qslstm,ema,test,1000200,25,0.2657589614391327,-0.4503864049911499,-0.44747394323349,True
1710807515,fk_qslstm,ema,test,1000200,26,0.47083860635757446,-0.07780597358942032,-0.07863971590995789,True
1710807515,fk_qslstm,ema,test,1000200,27,0.21581827104091644,0.06724618375301361,0.0636395663022995,True
1710807515,fk_qslstm,ema,test,1000200,28,0.5816262364387512,0.4027726650238037,0.3970852792263031,True
1710807515,fk_qslstm,ema,test,1000200,29,-0.875283420085907,-0.20295192301273346,-0.20411241054534912,True
1710807515,fk_qslstm,ema,test,1000200,30,-0.5004031658172607,-0.46260344982147217,-0.4647108316421509,True
1710807515,fk_qslstm,ema,test,1000200,31,-0.9122174382209778,-0.9174132347106934,-0.9215582013130188,True
1710807515,fk_qslstm,ema,test,1000201,0,0.2948399484157562,0.17690396308898926,0.1769326627254486,True
1710807515,fk_qslstm,ema,test,1000201,1,0.3364024758338928,0.3433646559715271,0.34309840202331543,True
1710807515,fk_qslstm,ema,test,1000201,2,0.8311923742294312,0.7734071612358093,0.7709395885467529,True
1710807515,fk_qslstm,ema,test,1000201,3,0.17774513363838196,0.7253727912902832,0.7207821607589722,True
1710807515,fk_qslstm,ema,test,1000201,4,-0.7989089488983154,0.1009528860449791,0.09539692103862762,True
1710807515,fk_qslstm,ema,test,1000201,5,0.66233229637146,0.47816166281700134,0.4733768403530121,True
1710807515,fk_qslstm,ema,test,1000201,6,0.6086100339889526,0.7476953268051147,0.7490543127059937,True
1710807515,fk_qslstm,ema,test,1000201,7,-0.2433711439371109,0.4521335959434509,0.4511512517929077,True
1710807515,fk_qslstm,ema,test,1000201,8,-0.9334273338317871,-0.19834952056407928,-0.19572269916534424,True
1710807515,fk_qslstm,ema,test,1000201,9,-0.9590024352073669,-0.7340810894966125,-0.7341883778572083,True
1710807515,fk_qslstm,ema,test,1000201,10,0.7927037477493286,-0.11164262145757675,-0.10393387079238892,True
1710807515,fk_qslstm,ema,test,1000201,11,0.34366390109062195,0.11688423901796341,0.12255972623825073,True
1710807515,fk_qslstm,ema,test,1000201,12,-0.5867518186569214,-0.2585437297821045,-0.2521591782569885,True
1710807515,fk_qslstm,ema,test,1000201,13,-0.37613216042518616,-0.4325142800807953,-0.4260793924331665,True
1710807515,fk_qslstm,ema,test,1000201,14,-0.4690103530883789,-0.6274176239967346,-0.6218120455741882,True
1710807515,fk_qslstm,ema,test,1000201,15,-0.7683700323104858,-0.9629561305046082,-0.9625033736228943,True
1710807515,fk_qslstm,ema,test,1000201,16,0.03200865536928177,-0.7511597275733948,-0.7504237294197083,True
1710807515,fk_qslstm,ema,test,1000201,17,-0.252621054649353,-0.7525004148483276,-0.7524943947792053,True
1710807515,fk_qslstm,ema,test,1000201,18,-0.8192815184593201,-1.093569278717041,-1.0961370468139648,True
1710807515,fk_qslstm,ema,test,1000201,19,0.9738826155662537,-0.2905258238315582,-0.28853338956832886,True
1710807515,fk_qslstm,ema,test,1000201,20,-0.3022584319114685,-0.4137757122516632,-0.4104694128036499,True
1710807515,fk_qslstm,ema,test,1000201,21,0.2788267433643341,-0.16372452676296234,-0.16365906596183777,True
1710807515,fk_qslstm,ema,test,1000201,22,-0.14710453152656555,-0.21924233436584473,-0.21595996618270874,True
1710807515,fk_qslstm,ema,test,1000201,23,0.0879322960972786,-0.12263449281454086,-0.1205737292766571,True
1710807515,fk_qslstm,ema,test,1000201,24,-0.19141018390655518,-0.21295370161533356,-0.20830416679382324,True
1710807515,fk_qslstm,ema,test,1000201,25,0.8354069590568542,0.3308812081813812,0.33110472559928894,True
1710807515,fk_qslstm,ema,test,1000201,26,-0.7544160485267639,-0.18794465065002441,-0.18607380986213684,True
1710807515,fk_qslstm,ema,test,1000201,27,-0.6382971405982971,-0.5333340167999268,-0.5365708470344543,True
1710807515,fk_qslstm,ema,test,1000201,28,0.13724666833877563,-0.3443191945552826,-0.3456791639328003,True
1710807515,fk_qslstm,ema,test,1000201,29,-0.8029807806015015,-0.757243812084198,-0.7623746991157532,True
1710807515,fk_qslstm,ema,test,1000201,30,-0.3719988763332367,-0.8289943933486938,-0.8354704976081848,True
1710807515,fk_qslstm,ema,test,1000201,31,0.2576087713241577,-0.5086302161216736,-0.5117518305778503,True
1710807515,fk_qslstm,ema,test,1000202,0,0.36915796995162964,0.22149477899074554,0.22143331170082092,True
1710807515,fk_qslstm,ema,test,1000202,1,0.7279464602470398,0.6139637231826782,0.6170393228530884,True
1710807515,fk_qslstm,ema,test,1000202,2,-0.8450379967689514,-0.015851838514208794,-0.014539062976837158,True
1710807515,fk_qslstm,ema,test,1000202,3,0.1398594230413437,0.07123418152332306,0.06896533071994781,True
1710807515,fk_qslstm,ema,test,1000202,4,-0.9964132308959961,-0.5408605933189392,-0.5378566980361938,True
1710807515,fk_qslstm,ema,test,1000202,5,-0.13722725212574005,-0.5150248408317566,-0.5094799399375916,True
1710807515,fk_qslstm,ema,test,1000202,6,-0.7688685655593872,-0.8733409643173218,-0.8724221587181091,True
1710807515,fk_qslstm,ema,test,1000202,7,-0.4723352789878845,-0.982073962688446,-0.9838877320289612,True
1710807515,fk_qslstm,ema,test,1000202,8,-0.03627556934952736,-0.8074245452880859,-0.808117687702179,True
1710807515,fk_qslstm,ema,test,1000202,9,0.08523322641849518,-0.5947996973991394,-0.5939077734947205,True
1710807515,fk_qslstm,ema,test,1000202,10,-0.8361607193946838,-0.977536141872406,-0.9816258549690247,True
1710807515,fk_qslstm,ema,test,1000202,11,-0.26194190979003906,-0.9391940832138062,-0.9448843598365784,True
1710807515,fk_qslstm,ema,test,1000202,12,-0.3584260046482086,-0.9664108753204346,-0.9727450013160706,True
1710807515,fk_qslstm,ema,test,1000202,13,0.596626877784729,-0.41515257954597473,-0.41273337602615356,True
1710807515,fk_qslstm,ema,test,1000202,14,-0.5303091406822205,-0.6503075361251831,-0.6498908400535583,True
1710807515,fk_qslstm,ema,test,1000202,15,-0.30778968334198,-0.7049198746681213,-0.7053297162055969,True
1710807515,fk_qslstm,ema,test,1000202,16,0.5340425372123718,-0.24351035058498383,-0.24023205041885376,True
1710807515,fk_qslstm,ema,test,1000202,17,0.8638067245483398,0.32347577810287476,0.32221519947052,True
1710807515,fk_qslstm,ema,test,1000202,18,0.8989948630332947,0.7981775403022766,0.799463152885437,True
1710807515,fk_qslstm,ema,test,1000202,19,-0.0756874531507492,0.593129575252533,0.5887097120285034,True
1710807515,fk_qslstm,ema,test,1000202,20,-0.5246050953865051,0.1597405970096588,0.15329116582870483,True
1710807515,fk_qslstm,ema,test,1000202,21,0.5687968134880066,0.46907055377960205,0.4631214737892151,True
1710807515,fk_qslstm,ema,test,1000202,22,-0.774699330329895,-0.08956313878297806,-0.09178638458251953,True
1710807515,fk_qslstm,ema,test,1000202,23,-0.6585736274719238,-0.4667946994304657,-0.47128593921661377,True
1710807515,fk_qslstm,ema,test,1000202,24,0.849324643611908,0.1361590325832367,0.13261830806732178,True
1710807515,fk_qslstm,ema,test,1000202,25,0.9050608277320862,0.6519637107849121,0.6505433320999146,True
1710807515,fk_qslstm,ema,test,1000202,26,-0.16054999828338623,0.42524099349975586,0.4202467203140259,True
1710807515,fk_qslstm,ema,test,1000202,27,-0.3015139400959015,0.15928442776203156,0.15530356764793396,True
1710807515,fk_qslstm,ema,test,1000202,28,0.6613931059837341,0.5242633819580078,0.521998405456543,True
1710807515,fk_qslstm,ema,test,1000202,29,-0.6646242141723633,0.0206361785531044,0.019898951053619385,True
1710807515,fk_qslstm,ema,test,1000202,30,-0.5467117428779602,-0.311518132686615,-0.3123074769973755,True
1710807515,fk_qslstm,ema,test,1000202,31,0.5158503651618958,0.06029573827981949,0.05859637260437012,True
1710807515,fk_qslstm,ema,test,1000203,0,0.33341726660728455,0.20005035400390625,0.2000301629304886,True
1710807515,fk_qslstm,ema,test,1000203,1,0.7163293957710266,0.589837908744812,0.591853141784668,True
1710807515,fk_qslstm,ema,test,1000203,2,-0.1721881926059723,0.3685574233531952,0.36548474431037903,True
1710807515,fk_qslstm,ema,test,1000203,3,0.046937495470047,0.3230084478855133,0.31897681951522827,True
1710807515,fk_qslstm,ema,test,1000203,4,-0.6538760662078857,-0.133918896317482,-0.13507616519927979,True
1710807515,fk_qslstm,ema,test,1000203,5,-0.6754398345947266,-0.5123990178108215,-0.5154818892478943,True
1710807515,fk_qslstm,ema,test,1000203,6,-0.33167073130607605,-0.6089216470718384,-0.6088590621948242,True
1710807515,fk_qslstm,ema,test,1000203,7,-0.05110382288694382,-0.5177996158599854,-0.5141797661781311,True
1710807515,fk_qslstm,ema,test,1000203,8,-0.09929521381855011,-0.47381681203842163,-0.4688677191734314,True
1710807515,fk_qslstm,ema,test,1000203,9,-0.16091158986091614,-0.47560039162635803,-0.4702449440956116,True
1710807515,fk_qslstm,ema,test,1000203,10,-0.025550799444317818,-0.3958108127117157,-0.39086127281188965,True
1710807515,fk_qslstm,ema,test,1000203,11,-0.7493870854377747,-0.7662808895111084,-0.7673946022987366,True
1710807515,fk_qslstm,ema,test,1000203,12,0.6665543913841248,-0.21309210360050201,-0.2119123935699463,True
1710807515,fk_qslstm,ema,test,1000203,13,0.4317731559276581,0.08859020471572876,0.08513720333576202,True
1710807515,fk_qslstm,ema,test,1000203,14,-0.8860553503036499,-0.46076107025146484,-0.46351027488708496,True
1710807515,fk_qslstm,ema,test,1000203,15,-0.5605852007865906,-0.7049599885940552,-0.711804211139679,True
1710807515,fk_qslstm,ema,test,1000203,16,0.7520779371261597,-0.11272118985652924,-0.11385384202003479,True
1710807515,fk_qslstm,ema,test,1000203,17,-0.93120276927948,-0.6488986015319824,-0.6489962935447693,True
1710807515,fk_qslstm,ema,test,1000203,18,-0.4028526544570923,-0.7608304619789124,-0.7643876671791077,True
1710807515,fk_qslstm,ema,test,1000203,19,-0.17960357666015625,-0.7164265513420105,-0.717170774936676,True
1710807515,fk_qslstm,ema,test,1000203,20,-0.7272667288780212,-1.0095012187957764,-1.0138015747070312,True
1710807515,fk_qslstm,ema,test,1000203,21,0.5230878591537476,-0.493748277425766,-0.49274593591690063,True
1710807515,fk_qslstm,ema,test,1000203,22,-0.7359214425086975,-0.8365514874458313,-0.8419123291969299,True
1710807515,fk_qslstm,ema,test,1000203,23,-0.6711411476135254,-1.0719258785247803,-1.0816376209259033,True
1710807515,fk_qslstm,ema,test,1000203,24,0.11587446928024292,-0.7880160212516785,-0.7964540123939514,True
1710807515,fk_qslstm,ema,test,1000203,25,0.057068001478910446,-0.5961719751358032,-0.602328360080719,True
1710807515,fk_qslstm,ema,test,1000203,26,0.37086817622184753,-0.25441670417785645,-0.25898152589797974,True
1710807515,fk_qslstm,ema,test,1000203,27,0.4759942293167114,0.08206318318843842,0.0752679705619812,True
1710807515,fk_qslstm,ema,test,1000203,28,0.7063708305358887,0.48947304487228394,0.483096718788147,True
1710807515,fk_qslstm,ema,test,1000203,29,0.6546242237091064,0.7843529582023621,0.7827243208885193,True
1710807515,fk_qslstm,ema,test,1000203,30,0.5925993323326111,0.9830419421195984,0.9851720929145813,True
1710807515,fk_qslstm,ema,test,1000203,31,0.5269677042961121,1.102614164352417,1.1061972379684448,True
1710807515,fk_qslstm,ema,test,1000204,0,0.06523313373327255,0.03913987800478935,0.03984534740447998,True
1710807515,fk_qslstm,ema,test,1000204,1,-0.9439591765403748,-0.535063624382019,-0.5271076560020447,True
1710807515,fk_qslstm,ema,test,1000204,2,0.8121188282966614,0.05922042950987816,0.0576130747795105,True
1710807515,fk_qslstm,ema,test,1000204,3,-0.0941414088010788,-0.00910850428044796,-0.005420207977294922,True
1710807515,fk_qslstm,ema,test,1000204,4,0.41723719239234924,0.24305550754070282,0.2423900067806244,True
1710807515,fk_qslstm,ema,test,1000204,5,-0.9639378190040588,-0.38391828536987305,-0.37854868173599243,True
1710807515,fk_qslstm,ema,test,1000204,6,-0.14335615932941437,-0.3931483030319214,-0.3859555125236511,True
1710807515,fk_qslstm,ema,test,1000204,7,0.8265170454978943,0.18139159679412842,0.1868600845336914,True
1710807515,fk_qslstm,ema,test,1000204,8,-0.34788087010383606,-0.06361524015665054,-0.05424055457115173,True
1710807515,fk_qslstm,ema,test,1000204,9,0.5495765805244446,0.27885377407073975,0.2822514474391937,True
1710807515,fk_qslstm,ema,test,1000204,10,0.564024806022644,0.5614978671073914,0.5651973485946655,True
1710807515,fk_qslstm,ema,test,1000204,11,-0.1955900341272354,0.331844300031662,0.33445805311203003,True
1710807515,fk_qslstm,ema,test,1000204,12,0.08828171342611313,0.31844446063041687,0.3197295069694519,True
1710807515,fk_qslstm,ema,test,1000204,13,0.21263781189918518,0.3823382556438446,0.38347581028938293,True
1710807515,fk_qslstm,ema,test,1000204,14,-0.8937132358551025,-0.2303573489189148,-0.22538048028945923,True
1710807515,fk_qslstm,ema,test,1000204,15,0.34826114773750305,0.024670816957950592,0.027568042278289795,True
1710807515,fk_qslstm,ema,test,1000204,16,0.8487395644187927,0.5289803743362427,0.5327886939048767,True
1710807515,fk_qslstm,ema,test,1000204,17,-0.9712230563163757,-0.1595495045185089,-0.1489143967628479,True
1710807515,fk_qslstm,ema,test,1000204,18,-0.2891046404838562,-0.3011023700237274,-0.29053622484207153,True
1710807515,fk_qslstm,ema,test,1000204,19,0.4664077162742615,0.038962721824645996,0.04683125019073486,True
1710807515,fk_qslstm,ema,test,1000204,20,-0.970391035079956,-0.5510644316673279,-0.5410187840461731,True
1710807515,fk_qslstm,ema,test,1000204,21,0.4064004123210907,-0.1970113217830658,-0.1892920732498169,True
1710807515,fk_qslstm,ema,test,1000204,22,-0.13431453704833984,-0.23819777369499207,-0.2278730869293213,True
1710807515,fk_qslstm,ema,test,1000204,23,-0.00686023710295558,-0.19467435777187347,-0.1855301856994629,True
1710807515,fk_qslstm,ema,test,1000204,24,-0.07601883262395859,-0.20135079324245453,-0.1919819712638855,True
1710807515,fk_qslstm,ema,test,1000204,25,-0.582032322883606,-0.5103000402450562,-0.5038526058197021,True
1710807515,fk_qslstm,ema,test,1000204,26,-0.5253260135650635,-0.723435640335083,-0.7211430668830872,True
1710807515,fk_qslstm,ema,test,1000204,27,-0.833643913269043,-1.078934907913208,-1.0788512229919434,True
1710807515,fk_qslstm,ema,test,1000204,28,-0.708005428314209,-1.287951111793518,-1.2846057415008545,True
1710807515,fk_qslstm,ema,test,1000204,29,0.4386201798915863,-0.7671887874603271,-0.7693207859992981,True
1710807515,fk_qslstm,ema,test,1000204,30,-0.25726762413978577,-0.7681116461753845,-0.7744184136390686,True
1710807515,fk_qslstm,ema,test,1000204,31,0.23184001445770264,-0.47538530826568604,-0.47827786207199097,True
1710807515,fk_qslstm,ema,test,1000205,0,-0.3482406735420227,-0.2089443951845169,-0.20676225423812866,True
1710807515,fk_qslstm,ema,test,1000205,1,-0.4795539379119873,-0.45488786697387695,-0.4560397267341614,True
1710807515,fk_qslstm,ema,test,1000205,2,-0.1368897259235382,-0.44604411721229553,-0.4509086012840271,True
1710807515,fk_qslstm,ema,test,1000205,3,-0.5082263350486755,-0.6617711186408997,-0.6666839718818665,True
1710807515,fk_qslstm,ema,test,1000205,4,-0.7949106097221375,-1.0063632726669312,-1.0145354270935059,True
1710807515,fk_qslstm,ema,test,1000205,5,-0.5184507369995117,-1.1161611080169678,-1.1245920658111572,True
1710807515,fk_qslstm,ema,test,1000205,6,-0.5268498063087463,-1.2090387344360352,-1.2171649932861328,True
1710807515,fk_qslstm,ema,test,1000205,7,-0.7118992805480957,-1.3943705558776855,-1.3938219547271729,True
1710807515,fk_qslstm,ema,test,1000205,8,0.14579834043979645,-1.0280174016952515,-1.0421521663665771,True
1710807515,fk_qslstm,ema,test,1000205,9,0.3386993408203125,-0.6191943287849426,-0.6312974095344543,True
1710807515,fk_qslstm,ema,test,1000205,10,0.4449971616268158,-0.228357195854187,-0.23363357782363892,True
1710807515,fk_qslstm,ema,test,1000205,11,0.12199379503726959,-0.10948947817087173,-0.11021000146865845,True
1710807515,fk_qslstm,ema,test,1000205,12,-0.9713711142539978,-0.6704142689704895,-0.670605480670929,True
1710807515,fk_qslstm,ema,test,1000205,13,0.9722914099693298,0.047043461352586746,0.04678827524185181,True
1710807515,fk_qslstm,ema,test,1000205,14,0.42861348390579224,0.29480287432670593,0.2937508821487427,True
1710807515,fk_qslstm,ema,test,1000205,15,0.8404110670089722,0.740088939666748,0.7419573664665222,True
1710807515,fk_qslstm,ema,test,1000205,16,-0.5790945291519165,0.24461442232131958,0.24313640594482422,True
1710807515,fk_qslstm,ema,test,1000205,17,-0.3714108169078827,-0.027154942974448204,-0.026964426040649414,True
1710807515,fk_qslstm,ema,test,1000205,18,0.8676189184188843,0.4988473951816559,0.4991055130958557,True
1710807515,fk_qslstm,ema,test,1000205,19,0.3092859089374542,0.5846494436264038,0.5836693644523621,True
1710807515,fk_qslstm,ema,test,1000205,20,0.7308913469314575,0.9062543511390686,0.9107850790023804,True
1710807515,fk_qslstm,ema,test,1000205,21,0.32498136162757874,0.9199923276901245,0.9235008358955383,True
1710807515,fk_qslstm,ema,test,1000205,22,-0.2277194857597351,0.5993621349334717,0.5982294082641602,True
1710807515,fk_qslstm,ema,test,1000205,23,0.023498263210058212,0.4935886859893799,0.4910386800765991,True
1710807515,fk_qslstm,ema,test,1000205,24,0.6930739879608154,0.8107153177261353,0.8152544498443604,True
1710807515,fk_qslstm,ema,test,1000205,25,0.05095436051487923,0.6791448593139648,0.6807854175567627,True
1710807515,fk_qslstm,ema,test,1000205,26,-0.539217472076416,0.2197854220867157,0.2188190519809723,True
1710807515,fk_qslstm,ema,test,1000205,27,0.7099263072013855,0.6017841100692749,0.6035550832748413,True
1710807515,fk_qslstm,ema,test,1000205,28,-0.6728951930999756,0.07769018411636353,0.08004125952720642,True
1710807515,fk_qslstm,ema,test,1000205,29,0.12021186947822571,0.134279265999794,0.13496685028076172,True
1710807515,fk_qslstm,ema,test,1000205,30,-0.775914192199707,-0.35812512040138245,-0.35560792684555054,True
1710807515,fk_qslstm,ema,test,1000205,31,-0.4422169327735901,-0.5518302321434021,-0.5495293736457825,True
1710807515,fk_qslstm,ema,test,1000206,0,-0.057647887617349625,-0.034588731825351715,-0.033294886350631714,True
1710807515,fk_qslstm,ema,test,1000206,1,-0.018257372081279755,-0.038625407963991165,-0.03748360276222229,True
1710807515,fk_qslstm,ema,test,1000206,2,0.5086442232131958,0.2742862105369568,0.2666449546813965,True
1710807515,fk_qslstm,ema,test,1000206,3,-0.21546733379364014,0.09014856070280075,0.08862441778182983,True
1710807515,fk_qslstm,ema,test,1000206,4,-0.2120460718870163,-0.05510878935456276,-0.052517861127853394,True
1710807515,fk_qslstm,ema,test,1000206,5,0.8557985424995422,0.4693920910358429,0.4708673655986786,True
1710807515,fk_qslstm,ema,test,1000206,6,-0.9084078669548035,-0.16953104734420776,-0.16324153542518616,True
1710807515,fk_qslstm,ema,test,1000206,7,0.3954554498195648,0.10164842754602432,0.10251089930534363,True
1710807515,fk_qslstm,ema,test,1000206,8,-0.7344927191734314,-0.3593769073486328,-0.3565351366996765,True
1710807515,fk_qslstm,ema,test,1000206,9,0.38117820024490356,-0.05879458785057068,-0.05890408158302307,True
1710807515,fk_qslstm,ema,test,1000206,10,0.2828029692173004,0.12264611572027206,0.121136873960495,True
1710807515,fk_qslstm,ema,test,1000206,11,-0.14262907207012177,0.012539449147880077,0.014097422361373901,True
1710807515,fk_qslstm,ema,test,1000206,12,0.7073341608047485,0.4344320595264435,0.4344882369041443,True
1710807515,fk_qslstm,ema,test,1000206,13,-0.3558609187602997,0.1340291053056717,0.13647662103176117,True
1710807515,fk_qslstm,ema,test,1000206,14,-0.22486288845539093,-0.027694443240761757,-0.023481309413909912,True
1710807515,fk_qslstm,ema,test,1000206,15,-0.6463479995727539,-0.40996435284614563,-0.4062761664390564,True
1710807515,fk_qslstm,ema,test,1000206,16,-0.5902493000030518,-0.6821210384368896,-0.6819020509719849,True
1710807515,fk_qslstm,ema,test,1000206,17,-0.9151150584220886,-1.0947659015655518,-1.0941364765167236,True
1710807515,fk_qslstm,ema,test,1000206,18,0.3564596176147461,-0.6619369387626648,-0.6599977016448975,True
1710807515,fk_qslstm,ema,test,1000206,19,0.6707967519760132,-0.12707148492336273,-0.12618225812911987,True
1710807515,fk_qslstm,ema,test,1000206,20,0.19389475882053375,0.014679668471217155,0.013537377119064331,True
1710807515,fk_qslstm,ema,test,1000206,21,0.5970586538314819,0.3699789345264435,0.36603376269340515,True
1710807515,fk_qslstm,ema,test,1000206,22,-0.2613440752029419,0.13917669653892517,0.13901248574256897,True
1710807515,fk_qslstm,ema,test,1000206,23,0.17986291646957397,0.219259113073349,0.21729892492294312,True
1710807515,fk_qslstm,ema,test,1000206,24,0.5547590255737305,0.5082626938819885,0.5074777603149414,True
1710807515,fk_qslstm,ema,test,1000206,25,0.4639973044395447,0.6850085258483887,0.6858712434768677,True
1710807515,fk_qslstm,ema,test,1000206,26,-0.40952879190444946,0.30228954553604126,0.30167415738105774,True
1710807515,fk_qslstm,ema,test,1000206,27,-0.162308007478714,0.14444683492183685,0.1461142897605896,True
1710807515,fk_qslstm,ema,test,1000206,28,-0.6493784785270691,-0.274069607257843,-0.27036017179489136,True
1710807515,fk_qslstm,ema,test,1000206,29,0.8887895941734314,0.3140180706977844,0.3145882487297058,True
1710807515,fk_qslstm,ema,test,1000206,30,-0.14029960334300995,0.16703468561172485,0.1705506443977356,True
1710807515,fk_qslstm,ema,test,1000206,31,0.316139280796051,0.32331129908561707,0.322898268699646,True
1710807515,fk_qslstm,ema,test,1000207,0,0.17065276205539703,0.10239165276288986,0.10269156098365784,True
1710807515,fk_qslstm,ema,test,1000207,1,-0.17268826067447662,-0.021699635311961174,-0.015224367380142212,True
1710807515,fk_qslstm,ema,test,1000207,2,-0.44392746686935425,-0.28371620178222656,-0.2819977402687073,True
1710807515,fk_qslstm,ema,test,1000207,3,0.5911634564399719,0.12772513926029205,0.12598097324371338,True
1710807515,fk_qslstm,ema,test,1000207,4,-0.060519155114889145,0.06586861610412598,0.06764306128025055,True
1710807515,fk_qslstm,ema,test,1000207,5,0.35259687900543213,0.26425302028656006,0.2625301480293274,True
1710807515,fk_qslstm,ema,test,1000207,6,0.6267358660697937,0.5874439477920532,0.5877394676208496,True
1710807515,fk_qslstm,ema,test,1000207,7,-0.58983314037323,0.11605528742074966,0.11603733897209167,True
1710807515,fk_qslstm,ema,test,1000207,8,-0.5982771515846252,-0.266122043132782,-0.2664473056793213,True
1710807515,fk_qslstm,ema,test,1000207,9,-0.6534816026687622,-0.6049866080284119,-0.6072691082954407,True
1710807515,fk_qslstm,ema,test,1000207,10,0.6978835463523865,-0.0652591735124588,-0.06437548995018005,True
1710807515,fk_qslstm,ema,test,1000207,11,-0.8638800978660583,-0.57053542137146,-0.5693956613540649,True
1710807515,fk_qslstm,ema,test,1000207,12,-0.07561308890581131,-0.5017961859703064,-0.5009772777557373,True
1710807515,fk_qslstm,ema,test,1000207,13,-0.5460824370384216,-0.7290863990783691,-0.7303047776222229,True
1710807515,fk_qslstm,ema,test,1000207,14,0.7708004117012024,-0.12078886479139328,-0.11871001124382019,True
1710807515,fk_qslstm,ema,test,1000207,15,-0.5904768705368042,-0.45091718435287476,-0.4484406113624573,True
1710807515,fk_qslstm,ema,test,1000207,16,0.027072809636592865,-0.34449008107185364,-0.3437049388885498,True
1710807515,fk_qslstm,ema,test,1000207,17,0.35951465368270874,-0.05988326296210289,-0.06211978197097778,True
1710807515,fk_qslstm,ema,test,1000207,18,-0.020956598222255707,-0.060480568557977676,-0.0616515576839447,True
1710807515,fk_qslstm,ema,test,1000207,19,-0.5411579012870789,-0.37307918071746826,-0.37390297651290894,True
1710807515,fk_qslstm,ema,test,1000207,20,-0.7751153111457825,-0.7635325193405151,-0.769740879535675,True
1710807515,fk_qslstm,ema,test,1000207,21,-0.5377129316329956,-0.9334537982940674,-0.9414604306221008,True
1710807515,fk_qslstm,ema,test,1000207,22,0.09928025305271149,-0.6871948838233948,-0.692318856716156,True
1710807515,fk_qslstm,ema,test,1000207,23,-0.06543775647878647,-0.5890185236930847,-0.5925477743148804,True
1710807515,fk_qslstm,ema,test,1000207,24,-0.14294566214084625,-0.5569822192192078,-0.5588092803955078,True
1710807515,fk_qslstm,ema,test,1000207,25,0.6540597677230835,-0.053149908781051636,-0.055006951093673706,True
1710807515,fk_qslstm,ema,test,1000207,26,-0.023542022332549095,-0.056645140051841736,-0.056782692670822144,True
1710807515,fk_qslstm,ema,test,1000207,27,0.4410557448863983,0.21931733191013336,0.21437257528305054,True
1710807515,fk_qslstm,ema,test,1000207,28,0.14752843976020813,0.2639709413051605,0.2587874233722687,True
1710807515,fk_qslstm,ema,test,1000207,29,0.3962215781211853,0.4489096999168396,0.44288384914398193,True
1710807515,fk_qslstm,ema,test,1000207,30,0.2534165382385254,0.511177659034729,0.5054455995559692,True
1710807515,fk_qslstm,ema,test,1000207,31,-0.5854629874229431,0.057664357125759125,0.053903549909591675,True
1710807515,fk_qslstm,ema,test,1000208,0,0.06813772022724152,0.04088263213634491,0.04157513380050659,True
1710807515,fk_qslstm,ema,test,1000208,1,0.04442635923624039,0.05936191976070404,0.06048572063446045,True
1710807515,fk_qslstm,ema,test,1000208,2,-0.5342088341712952,-0.2730357348918915,-0.27512842416763306,True
1710807515,fk_qslstm,ema,test,1000208,3,0.19253140687942505,-0.10290975868701935,-0.1060631275177002,True
1710807515,fk_qslstm,ema,test,1000208,4,-0.045579537749290466,-0.10967553406953812,-0.10910654067993164,True
1710807515,fk_qslstm,ema,test,1000208,5,0.9958781003952026,0.5097864270210266,0.5046119689941406,True
1710807515,fk_qslstm,ema,test,1000208,6,0.34169864654541016,0.6128483414649963,0.6056045889854431,True
1710807515,fk_qslstm,ema,test,1000208,7,0.35284683108329773,0.7019867897033691,0.6947685480117798,True
1710807515,fk_qslstm,ema,test,1000208,8,0.6768265962600708,0.9676854014396667,0.9672136902809143,True
1710807515,fk_qslstm,ema,test,1000208,9,0.9781484603881836,1.3610373735427856,1.3483691215515137,True
1710807515,fk_qslstm,ema,test,1000208,10,-0.4212884306907654,0.8360568284988403,0.8302820324897766,True
1710807515,fk_qslstm,ema,test,1000208,11,-0.191010981798172,0.5542389154434204,0.5468206405639648,True
1710807515,fk_qslstm,ema,test,1000208,12,0.5276389122009277,0.759974479675293,0.7561991214752197,True
1710807515,fk_qslstm,ema,test,1000208,13,-0.2730361819267273,0.4441578686237335,0.4366540014743805,True
1710807515,fk_qslstm,ema,test,1000208,14,-0.46370750665664673,0.07710178941488266,0.07048755884170532,True
1710807515,fk_qslstm,ema,test,1000208,15,0.5314610600471497,0.3805580735206604,0.37402424216270447,True
1710807515,fk_qslstm,ema,test,1000208,16,0.7918667197227478,0.7795664668083191,0.7803096771240234,True
1710807515,fk_qslstm,ema,test,1000208,17,0.13966815173625946,0.7074540853500366,0.7049294710159302,True
1710807515,fk_qslstm,ema,test,1000208,18,0.9260365962982178,1.1215852499008179,1.1228325366973877,True
1710807515,fk_qslstm,ema,test,1000208,19,0.9311695694923401,1.4559699296951294,1.4338858127593994,True
1710807515,fk_qslstm,ema,test,1000208,20,-0.4776241183280945,0.8782014846801758,0.8741337060928345,True
1710807515,fk_qslstm,ema,test,1000208,21,0.02283705212175846,0.7162634134292603,0.7138003706932068,True
1710807515,fk_qslstm,ema,test,1000208,22,0.2890979051589966,0.7464694976806641,0.741813600063324,True
1710807515,fk_qslstm,ema,test,1000208,23,-0.6729471683502197,0.19340728223323822,0.1824415922164917,True
1710807515,fk_qslstm,ema,test,1000208,24,0.4149385988712311,0.4036889970302582,0.39114099740982056,True
1710807515,fk_qslstm,ema,test,1000208,25,-0.8558925986289978,-0.19058434665203094,-0.19736576080322266,True
1710807515,fk_qslstm,ema,test,1000208,26,-0.6511855125427246,-0.5431787967681885,-0.5520489811897278,True
1710807515,fk_qslstm,ema,test,1000208,27,0.476241797208786,-0.14879795908927917,-0.15439492464065552,True
1710807515,fk_qslstm,ema,test,1000208,28,0.3807833790779114,0.1094316616654396,0.10231024026870728,True
1710807515,fk_qslstm,ema,test,1000208,29,-0.699129581451416,-0.3319324254989624,-0.3374895453453064,True
1710807515,fk_qslstm,ema,test,1000208,30,0.9864412546157837,0.32631880044937134,0.3140195608139038,True
1710807515,fk_qslstm,ema,test,1000208,31,0.40613701939582825,0.5047372579574585,0.4929269254207611,True
1710807515,fk_qslstm,ema,test,1000209,0,-0.5405570864677429,-0.3243342638015747,-0.321885883808136,True
1710807515,fk_qslstm,ema,test,1000209,1,0.2873833477497101,-0.08703739941120148,-0.09480980038642883,True
1710807515,fk_qslstm,ema,test,1000209,2,-0.9422246217727661,-0.6349647045135498,-0.64485764503479,True
1710807515,fk_qslstm,ema,test,1000209,3,0.6746243834495544,-0.1031971126794815,-0.10757803916931152,True
1710807515,fk_qslstm,ema,test,1000209,4,-0.04628511518239975,-0.11032876372337341,-0.10790205001831055,True
1710807515,fk_qslstm,ema,test,1000209,5,-0.43126118183135986,-0.3470197319984436,-0.3423863649368286,True
1710807515,fk_qslstm,ema,test,1000209,6,0.7799698710441589,0.19036614894866943,0.19276925921440125,True
1710807515,fk_qslstm,ema,test,1000209,7,0.8136444091796875,0.640479564666748,0.6450449824333191,True
1710807515,fk_qslstm,ema,test,1000209,8,-0.6456549763679504,0.12499064952135086,0.1263691484928131,True
1710807515,fk_qslstm,ema,test,1000209,9,-0.4298032224178314,-0.15788942575454712,-0.15614160895347595,True
1710807515,fk_qslstm,ema,test,1000209,10,-0.9264209270477295,-0.6821640729904175,-0.682219386100769,True
1710807515,fk_qslstm,ema,test,1000209,11,-0.19838035106658936,-0.6647594571113586,-0.6622174382209778,True
1710807515,fk_qslstm,ema,test,1000209,12,0.19569480419158936,-0.4143907129764557,-0.4098828434944153,True
1710807515,fk_qslstm,ema,test,1000209,13,0.35388290882110596,-0.11918281763792038,-0.11822983622550964,True
1710807515,fk_qslstm,ema,test,1000209,14,0.3695870637893677,0.1264059841632843,0.12279441952705383,True
1710807515,fk_qslstm,ema,test,1000209,15,-0.8431994318962097,-0.4047949016094208,-0.4073616862297058,True
1710807515,fk_qslstm,ema,test,1000209,16,-0.7398444414138794,-0.7677425742149353,-0.7765485644340515,True
1710807515,fk_qslstm,ema,test,1000209,17,-0.6778854131698608,-1.0209252834320068,-1.0311815738677979,True
1710807515,fk_qslstm,ema,test,1000209,18,0.39236247539520264,-0.5813227295875549,-0.5862493515014648,True
1710807515,fk_qslstm,ema,test,1000209,19,-0.46913689374923706,-0.746540367603302,-0.753672182559967,True
1710807515,fk_qslstm,ema,test,1000209,20,-0.6919748783111572,-1.012417197227478,-1.023273229598999,True
1710807515,fk_qslstm,ema,test,1000209,21,-0.6752501726150513,-1.2150838375091553,-1.2234652042388916,True
1710807515,fk_qslstm,ema,test,1000209,22,0.5887339115142822,-0.618826687335968,-0.6228657364845276,True
1710807515,fk_qslstm,ema,test,1000209,23,0.7776065468788147,-0.028497442603111267,-0.032495975494384766,True
1710807515,fk_qslstm,ema,test,1000209,24,-0.41736263036727905,-0.27321553230285645,-0.2717745900154114,True
1710807515,fk_qslstm,ema,test,1000209,25,0.6052084565162659,0.14455266296863556,0.1428948938846588,True
1710807515,fk_qslstm,ema,test,1000209,26,-0.6541784405708313,-0.2768649458885193,-0.2750553488731384,True
1710807515,fk_qslstm,ema,test,1000209,27,0.07571239024400711,-0.17606452107429504,-0.17508435249328613,True
1710807515,fk_qslstm,ema,test,1000209,28,-0.06475036591291428,-0.17970183491706848,-0.1757657527923584,True
1710807515,fk_qslstm,ema,test,1000209,29,-0.5396117568016052,-0.4675285220146179,-0.4643630385398865,True
1710807515,fk_qslstm,ema,test,1000209,30,0.13283851742744446,-0.2943197190761566,-0.2919642925262451,True
1710807515,fk_qslstm,ema,test,1000209,31,0.3004826009273529,-0.05516620725393295,-0.05622643232345581,True
1710807515,fk_qslstm,ema,test,1000210,0,0.21004614233970642,0.1260276883840561,0.12621751427650452,True
1710807515,fk_qslstm,ema,test,1000210,1,-0.0015646307729184628,0.09988337010145187,0.10371851921081543,True
1710807515,fk_qslstm,ema,test,1000210,2,0.16302913427352905,0.17772416770458221,0.17366591095924377,True
1710807515,fk_qslstm,ema,test,1000210,3,-0.6655352115631104,-0.25714176893234253,-0.25902968645095825,True
1710807515,fk_qslstm,ema,test,1000210,4,-0.35483238101005554,-0.41861283779144287,-0.41845518350601196,True
1710807515,fk_qslstm,ema,test,1000210,5,0.9338513016700745,0.2254205197095871,0.2225285768508911,True
1710807515,fk_qslstm,ema,test,1000210,6,-0.38798627257347107,-0.0524553507566452,-0.05068060755729675,True
1710807515,fk_qslstm,ema,test,1000210,7,-0.08517533540725708,-0.09306947886943817,-0.09145718812942505,True
1710807515,fk_qslstm,ema,test,1000210,8,0.6135002970695496,0.29364457726478577,0.29248136281967163,True
1710807515,fk_qslstm,ema,test,1000210,9,0.7360942363739014,0.6765722036361694,0.6786317825317383,True
1710807515,fk_qslstm,ema,test,1000210,10,-0.4327853322029114,0.28158658742904663,0.280457079410553,True
1710807515,fk_qslstm,ema,test,1000210,11,-0.590394139289856,-0.12896722555160522,-0.13039761781692505,True
1710807515,fk_qslstm,ema,test,1000210,12,0.5094336271286011,0.20248641073703766,0.19914287328720093,True
1710807515,fk_qslstm,ema,test,1000210,13,-0.22151076793670654,0.02908266708254814,0.031335681676864624,True
1710807515,fk_qslstm,ema,test,1000210,14,0.5133156776428223,0.3312555253505707,0.33033642172813416,True
1710807515,fk_qslstm,ema,test,1000210,15,0.7439039945602417,0.7113468050956726,0.7148866653442383,True
1710807515,fk_qslstm,ema,test,1000210,16,0.8268882036209106,1.0652103424072266,1.0724921226501465,True
1710807515,fk_qslstm,ema,test,1000210,17,0.8268241286277771,1.3482627868652344,1.3442802429199219,True
1710807515,fk_qslstm,ema,test,1000210,18,0.9928591251373291,1.674325704574585,1.6116576194763184,True
1710807515,fk_qslstm,ema,test,1000210,19,0.5232860445976257,1.6534322500228882,1.5870904922485352,True
1710807515,fk_qslstm,ema,test,1000210,20,-0.7985878586769104,0.8435930609703064,0.8592301607131958,True
1710807515,fk_qslstm,ema,test,1000210,21,0.8481572866439819,1.18376886844635,1.2197818756103516,True
1710807515,fk_qslstm,ema,test,1000210,22,0.03407008573412895,0.967457115650177,0.9908191561698914,True
1710807515,fk_qslstm,ema,test,1000210,23,0.6337575912475586,1.1542202234268188,1.1737430095672607,True
1710807515,fk_qslstm,ema,test,1000210,24,0.8040352463722229,1.4057973623275757,1.4067506790161133,True
1710807515,fk_qslstm,ema,test,1000210,25,-0.13511532545089722,1.0435686111450195,1.0514380931854248,True
1710807515,fk_qslstm,ema,test,1000210,26,-0.07354453206062317,0.7907282114028931,0.7937486171722412,True
1710807515,fk_qslstm,ema,test,1000210,27,-0.4165499806404114,0.3826525807380676,0.3714243769645691,True
1710807515,fk_qslstm,ema,test,1000210,28,0.4766994118690491,0.5921416878700256,0.5791860818862915,True
1710807515,fk_qslstm,ema,test,1000210,29,-0.14287018775939941,0.3879912495613098,0.37373489141464233,True
1710807515,fk_qslstm,ema,test,1000210,30,0.9390634298324585,0.8738310933113098,0.8662861585617065,True
1710807515,fk_qslstm,ema,test,1000210,31,-0.6747323870658875,0.29422542452812195,0.28008127212524414,True
1710807515,fk_qslstm,ema,test,1000211,0,0.7888827919960022,0.47332969307899475,0.46826109290122986,True
1710807515,fk_qslstm,ema,test,1000211,1,0.3443923890590668,0.5852991938591003,0.589613676071167,True
1710807515,fk_qslstm,ema,test,1000211,2,-0.26201656460762024,0.3110294044017792,0.3094983696937561,True
1710807515,fk_qslstm,ema,test,1000211,3,0.6179282665252686,0.6195805072784424,0.6181977391242981,True
1710807515,fk_qslstm,ema,test,1000211,4,0.8471047282218933,1.003927230834961,1.0091313123703003,True
1710807515,fk_qslstm,ema,test,1000211,5,-0.2193625271320343,0.6715242862701416,0.6701793670654297,True
1710807515,fk_qslstm,ema,test,1000211,6,0.8405230641365051,1.0415332317352295,1.0464556217193604,True
1710807515,fk_qslstm,ema,test,1000211,7,-0.607399582862854,0.4687868356704712,0.46539634466171265,True
1710807515,fk_qslstm,ema,test,1000211,8,0.2484234869480133,0.5240835547447205,0.5178142786026001,True
1710807515,fk_qslstm,ema,test,1000211,9,-0.3051065504550934,0.2362029254436493,0.23227915167808533,True
1710807515,fk_qslstm,ema,test,1000211,10,0.5860720276832581,0.5406055450439453,0.5382199883460999,True
1710807515,fk_qslstm,ema,test,1000211,11,0.5611090064048767,0.7691498398780823,0.7712191939353943,True
1710807515,fk_qslstm,ema,test,1000211,12,-0.6696156859397888,0.21355049312114716,0.21209830045700073,True
1710807515,fk_qslstm,ema,test,1000211,13,0.6853342652320862,0.5820409655570984,0.5815441608428955,True
1710807515,fk_qslstm,ema,test,1000211,14,-0.08622220903635025,0.4138994514942169,0.4143672585487366,True
1710807515,fk_qslstm,ema,test,1000211,15,-0.4469235837459564,0.06296540051698685,0.06527881324291229,True
1710807515,fk_qslstm,ema,test,1000211,16,0.7423161864280701,0.49576202034950256,0.49863559007644653,True
1710807515,fk_qslstm,ema,test,1000211,17,-0.003335497807711363,0.3946083188056946,0.3974831700325012,True
1710807515,fk_qslstm,ema,test,1000211,18,-0.22486932575702667,0.1807650625705719,0.18502011895179749,True
1710807515,fk_qslstm,ema,test,1000211,19,0.39407217502593994,0.3810553550720215,0.3836745619773865,True
1710807515,fk_qslstm,ema,test,1000211,20,0.5920960307121277,0.6601018905639648,0.6657424569129944,True
1710807515,fk_qslstm,ema,test,1000211,21,0.300590842962265,0.7084360122680664,0.7128376364707947,True
1710807515,fk_qslstm,ema,test,1000211,22,0.10281801968812943,0.6284396052360535,0.630543053150177,True
1710807515,fk_qslstm,ema,test,1000211,23,-0.8815036416053772,-0.02615046501159668,-0.02198159694671631,True
1710807515,fk_qslstm,ema,test,1000211,24,-0.6105464100837708,-0.3872482180595398,-0.3834700584411621,True
1710807515,fk_qslstm,ema,test,1000211,25,-0.11329561471939087,-0.3777759373188019,-0.3690095543861389,True
1710807515,fk_qslstm,ema,test,1000211,26,0.6817477345466614,0.10682788491249084,0.11382406949996948,True
1710807515,fk_qslstm,ema,test,1000211,27,-0.9116372466087341,-0.4615200459957123,-0.45273274183273315,True
1710807515,fk_qslstm,ema,test,1000211,28,-0.05001431331038475,-0.3992246389389038,-0.3916073441505432,True
1710807515,fk_qslstm,ema,test,1000211,29,-0.5187103152275085,-0.6306058764457703,-0.6247518658638,True
1710807515,fk_qslstm,ema,test,1000211,30,0.03139129653573036,-0.4856499433517456,-0.4795909523963928,True
1710807515,fk_qslstm,ema,test,1000211,31,0.27573123574256897,-0.22308121621608734,-0.21966654062271118,True
1710807515,fk_qslstm,ema,test,1000212,0,-0.810700535774231,-0.48642030358314514,-0.47973448038101196,True
1710807515,fk_qslstm,ema,test,1000212,1,0.6295722126960754,-0.01139292772859335,-0.015633612871170044,True
1710807515,fk_qslstm,ema,test,1000212,2,0.08898977935314178,0.04427952691912651,0.04189994931221008,True
1710807515,fk_qslstm,ema,test,1000212,3,0.21439868211746216,0.16406282782554626,0.16177043318748474,True
1710807515,fk_qslstm,ema,test,1000212,4,0.37831762433052063,0.35824084281921387,0.35645362734794617,True
1710807515,fk_qslstm,ema,test,1000212,5,0.7414005994796753,0.7314330339431763,0.7350425720214844,True
1710807515,fk_qslstm,ema,test,1000212,6,0.9985650181770325,1.1842854022979736,1.1861703395843506,True
1710807515,fk_qslstm,ema,test,1000212,7,0.6907505989074707,1.361878752708435,1.3527884483337402,True
1710807515,fk_qslstm,ema,test,1000212,8,0.5025907754898071,1.3910574913024902,1.3808035850524902,True
1710807515,fk_qslstm,ema,test,1000212,9,0.1853141188621521,1.2240344285964966,1.2284290790557861,True
1710807515,fk_qslstm,ema,test,1000212,10,0.48117005825042725,1.2679295539855957,1.278028964996338,True
1710807515,fk_qslstm,ema,test,1000212,11,0.17136350274085999,1.117161750793457,1.1302745342254639,True
1710807515,fk_qslstm,ema,test,1000212,12,-0.33846721053123474,0.6906490921974182,0.6951871514320374,True
1710807515,fk_qslstm,ema,test,1000212,13,0.43105536699295044,0.811152458190918,0.8138903975486755,True
1710807515,fk_qslstm,ema,test,1000212,14,-0.6181033253669739,0.2780599892139435,0.2701197564601898,True
1710807515,fk_qslstm,ema,test,1000212,15,0.4793790578842163,0.5100754499435425,0.49997496604919434,True
1710807515,fk_qslstm,ema,test,1000212,16,-0.7428029775619507,-0.037621431052684784,-0.04558953642845154,True
1710807515,fk_qslstm,ema,test,1000212,17,0.683254599571228,0.37985560297966003,0.3705296814441681,True
1710807515,fk_qslstm,ema,test,1000212,18,0.525768518447876,0.6193456053733826,0.6137413382530212,True
1710807515,fk_qslstm,ema,test,1000212,19,-0.4736316204071045,0.21129751205444336,0.20561671257019043,True
1710807515,fk_qslstm,ema,test,1000212,20,-0.35441145300865173,-0.04360886663198471,-0.04579457640647888,True
1710807515,fk_qslstm,ema,test,1000212,21,0.8014864325523376,0.4460047781467438,0.4444268047809601,True
1710807515,fk_qslstm,ema,test,1000212,22,-0.45965561270713806,0.08101045340299606,0.08212654292583466,True
1710807515,fk_qslstm,ema,test,1000212,23,0.8429637551307678,0.570586621761322,0.5704588890075684,True
1710807515,fk_qslstm,ema,test,1000212,24,-0.9965225458145142,-0.14144423604011536,-0.1324162483215332,True
1710807515,fk_qslstm,ema,test,1000212,25,0.5213013291358948,0.1996254026889801,0.20309413969516754,True
1710807515,fk_qslstm,ema,test,1000212,26,0.8355616927146912,0.6610373258590698,0.667721152305603,True
1710807515,fk_qslstm,ema,test,1000212,27,0.41910067200660706,0.7802903056144714,0.7856242060661316,True
1710807515,fk_qslstm,ema,test,1000212,28,0.2255888432264328,0.7595855593681335,0.7623387575149536,True
1710807515,fk_qslstm,ema,test,1000212,29,0.27861303091049194,0.7748362421989441,0.7768532037734985,True
1710807515,fk_qslstm,ema,test,1000212,30,0.6400355696678162,1.0038902759552002,1.0109224319458008,True
1710807515,fk_qslstm,ema,test,1000212,31,0.5070446729660034,1.1073390245437622,1.114969253540039,True
1710807515,fk_qslstm,ema,test,1000213,0,-0.7008107304573059,-0.4204864501953125,-0.4165745973587036,True
1710807515,fk_qslstm,ema,test,1000213,1,0.20605702698230743,-0.21275494992733002,-0.21979612112045288,True
1710807515,fk_qslstm,ema,test,1000213,2,-0.2629784643650055,-0.3279910385608673,-0.33225756883621216,True
1710807515,fk_qslstm,ema,test,1000213,3,-0.17702433466911316,-0.36860743165016174,-0.3682634234428406,True
1710807515,fk_qslstm,ema,test,1000213,4,-0.14210177958011627,-0.3801470100879669,-0.37527769804000854,True
1710807515,fk_qslstm,ema,test,1000213,5,0.7408474087715149,0.14039082825183868,0.1435513198375702,True
1710807515,fk_qslstm,ema,test,1000213,6,-0.3794673979282379,-0.11536778509616852,-0.10777869820594788,True
1710807515,fk_qslstm,ema,test,1000213,7,-0.9023311734199524,-0.6336929202079773,-0.6309457421302795,True
1710807515,fk_qslstm,ema,test,1000213,8,0.3076297640800476,-0.32237645983695984,-0.3189462423324585,True
1710807515,fk_qslstm,ema,test,1000213,9,0.990156352519989,0.33619263768196106,0.3318955898284912,True
1710807515,fk_qslstm,ema,test,1000213,10,-0.5231816172599792,-0.04495486989617348,-0.04699641466140747,True
1710807515,fk_qslstm,ema,test,1000213,11,-0.9412422180175781,-0.6007091999053955,-0.6053081154823303,True
1710807515,fk_qslstm,ema,test,1000213,12,0.7616110444068909,-0.02360076643526554,-0.02520543336868286,True
1710807515,fk_qslstm,ema,test,1000213,13,-0.04139957204461098,-0.04372035712003708,-0.04154700040817261,True
1710807515,fk_qslstm,ema,test,1000213,14,-0.6889892816543579,-0.4483698606491089,-0.44859129190444946,True
1710807515,fk_qslstm,ema,test,1000213,15,-0.38110530376434326,-0.5873590707778931,-0.5876104235649109,True
1710807515,fk_qslstm,ema,test,1000213,16,0.1298588365316391,-0.3919719457626343,-0.3903200626373291,True
1710807515,fk_qslstm,ema,test,1000213,17,0.0274717565625906,-0.2970944941043854,-0.2952677011489868,True
1710807515,fk_qslstm,ema,test,1000213,18,0.20565767586231232,-0.11428099870681763,-0.11566191911697388,True
1710807515,fk_qslstm,ema,test,1000213,19,-0.20809924602508545,-0.2162843495607376,-0.21522164344787598,True
1710807515,fk_qslstm,ema,test,1000213,20,-0.06145307421684265,-0.20989932119846344,-0.20835155248641968,True
1710807515,fk_qslstm,ema,test,1000213,21,-0.207308828830719,-0.29230475425720215,-0.2887428402900696,True
1710807515,fk_qslstm,ema,test,1000213,22,0.8789523839950562,0.29352763295173645,0.2918112277984619,True
1710807515,fk_qslstm,ema,test,1000213,23,-0.7509830594062805,-0.2157677412033081,-0.21582597494125366,True
1710807515,fk_qslstm,ema,test,1000213,24,0.7813688516616821,0.29620710015296936,0.2907108962535858,True
1710807515,fk_qslstm,ema,test,1000213,25,-0.7302019596099854,-0.20115551352500916,-0.20308226346969604,True
1710807515,fk_qslstm,ema,test,1000213,26,0.7506741285324097,0.289480060338974,0.28337717056274414,True
1710807515,fk_qslstm,ema,test,1000213,27,0.5408578515052795,0.5560987591743469,0.5519218444824219,True
1710807515,fk_qslstm,ema,test,1000213,28,0.25846850872039795,0.5999600887298584,0.5945714712142944,True
1710807515,fk_qslstm,ema,test,1000213,29,0.4262051582336426,0.7356911897659302,0.7322702407836914,True
1710807515,fk_qslstm,ema,test,1000213,30,-0.024248894304037094,0.5740036368370056,0.5696245431900024,True
1710807515,fk_qslstm,ema,test,1000213,31,-0.7982563376426697,-0.019750921055674553,-0.022775620222091675,True
1710807515,fk_qslstm,ema,test,1000214,0,-0.2521141767501831,-0.15126851201057434,-0.14923971891403198,True
1710807515,fk_qslstm,ema,test,1000214,1,-0.539793848991394,-0.4448911249637604,-0.44483864307403564,True
1710807515,fk_qslstm,ema,test,1000214,2,-0.5553768277168274,-0.6891390085220337,-0.6994240880012512,True
1710807515,fk_qslstm,ema,test,1000214,3,-0.508205771446228,-0.8562346696853638,-0.8677948117256165,True
1710807515,fk_qslstm,ema,test,1000214,4,0.7186209559440613,-0.2538151741027832,-0.25400978326797485,True
1710807515,fk_qslstm,ema,test,1000214,5,-0.5414366126060486,-0.5279141068458557,-0.5269666314125061,True
1710807515,fk_qslstm,ema,test,1000214,6,-0.776827871799469,-0.8884280323982239,-0.8946664929389954,True
1710807515,fk_qslstm,ema,test,1000214,7,0.9720187783241272,-0.12753114104270935,-0.12899628281593323,True
1710807515,fk_qslstm,ema,test,1000214,8,-0.5182873606681824,-0.4129973351955414,-0.41196608543395996,True
1710807515,fk_qslstm,ema,test,1000214,9,0.4235849678516388,-0.07624688744544983,-0.07907754182815552,True
1710807515,fk_qslstm,ema,test,1000214,10,0.6304438710212708,0.31726881861686707,0.31269222497940063,True
1710807515,fk_qslstm,ema,test,1000214,11,-0.5664116740226746,-0.0860319510102272,-0.08747753500938416,True
1710807515,fk_qslstm,ema,test,1000214,12,0.10236512124538422,-0.007406488060951233,-0.010233551263809204,True
1710807515,fk_qslstm,ema,test,1000214,13,-0.18920698761940002,-0.11944938451051712,-0.11734053492546082,True
1710807515,fk_qslstm,ema,test,1000214,14,-0.9385168552398682,-0.6586695909500122,-0.65810626745224,True
1710807515,fk_qslstm,ema,test,1000214,15,-0.37346118688583374,-0.75101238489151,-0.750896155834198,True
1710807515,fk_qslstm,ema,test,1000214,16,0.5127019882202148,-0.29318875074386597,-0.28916680812835693,True
1710807515,fk_qslstm,ema,test,1000214,17,-0.4259035587310791,-0.4900931417942047,-0.48571139574050903,True
1710807515,fk_qslstm,ema,test,1000214,18,-0.5088979601860046,-0.6974132657051086,-0.6971986889839172,True
1710807515,fk_qslstm,ema,test,1000214,19,-0.5347172617912292,-0.8787609934806824,-0.8815469145774841,True
1710807515,fk_qslstm,ema,test,1000214,20,-0.14435647428035736,-0.7896226644515991,-0.7913230061531067,True
1710807515,fk_qslstm,ema,test,1000214,21,0.5905845165252686,-0.2773474156856537,-0.27536362409591675,True
1710807515,fk_qslstm,ema,test,1000214,22,0.9297983050346375,0.33600103855133057,0.33129948377609253,True
1710807515,fk_qslstm,ema,test,1000214,23,0.1717628389596939,0.37185853719711304,0.364855021238327,True
1710807515,fk_qslstm,ema,test,1000214,24,0.7015707492828369,0.7184292674064636,0.7151476144790649,True
1710807515,fk_qslstm,ema,test,1000214,25,0.03692007064819336,0.5968954563140869,0.5917117595672607,True
1710807515,fk_qslstm,ema,test,1000214,26,-0.17792458832263947,0.37076160311698914,0.3656153678894043,True
1710807515,fk_qslstm,ema,test,1000214,27,0.7404945492744446,0.7409060001373291,0.7420802116394043,True
1710807515,fk_qslstm,ema,test,1000214,28,-0.4416518807411194,0.32773369550704956,0.32672935724258423,True
1710807515,fk_qslstm,ema,test,1000214,29,0.5629041790962219,0.5999294519424438,0.5996700525283813,True
1710807515,fk_qslstm,ema,test,1000214,30,-0.8150352239608765,-0.009077565744519234,-0.007016301155090332,True
1710807515,fk_qslstm,ema,test,1000214,31,0.9908280372619629,0.5872347950935364,0.5847782492637634,True
1710807515,fk_qslstm,ema,test,1000215,0,0.8578694462776184,0.514721691608429,0.506822407245636,True
1710807515,fk_qslstm,ema,test,1000215,1,-0.6037494540214539,0.04952767491340637,0.05967980623245239,True
1710807515,fk_qslstm,ema,test,1000215,2,0.5075706243515015,0.34416452050209045,0.34086620807647705,True
1710807515,fk_qslstm,ema,test,1000215,3,-0.17037606239318848,0.17310597002506256,0.17133291065692902,True
1710807515,fk_qslstm,ema,test,1000215,4,0.3407467305660248,0.3429328203201294,0.337932288646698,True
1710807515,fk_qslstm,ema,test,1000215,5,-0.39458394050598145,0.03759588673710823,0.036801278591156006,True
1710807515,fk_qslstm,ema,test,1000215,6,0.5158006548881531,0.33955711126327515,0.3363957703113556,True
1710807515,fk_qslstm,ema,test,1000215,7,0.3114795982837677,0.4585334360599518,0.4555514454841614,True
1710807515,fk_qslstm,ema,test,1000215,8,-0.7591733932495117,-0.08867726475000381,-0.09002354741096497,True
1710807515,fk_qslstm,ema,test,1000215,9,-0.7904870510101318,-0.5452340245246887,-0.5501726269721985,True
1710807515,fk_qslstm,ema,test,1000215,10,0.4302162230014801,-0.1780574917793274,-0.17989739775657654,True
1710807515,fk_qslstm,ema,test,1000215,11,-0.259980171918869,-0.2984341084957123,-0.29511111974716187,True
1710807515,fk_qslstm,ema,test,1000215,12,0.44575753808021545,0.028707243502140045,0.027868151664733887,True
1710807515,fk_qslstm,ema,test,1000215,13,-0.8735048770904541,-0.5011371374130249,-0.5012160539627075,True
1710807515,fk_qslstm,ema,test,1000215,14,0.1463891714811325,-0.3130761981010437,-0.31388992071151733,True
1710807515,fk_qslstm,ema,test,1000215,15,0.9963485598564148,0.3473481833934784,0.3395177721977234,True
1710807515,fk_qslstm,ema,test,1000215,16,-0.554909348487854,-0.055067047476768494,-0.06027323007583618,True
1710807515,fk_qslstm,ema,test,1000215,17,-0.6912850737571716,-0.45882466435432434,-0.46725380420684814,True
1710807515,fk_qslstm,ema,test,1000215,18,-0.251062273979187,-0.5176970958709717,-0.5226433873176575,True
1710807515,fk_qslstm,ema,test,1000215,19,-0.4486328959465027,-0.6833374500274658,-0.6873236894607544,True
1710807515,fk_qslstm,ema,test,1000215,20,-0.5585978627204895,-0.8818286657333374,-0.8882136940956116,True
1710807515,fk_qslstm,ema,test,1000215,21,0.15329395234584808,-0.6134865283966064,-0.6175546646118164,True
1710807515,fk_qslstm,ema,test,1000215,22,-0.6279059052467346,-0.8675327897071838,-0.8760824799537659,True
1710807515,fk_qslstm,ema,test,1000215,23,-0.5022175312042236,-0.9953567385673523,-1.0062386989593506,True
1710807515,fk_qslstm,ema,test,1000215,24,-0.34266647696495056,-1.0018852949142456,-1.012716293334961,True
1710807515,fk_qslstm,ema,test,1000215,25,0.7847623825073242,-0.33065077662467957,-0.33093053102493286,True
1710807515,fk_qslstm,ema,test,1000215,26,0.11088424175977707,-0.19799008965492249,-0.19778484106063843,True
1710807515,fk_qslstm,ema,test,1000215,27,0.8389424085617065,0.3449733555316925,0.3410077393054962,True
1710807515,fk_qslstm,ema,test,1000215,28,0.20290276408195496,0.3977203369140625,0.3930949568748474,True
1710807515,fk_qslstm,ema,test,1000215,29,0.7358638644218445,0.7596946358680725,0.7596414089202881,True
1710807515,fk_qslstm,ema,test,1000215,30,-0.672589898109436,0.20420174300670624,0.20138657093048096,True
1710807515,fk_qslstm,ema,test,1000215,31,-0.7699354887008667,-0.2985999286174774,-0.3027718663215637,True
1710807515,fk_qslstm,ema,test,1000216,0,0.3062700033187866,0.18376199901103973,0.18377521634101868,True
1710807515,fk_qslstm,ema,test,1000216,1,0.05767450109124184,0.18161429464817047,0.18562257289886475,True
1710807515,fk_qslstm,ema,test,1000216,2,0.6127545833587646,0.5129441618919373,0.5093666315078735,True
1710807515,fk_qslstm,ema,test,1000216,3,-0.6195918917655945,0.03860021382570267,0.036998867988586426,True
1710807515,fk_qslstm,ema,test,1000216,4,0.03763935714960098,0.053463783115148544,0.05176669359207153,True
1710807515,fk_qslstm,ema,test,1000216,5,-0.4873883128166199,-0.24966196715831757,-0.2468206286430359,True
1710807515,fk_qslstm,ema,test,1000216,6,0.08410419523715973,-0.1492670625448227,-0.14626511931419373,True
1710807515,fk_qslstm,ema,test,1000216,7,0.8491847515106201,0.3900972008705139,0.3904646933078766,True
1710807515,fk_qslstm,ema,test,1000216,8,-0.6970661878585815,-0.1061619445681572,-0.1047435998916626,True
1710807515,fk_qslstm,ema,test,1000216,9,0.14043602347373962,-0.0006679443758912385,-0.0027889609336853027,True
1710807515,fk_qslstm,ema,test,1000216,10,-0.5199689865112305,-0.3125157356262207,-0.31149017810821533,True
1710807515,fk_qslstm,ema,test,1000216,11,-0.6177480816841125,-0.6206614375114441,-0.6230446696281433,True
1710807515,fk_qslstm,ema,test,1000216,12,-0.8565460443496704,-1.0104568004608154,-1.0153393745422363,True
1710807515,fk_qslstm,ema,test,1000216,13,-0.6924945116043091,-1.2238621711730957,-1.2265968322753906,True
1710807515,fk_qslstm,ema,test,1000216,14,0.2638830542564392,-0.8207598924636841,-0.8273242115974426,True
1710807515,fk_qslstm,ema,test,1000216,15,0.16932064294815063,-0.555015504360199,-0.5619915127754211,True
1710807515,fk_qslstm,ema,test,1000216,16,-0.035496700555086136,-0.4653104245662689,-0.4694669246673584,True
1710807515,fk_qslstm,ema,test,1000216,17,0.3691598176956177,-0.150752454996109,-0.15489143133163452,True
1710807515,fk_qslstm,ema,test,1000216,18,0.5114313960075378,0.18625687062740326,0.17962288856506348,True
1710807515,fk_qslstm,ema,test,1000216,19,-0.3382183313369751,-0.05392549932003021,-0.055296868085861206,True
1710807515,fk_qslstm,ema,test,1000216,20,0.6011552810668945,0.317552775144577,0.31330764293670654,True
1710807515,fk_qslstm,ema,test,1000216,21,-0.5937087535858154,-0.102183036506176,-0.10260191559791565,True
1710807515,fk_qslstm,ema,test,1000216,22,-0.18734417855739594,-0.19415293633937836,-0.1925593912601471,True
1710807515,fk_qslstm,ema,test,1000216,23,0.7939761877059937,0.321063369512558,0.32082730531692505,True
1710807515,fk_qslstm,ema,test,1000216,24,0.707423746585846,0.681304931640625,0.6840100288391113,True
1710807515,fk_qslstm,ema,test,1000216,25,-0.353114515542984,0.3331752419471741,0.33244869112968445,True
1710807515,fk_qslstm,ema,test,1000216,26,-0.35832610726356506,0.05154453590512276,0.05191764235496521,True
1710807515,fk_qslstm,ema,test,1000216,27,0.8343294262886047,0.5418332815170288,0.5430957674980164,True
1710807515,fk_qslstm,ema,test,1000216,28,-0.645202100276947,0.04634539783000946,0.047538578510284424,True
1710807515,fk_qslstm,ema,test,1000216,29,-0.9756869673728943,-0.5483358502388,-0.5480719208717346,True
1710807515,fk_qslstm,ema,test,1000216,30,0.1793845295906067,-0.3310379683971405,-0.3279380202293396,True
1710807515,fk_qslstm,ema,test,1000216,31,-0.5360915660858154,-0.5864853262901306,-0.5836977362632751,True
1710807515,fk_qslstm,ema,test,1000217,0,-0.6002302169799805,-0.3601381480693817,-0.3573841452598572,True
1710807515,fk_qslstm,ema,test,1000217,1,-0.8438209891319275,-0.794403076171875,-0.8021624684333801,True
1710807515,fk_qslstm,ema,test,1000217,2,-0.700628399848938,-1.0558995008468628,-1.0751829147338867,True
1710807515,fk_qslstm,ema,test,1000217,3,0.6340308785438538,-0.46430110931396484,-0.46976613998413086,True
1710807515,fk_qslstm,ema,test,1000217,4,0.432419091463089,-0.11198943108320236,-0.11402049660682678,True
1710807515,fk_qslstm,ema,test,1000217,5,-0.2575836181640625,-0.24414171278476715,-0.23984742164611816,True
1710807515,fk_qslstm,ema,test,1000217,6,0.39103150367736816,0.03930553421378136,0.041592419147491455,True
1710807515,fk_qslstm,ema,test,1000217,7,-0.3375340402126312,-0.1710759997367859,-0.16345417499542236,True
1710807515,fk_qslstm,ema,test,1000217,8,0.41908544301986694,0.11459047347307205,0.11776265501976013,True
1710807515,fk_qslstm,ema,test,1000217,9,0.45242345333099365,0.3631264567375183,0.3643225431442261,True
1710807515,fk_qslstm,ema,test,1000217,10,0.21678443253040314,0.42057180404663086,0.42015090584754944,True
1710807515,fk_qslstm,ema,test,1000217,11,0.6163678169250488,0.7062781453132629,0.7090792655944824,True
1710807515,fk_qslstm,ema,test,1000217,12,0.5071653127670288,0.8693217039108276,0.8746875524520874,True
1710807515,fk_qslstm,ema,test,1000217,13,-0.08335866779088974,0.6454421877861023,0.647087574005127,True
1710807515,fk_qslstm,ema,test,1000217,14,0.652923583984375,0.9081078767776489,0.9153442978858948,True
1710807515,fk_qslstm,ema,test,1000217,15,0.0470057837665081,0.7546897530555725,0.7587692737579346,True
1710807515,fk_qslstm,ema,test,1000217,16,0.7065040469169617,1.0276542901992798,1.0369632244110107,True
1710807515,fk_qslstm,ema,test,1000217,17,-0.5104582905769348,0.5158484578132629,0.5183543562889099,True
1710807515,fk_qslstm,ema,test,1000217,18,-0.7487935423851013,-0.03659737855195999,-0.036488741636276245,True
1710807515,fk_qslstm,ema,test,1000217,19,0.512295126914978,0.2780991792678833,0.2768743336200714,True
1710807515,fk_qslstm,ema,test,1000217,20,0.17471599578857422,0.3273089528083801,0.32725924253463745,True
1710807515,fk_qslstm,ema,test,1000217,21,-0.22834181785583496,0.12484205514192581,0.12788009643554688,True
1710807515,fk_qslstm,ema,test,1000217,22,0.6719773411750793,0.5030600428581238,0.5062999129295349,True
1710807515,fk_qslstm,ema,test,1000217,23,-0.3900980055332184,0.168389230966568,0.1731894314289093,True
1710807515,fk_qslstm,ema,test,1000217,24,0.809354841709137,0.6203242540359497,0.62542724609375,True
1710807515,fk_qslstm,ema,test,1000217,25,0.6093898415565491,0.8618932962417603,0.8703673481941223,True
1710807515,fk_qslstm,ema,test,1000217,26,-0.5091358423233032,0.3840331435203552,0.3857043385505676,True
1710807515,fk_qslstm,ema,test,1000217,27,0.2335161417722702,0.44733619689941406,0.4461553394794464,True
1710807515,fk_qslstm,ema,test,1000217,28,-0.5329765677452087,0.038083016872406006,0.039789438247680664,True
1710807515,fk_qslstm,ema,test,1000217,29,0.3168641924858093,0.2205849289894104,0.2200903594493866,True
1710807515,fk_qslstm,ema,test,1000217,30,-0.5485161542892456,-0.15264174342155457,-0.1487542688846588,True
1710807515,fk_qslstm,ema,test,1000217,31,0.6473308205604553,0.26628509163856506,0.2671542167663574,True
1710807515,fk_qslstm,ema,test,1000218,0,0.8310916423797607,0.4986549913883209,0.4919602572917938,True
1710807515,fk_qslstm,ema,test,1000218,1,-0.7643992900848389,-0.05971558019518852,-0.04648676514625549,True
1710807515,fk_qslstm,ema,test,1000218,2,0.5822173953056335,0.3015579879283905,0.30009838938713074,True
1710807515,fk_qslstm,ema,test,1000218,3,0.28407713770866394,0.41169267892837524,0.40779343247413635,True
1710807515,fk_qslstm,ema,test,1000218,4,0.5015943050384521,0.6303107142448425,0.6269546747207642,True
1710807515,fk_qslstm,ema,test,1000218,5,0.03766505420207977,0.5268476009368896,0.5223820209503174,True
1710807515,fk_qslstm,ema,test,1000218,6,-0.029619263485074043,0.40370652079582214,0.39968419075012207,True
1710807515,fk_qslstm,ema,test,1000218,7,-0.9411341547966003,-0.24171528220176697,-0.23989659547805786,True
1710807515,fk_qslstm,ema,test,1000218,8,0.7110050916671753,0.2332308292388916,0.23472774028778076,True
1710807515,fk_qslstm,ema,test,1000218,9,-0.10194581747055054,0.12541717290878296,0.13201889395713806,True
1710807515,fk_qslstm,ema,test,1000218,10,-0.7630607485771179,-0.35750269889831543,-0.3522859215736389,True
1710807515,fk_qslstm,ema,test,1000218,11,-0.6391764879226685,-0.6695080399513245,-0.6688972115516663,True
1710807515,fk_qslstm,ema,test,1000218,12,0.20217514038085938,-0.4143013656139374,-0.4108459949493408,True
1710807515,fk_qslstm,ema,test,1000218,13,0.3408893048763275,-0.12690751254558563,-0.1258453130722046,True
1710807515,fk_qslstm,ema,test,1000218,14,0.20712494850158691,0.022748960182070732,0.020913928747177124,True
1710807515,fk_qslstm,ema,test,1000218,15,0.5950016379356384,0.37520015239715576,0.3708004951477051,True
1710807515,fk_qslstm,ema,test,1000218,16,0.20606108009815216,0.42379677295684814,0.41845396161079407,True
1710807515,fk_qslstm,ema,test,1000218,17,-0.16907092928886414,0.2375948578119278,0.23433402180671692,True
1710807515,fk_qslstm,ema,test,1000218,18,-0.7670572996139526,-0.27015846967697144,-0.2721565365791321,True
1710807515,fk_qslstm,ema,test,1000218,19,0.8216504454612732,0.2768634855747223,0.27362585067749023,True
1710807515,fk_qslstm,ema,test,1000218,20,-0.2992052733898163,0.04196761175990105,0.04467889666557312,True
1710807515,fk_qslstm,ema,test,1000218,21,0.9969750642776489,0.6317591667175293,0.6300908327102661,True
1710807515,fk_qslstm,ema,test,1000218,22,0.35688090324401855,0.7195358872413635,0.7156773805618286,True
1710807515,fk_qslstm,ema,test,1000218,23,0.35265371203422546,0.7872208952903748,0.7831664085388184,True
1710807515,fk_qslstm,ema,test,1000218,24,0.5467130541801453,0.9578045606613159,0.9580206274986267,True
1710807515,fk_qslstm,ema,test,1000218,25,-0.7607786059379578,0.3097764551639557,0.305960476398468,True
1710807515,fk_qslstm,ema,test,1000218,26,0.6923377513885498,0.6632238030433655,0.6625468730926514,True
1710807515,fk_qslstm,ema,test,1000218,27,-0.721004843711853,0.09797616302967072,0.09760114550590515,True
1710807515,fk_qslstm,ema,test,1000218,28,-0.7430427074432373,-0.3674446940422058,-0.3699467182159424,True
1710807515,fk_qslstm,ema,test,1000218,29,-0.9394456744194031,-0.8576231598854065,-0.8622799515724182,True
1710807515,fk_qslstm,ema,test,1000218,30,0.04704837501049042,-0.6578695178031921,-0.6577401757240295,True
1710807515,fk_qslstm,ema,test,1000218,31,0.17286664247512817,-0.42257562279701233,-0.4205743670463562,True
1710807515,fk_qslstm,ema,test,1000219,0,0.8928834199905396,0.5357300639152527,0.5260381698608398,True
1710807515,fk_qslstm,ema,test,1000219,1,0.7652750015258789,0.8877490758895874,0.8937957882881165,True
1710807515,fk_qslstm,ema,test,1000219,2,-0.5706012845039368,0.36783847212791443,0.3646366596221924,True
1710807515,fk_qslstm,ema,test,1000219,3,-0.9852323532104492,-0.29686862230300903,-0.2979758381843567,True
1710807515,fk_qslstm,ema,test,1000219,4,-0.6791561245918274,-0.6449885964393616,-0.6496655941009521,True
1710807515,fk_qslstm,ema,test,1000219,5,0.34722286462783813,-0.3076571524143219,-0.30946606397628784,True
1710807515,fk_qslstm,ema,test,1000219,6,0.925023078918457,0.30888813734054565,0.30215921998023987,True
1710807515,fk_qslstm,ema,test,1000219,7,-0.47919759154319763,-0.04040805995464325,-0.0439833402633667,True
1710807515,fk_qslstm,ema,test,1000219,8,0.3173404932022095,0.15807783603668213,0.1497412621974945,True
1710807515,fk_qslstm,ema,test,1000219,9,0.7195099592208862,0.5581682920455933,0.5525727272033691,True
1710807515,fk_qslstm,ema,test,1000219,10,0.5032180547714233,0.7484654188156128,0.7452244758605957,True
1710807515,fk_qslstm,ema,test,1000219,11,-0.41741833090782166,0.3483213484287262,0.34234505891799927,True
1710807515,fk_qslstm,ema,test,1000219,12,0.6875340342521667,0.691177487373352,0.6891132593154907,True
1710807515,fk_qslstm,ema,test,1000219,13,0.3968666195869446,0.7910619974136353,0.7910341024398804,True
1710807515,fk_qslstm,ema,test,1000219,14,-0.11532072722911835,0.5636571645736694,0.5609480142593384,True
1710807515,fk_qslstm,ema,test,1000219,15,-0.49726003408432007,0.1525696963071823,0.15022951364517212,True
1710807515,fk_qslstm,ema,test,1000219,16,0.22054775059223175,0.2543843984603882,0.25216519832611084,True
1710807515,fk_qslstm,ema,test,1000219,17,-0.7068243622779846,-0.2205871045589447,-0.2193179726600647,True
1710807515,fk_qslstm,ema,test,1000219,18,0.46243423223495483,0.10099085420370102,0.09983699023723602,True
1710807515,fk_qslstm,ema,test,1000219,19,0.5419249534606934,0.40594765543937683,0.4050891697406769,True
1710807515,fk_qslstm,ema,test,1000219,20,0.5359805226325989,0.6463464498519897,0.6469653844833374,True
1710807515,fk_qslstm,ema,test,1000219,21,-0.0492405891418457,0.4875327944755554,0.48657482862472534,True
1710807515,fk_qslstm,ema,test,1000219,22,-0.050838980823755264,0.35952284932136536,0.35889732837677,True
1710807515,fk_qslstm,ema,test,1000219,23,-0.7070689797401428,-0.1366230994462967,-0.13520318269729614,True
1710807515,fk_qslstm,ema,test,1000219,24,0.6707615256309509,0.2931584417819977,0.2935328185558319,True
1710807515,fk_qslstm,ema,test,1000219,25,-0.020573189482092857,0.22218284010887146,0.22573906183242798,True
1710807515,fk_qslstm,ema,test,1000219,26,0.403594970703125,0.4199032485485077,0.4212300181388855,True
1710807515,fk_qslstm,ema,test,1000219,27,-0.674137532711029,-0.0685599073767662,-0.06541013717651367,True
1710807515,fk_qslstm,ema,test,1000219,28,0.9082501530647278,0.4901021718978882,0.48987963795661926,True
1710807515,fk_qslstm,ema,test,1000219,29,0.9553869962692261,0.9653139114379883,0.9699042439460754,True
1710807515,fk_qslstm,ema,test,1000219,30,-0.3052242696285248,0.5891165733337402,0.5852560997009277,True
1710807515,fk_qslstm,ema,test,1000219,31,0.9479272365570068,1.0400495529174805,1.0411090850830078,True
1710807515,fk_qslstm,ema,test,1000220,0,0.41998961567878723,0.2519937753677368,0.2518611550331116,True
1710807515,fk_qslstm,ema,test,1000220,1,-0.00035532357287593186,0.20138181746006012,0.20825089514255524,True
1710807515,fk_qslstm,ema,test,1000220,2,-0.6719470024108887,-0.2420627623796463,-0.2409035563468933,True
1710807515,fk_qslstm,ema,test,1000220,3,0.9968775510787964,0.4044763147830963,0.3968285620212555,True
1710807515,fk_qslstm,ema,test,1000220,4,-0.42784830927848816,0.06687207520008087,0.06295929849147797,True
1710807515,fk_qslstm,ema,test,1000220,5,0.0031478351447731256,0.05538636073470116,0.051017582416534424,True
1710807515,fk_qslstm,ema,test,1000220,6,-0.4960681200027466,-0.2533317804336548,-0.25390303134918213,True
1710807515,fk_qslstm,ema,test,1000220,7,-0.10225857049226761,-0.26402056217193604,-0.2622290253639221,True
1710807515,fk_qslstm,ema,test,1000220,8,-0.6705948114395142,-0.6135733723640442,-0.6143176555633545,True
1710807515,fk_qslstm,ema,test,1000220,9,0.8507973551750183,0.01961974799633026,0.018538475036621094,True
1710807515,fk_qslstm,ema,test,1000220,10,-0.5783959627151489,-0.33134177327156067,-0.3299025893211365,True
1710807515,fk_qslstm,ema,test,1000220,11,-0.19465070962905884,-0.3818638324737549,-0.38091015815734863,True
1710807515,fk_qslstm,ema,test,1000220,12,-0.7469454407691956,-0.7536583542823792,-0.7571740746498108,True
1710807515,fk_qslstm,ema,test,1000220,13,-0.6959898471832275,-1.020520567893982,-1.0277819633483887,True
1710807515,fk_qslstm,ema,test,1000220,14,0.4883783161640167,-0.523389458656311,-0.5255924463272095,True
1710807515,fk_qslstm,ema,test,1000220,15,-0.33484411239624023,-0.6196180582046509,-0.6224493384361267,True
1710807515,fk_qslstm,ema,test,1000220,16,-0.519914984703064,-0.8076434135437012,-0.8140085339546204,True
1710807515,fk_qslstm,ema,test,1000220,17,-0.765194296836853,-1.1052312850952148,-1.1124043464660645,True
1710807515,fk_qslstm,ema,test,1000220,18,0.16886308789253235,-0.7828671932220459,-0.790095865726471,True
1710807515,fk_qslstm,ema,test,1000220,19,0.8361067175865173,-0.12462970614433289,-0.1282959282398224,True
1710807515,fk_qslstm,ema,test,1000220,20,0.9822731614112854,0.4896601438522339,0.4804026484489441,True
1710807515,fk_qslstm,ema,test,1000220,21,-0.3040677011013031,0.20928747951984406,0.20171312987804413,True
1710807515,fk_qslstm,ema,test,1000220,22,-0.6393864154815674,-0.21620185673236847,-0.22290927171707153,True
1710807515,fk_qslstm,ema,test,1000220,23,-0.11897740513086319,-0.2443479299545288,-0.24686038494110107,True
1710807515,fk_qslstm,ema,test,1000220,24,0.11136599630117416,-0.1286587417125702,-0.12959718704223633,True
1710807515,fk_qslstm,ema,test,1000220,25,-0.47434094548225403,-0.387531578540802,-0.3866145610809326,True
1710807515,fk_qslstm,ema,test,1000220,26,-0.9216066598892212,-0.8629892468452454,-0.8660227656364441,True
1710807515,fk_qslstm,ema,test,1000220,27,0.7486212253570557,-0.2412186861038208,-0.2376982569694519,True
1710807515,fk_qslstm,ema,test,1000220,28,-0.9985288977622986,-0.7920923233032227,-0.7881457209587097,True
1710807515,fk_qslstm,ema,test,1000220,29,0.3341236412525177,-0.4331996738910675,-0.43008750677108765,True
1710807515,fk_qslstm,ema,test,1000220,30,-0.6586651802062988,-0.7417588233947754,-0.7433995604515076,True
1710807515,fk_qslstm,ema,test,1000220,31,-0.8701817989349365,-1.115516185760498,-1.11912202835083,True
1710807515,fk_qslstm,ema,test,1000221,0,0.36012449860572815,0.21607469022274017,0.21602369844913483,True
1710807515,fk_qslstm,ema,test,1000221,1,0.8134639263153076,0.6609381437301636,0.6640411615371704,True
1710807515,fk_qslstm,ema,test,1000221,2,0.24932242929935455,0.6783439517021179,0.6744212508201599,True
1710807515,fk_qslstm,ema,test,1000221,3,0.08567821234464645,0.5940821170806885,0.58797687292099,True
1710807515,fk_qslstm,ema,test,1000221,4,-0.3839954137802124,0.2448684126138687,0.23987501859664917,True
1710807515,fk_qslstm,ema,test,1000221,5,0.6260032653808594,0.5714967250823975,0.5694361925125122,True
1710807515,fk_qslstm,ema,test,1000221,6,0.7445683479309082,0.903938353061676,0.9094361662864685,True
1710807515,fk_qslstm,ema,test,1000221,7,0.6404130458831787,1.107398509979248,1.1142828464508057,True
1710807515,fk_qslstm,ema,test,1000221,8,0.08590007573366165,0.937458872795105,0.9430670142173767,True
1710807515,fk_qslstm,ema,test,1000221,9,0.9885796904563904,1.343114972114563,1.3389132022857666,True
1710807515,fk_qslstm,ema,test,1000221,10,-0.5694544911384583,0.7328192591667175,0.7316045761108398,True
1710807515,fk_qslstm,ema,test,1000221,11,0.6474369764328003,0.9747176170349121,0.9818522930145264,True
1710807515,fk_qslstm,ema,test,1000221,12,0.9106777310371399,1.3261806964874268,1.3245947360992432,True
1710807515,fk_qslstm,ema,test,1000221,13,-0.30187878012657166,0.8798173069953918,0.8799351453781128,True
1710807515,fk_qslstm,ema,test,1000221,14,-0.2926497459411621,0.5282639861106873,0.5220838785171509,True
1710807515,fk_qslstm,ema,test,1000221,15,0.47152864933013916,0.7055283784866333,0.7000465393066406,True
1710807515,fk_qslstm,ema,test,1000221,16,-0.6477867364883423,0.17575067281723022,0.16594506800174713,True
1710807515,fk_qslstm,ema,test,1000221,17,-0.5172818899154663,-0.16976860165596008,-0.17818033695220947,True
1710807515,fk_qslstm,ema,test,1000221,18,0.6882662773132324,0.2771448791027069,0.26886510848999023,True
1710807515,fk_qslstm,ema,test,1000221,19,0.6774905323982239,0.628210186958313,0.6241369247436523,True
1710807515,fk_qslstm,ema,test,1000221,20,0.1542079895734787,0.5950929522514343,0.5888845920562744,True
1710807515,fk_qslstm,ema,test,1000221,21,0.8445892333984375,0.98282790184021,0.9836734533309937,True
1710807515,fk_qslstm,ema,test,1000221,22,0.6651651859283447,1.185361385345459,1.1861729621887207,True
1710807515,fk_qslstm,ema,test,1000221,23,-0.42207297682762146,0.6950453519821167,0.6935960054397583,True
1710807515,fk_qslstm,ema,test,1000221,24,-0.9542511701583862,-0.016514422371983528,-0.01554727554321289,True
1710807515,fk_qslstm,ema,test,1000221,25,0.9769495725631714,0.57295823097229,0.5716274976730347,True
1710807515,fk_qslstm,ema,test,1000221,26,0.8926649689674377,0.9939655661582947,0.9979860782623291,True
1710807515,fk_qslstm,ema,test,1000221,27,0.9215958118438721,1.3481298685073853,1.339735984802246,True
1710807515,fk_qslstm,ema,test,1000221,28,-0.43199026584625244,0.8193097710609436,0.8156511187553406,True
1710807515,fk_qslstm,ema,test,1000221,29,0.3814535439014435,0.8843199610710144,0.8844409584999084,True
1710807515,fk_qslstm,ema,test,1000221,30,-0.4261452853679657,0.45176878571510315,0.4427175223827362,True
1710807515,fk_qslstm,ema,test,1000221,31,-0.9448065161705017,-0.20546884834766388,-0.21214526891708374,True
1710807515,fk_qslstm,ema,test,1000222,0,0.7109695076942444,0.4265816807746887,0.42373767495155334,True
1710807515,fk_qslstm,ema,test,1000222,1,-0.8416140079498291,-0.163703054189682,-0.14636486768722534,True
1710807515,fk_qslstm,ema,test,1000222,2,-0.8775624632835388,-0.6574999094009399,-0.6544941067695618,True
1710807515,fk_qslstm,ema,test,1000222,3,-0.41687604784965515,-0.7761255502700806,-0.7767677903175354,True
1710807515,fk_qslstm,ema,test,1000222,4,-0.5314285755157471,-0.9397575855255127,-0.9427829384803772,True
1710807515,fk_qslstm,ema,test,1000222,5,0.9879021048545837,-0.15906481444835663,-0.1583067774772644,True
1710807515,fk_qslstm,ema,test,1000222,6,-0.34001973271369934,-0.3312636911869049,-0.3272663354873657,True
1710807515,fk_qslstm,ema,test,1000222,7,0.7197080254554749,0.16681385040283203,0.1660541296005249,True
1710807515,fk_qslstm,ema,test,1000222,8,0.1987992376089096,0.2527306079864502,0.2510369122028351,True
1710807515,fk_qslstm,ema,test,1000222,9,-0.17693489789962769,0.0960235521197319,0.09668740630149841,True
1710807515,fk_qslstm,ema,test,1000222,10,-0.8151293396949768,-0.4122587740421295,-0.4122394323348999,True
1710807515,fk_qslstm,ema,test,1000222,11,-0.9580513834953308,-0.9046378135681152,-0.9076851010322571,True
1710807515,fk_qslstm,ema,test,1000222,12,0.9057196974754333,-0.18027843534946442,-0.1755625307559967,True
1710807515,fk_qslstm,ema,test,1000222,13,-0.1465398520231247,-0.23214666545391083,-0.22420519590377808,True
1710807515,fk_qslstm,ema,test,1000222,14,-0.5979439616203308,-0.5444837212562561,-0.5408297777175903,True
1710807515,fk_qslstm,ema,test,1000222,15,0.6091727614402771,-0.07008329778909683,-0.06724134087562561,True
1710807515,fk_qslstm,ema,test,1000222,16,0.6044740080833435,0.30661776661872864,0.30653077363967896,True
1710807515,fk_qslstm,ema,test,1000222,17,0.918415904045105,0.7963437438011169,0.7986921668052673,True
1710807515,fk_qslstm,ema,test,1000222,18,0.3479903042316437,0.8458691835403442,0.845527708530426,True
1710807515,fk_qslstm,ema,test,1000222,19,-0.057385604828596115,0.6422640085220337,0.6376913785934448,True
1710807515,fk_qslstm,ema,test,1000222,20,-0.13850460946559906,0.4307084083557129,0.4249798059463501,True
1710807515,fk_qslstm,ema,test,1000222,21,-0.4803714156150818,0.056343887001276016,0.05358093976974487,True
1710807515,fk_qslstm,ema,test,1000222,22,0.33963924646377563,0.24885864555835724,0.24538689851760864,True
1710807515,fk_qslstm,ema,test,1000222,23,0.03264715522527695,0.21867521107196808,0.21816924214363098,True
1710807515,fk_qslstm,ema,test,1000222,24,-0.8347577452659607,-0.32591450214385986,-0.3249349594116211,True
1710807515,fk_qslstm,ema,test,1000222,25,-0.35275882482528687,-0.47238689661026,-0.4695470929145813,True
1710807515,fk_qslstm,ema,test,1000222,26,0.8228139281272888,0.11577882617712021,0.11852563917636871,True
1710807515,fk_qslstm,ema,test,1000222,27,0.33393457531929016,0.2929838001728058,0.2932117283344269,True
1710807515,fk_qslstm,ema,test,1000222,28,0.4369715750217438,0.49656999111175537,0.49470704793930054,True
1710807515,fk_qslstm,ema,test,1000222,29,-0.0630267858505249,0.3594399392604828,0.35788431763648987,True
1710807515,fk_qslstm,ema,test,1000222,30,-0.5403535962104797,-0.036660224199295044,-0.03601449728012085,True
1710807515,fk_qslstm,ema,test,1000222,31,0.017481718212366104,-0.018839148804545403,-0.016443490982055664,True
1710807515,fk_qslstm,ema,test,1000223,0,-0.6364052891731262,-0.3818431496620178,-0.3787849545478821,True
1710807515,fk_qslstm,ema,test,1000223,1,0.7081725001335144,0.11942895501852036,0.11148025095462799,True
1710807515,fk_qslstm,ema,test,1000223,2,-0.31450361013412476,-0.09315899759531021,-0.09454157948493958,True
1710807515,fk_qslstm,ema,test,1000223,3,0.40450674295425415,0.16817684471607208,0.1640842854976654,True
1710807515,fk_qslstm,ema,test,1000223,4,0.701389729976654,0.5553752779960632,0.5544005036354065,True
1710807515,fk_qslstm,ema,test,1000223,5,0.665642499923706,0.8436857461929321,0.8478531241416931,True
1710807515,fk_qslstm,ema,test,1000223,6,0.4259854853153229,0.9305399060249329,0.9355189800262451,True
1710807515,fk_qslstm,ema,test,1000223,7,0.20088592171669006,0.8649634718894958,0.8686342835426331,True
1710807515,fk_qslstm,ema,test,1000223,8,-0.2887173891067505,0.5187403559684753,0.518480658531189,True
1710807515,fk_qslstm,ema,test,1000223,9,-0.5695085525512695,0.07328715920448303,0.0728221982717514,True
1710807515,fk_qslstm,ema,test,1000223,10,0.32335373759269714,0.2526419758796692,0.25148093700408936,True
1710807515,fk_qslstm,ema,test,1000223,11,0.13453587889671326,0.28283509612083435,0.28342166543006897,True
1710807515,fk_qslstm,ema,test,1000223,12,0.3618684709072113,0.4433891773223877,0.4432898759841919,True
1710807515,fk_qslstm,ema,test,1000223,13,0.6335064768791199,0.734815239906311,0.7390867471694946,True
1710807515,fk_qslstm,ema,test,1000223,14,0.46759456396102905,0.8684089183807373,0.8742917776107788,True
1710807515,fk_qslstm,ema,test,1000223,15,0.5335572957992554,1.0148614645004272,1.0228331089019775,True
1710807515,fk_qslstm,ema,test,1000223,16,-0.4913264214992523,0.5170933604240417,0.519027590751648,True
1710807515,fk_qslstm,ema,test,1000223,17,0.05050491541624069,0.44397762417793274,0.44402894377708435,True
1710807515,fk_qslstm,ema,test,1000223,18,-0.3098251223564148,0.16928702592849731,0.1725519597530365,True
1710807515,fk_qslstm,ema,test,1000223,19,0.4627367854118347,0.4130716919898987,0.41548487544059753,True
1710807515,fk_qslstm,ema,test,1000223,20,-0.6564454436302185,-0.06340990960597992,-0.05876365303993225,True
1710807515,fk_qslstm,ema,test,1000223,21,0.520148754119873,0.26136133074760437,0.26239433884620667,True
1710807515,fk_qslstm,ema,test,1000223,22,0.7384649515151978,0.6521680355072021,0.6573331952095032,True
1710807515,fk_qslstm,ema,test,1000223,23,-0.38505133986473083,0.2907036542892456,0.29359233379364014,True
1710807515,fk_qslstm,ema,test,1000223,24,0.6820459365844727,0.6417904496192932,0.6457536220550537,True
1710807515,fk_qslstm,ema,test,1000223,25,-0.898319661617279,-0.02555941231548786,-0.018262147903442383,True
1710807515,fk_qslstm,ema,test,1000223,26,0.9781865477561951,0.566464364528656,0.5680288672447205,True
1710807515,fk_qslstm,ema,test,1000223,27,0.790587842464447,0.927524209022522,0.9343531727790833,True
1710807515,fk_qslstm,ema,test,1000223,28,-0.15605033934116364,0.6483891606330872,0.6490050554275513,True
1710807515,fk_qslstm,ema,test,1000223,29,-0.6008773446083069,0.15818490087985992,0.1549120843410492,True
1710807515,fk_qslstm,ema,test,1000223,30,0.9532897472381592,0.6985217928886414,0.6968492269515991,True
1710807515,fk_qslstm,ema,test,1000223,31,-0.6475696563720703,0.17027561366558075,0.16555896401405334,True
1710807515,fk_qslstm,ema,test,1000224,0,0.1615884155035019,0.09695304185152054,0.09728169441223145,True
1710807515,fk_qslstm,ema,test,1000224,1,-0.20068171620368958,-0.04284659028053284,-0.036106258630752563,True
1710807515,fk_qslstm,ema,test,1000224,2,0.8674172163009644,0.4861730635166168,0.4821268320083618,True
1710807515,fk_qslstm,ema,test,1000224,3,-0.3141374886035919,0.20045596361160278,0.19907191395759583,True
1710807515,fk_qslstm,ema,test,1000224,4,-0.49988797307014465,-0.1395680159330368,-0.13961350917816162,True
1710807515,fk_qslstm,ema,test,1000224,5,0.7305442690849304,0.32667213678359985,0.3251506984233856,True
1710807515,fk_qslstm,ema,test,1000224,6,0.8264058232307434,0.7571812272071838,0.7609407305717468,True
1710807515,fk_qslstm,ema,test,1000224,7,0.7837256789207458,1.0759804248809814,1.0824511051177979,True
1710807515,fk_qslstm,ema,test,1000224,8,-0.3151167631149292,0.6717142462730408,0.6718159317970276,True
1710807515,fk_qslstm,ema,test,1000224,9,-0.8306396007537842,0.0389876514673233,0.03617197275161743,True
1710807515,fk_qslstm,ema,test,1000224,10,0.8151352405548096,0.5202712416648865,0.5180748701095581,True
1710807515,fk_qslstm,ema,test,1000224,11,-0.698876678943634,-0.0031089952681213617,-0.003708392381668091,True
1710807515,fk_qslstm,ema,test,1000224,12,-0.15529000759124756,-0.09566120058298111,-0.09498897194862366,True
1710807515,fk_qslstm,ema,test,1000224,13,0.4688112139701843,0.20475777983665466,0.2034289389848709,True
1710807515,fk_qslstm,ema,test,1000224,14,0.7838446497917175,0.6341130137443542,0.6356146335601807,True
1710807515,fk_qslstm,ema,test,1000224,15,-0.7797948718070984,0.039413511753082275,0.03995978832244873,True
1710807515,fk_qslstm,ema,test,1000224,16,-0.5010092854499817,-0.26907476782798767,-0.26893413066864014,True
1710807515,fk_qslstm,ema,test,1000224,17,0.074290931224823,-0.17068526148796082,-0.16862595081329346,True
1710807515,fk_qslstm,ema,test,1000224,18,0.24403153359889984,0.009870709851384163,0.010165542364120483,True
1710807515,fk_qslstm,ema,test,1000224,19,0.453921914100647,0.2802497148513794,0.2772377133369446,True
1710807515,fk_qslstm,ema,test,1000224,20,0.7252821326255798,0.6593690514564514,0.6593348383903503,True
1710807515,fk_qslstm,ema,test,1000224,21,0.051458004862070084,0.558370053768158,0.5555155277252197,True
1710807515,fk_qslstm,ema,test,1000224,22,-0.23059405386447906,0.30833959579467773,0.30540263652801514,True
1710807515,fk_qslstm,ema,test,1000224,23,0.9269956350326538,0.8028690814971924,0.80491703748703,True
1710807515,fk_qslstm,ema,test,1000224,24,0.5535899996757507,0.9744492173194885,0.9782137274742126,True
1710807515,fk_qslstm,ema,test,1000224,25,0.2762736678123474,0.9453235864639282,0.9479013085365295,True
1710807515,fk_qslstm,ema,test,1000224,26,0.28810930252075195,0.9291244745254517,0.9316310882568359,True
1710807515,fk_qslstm,ema,test,1000224,27,-0.5134828090667725,0.43520990014076233,0.4312058687210083,True
1710807515,fk_qslstm,ema,test,1000224,28,-0.22128495573997498,0.2153969407081604,0.21243862807750702,True
1710807515,fk_qslstm,ema,test,1000224,29,-0.34198376536369324,-0.032872699201107025,-0.030439049005508423,True
1710807515,fk_qslstm,ema,test,1000224,30,-0.001560864271596074,-0.027234677225351334,-0.022748172283172607,True
1710807515,fk_qslstm,ema,test,1000224,31,-0.25787094235420227,-0.17651031911373138,-0.16819870471954346,True
1710807515,fk_qslstm,ema,test,1000225,0,-0.8508598208427429,-0.5105158686637878,-0.5022649168968201,True
1710807515,fk_qslstm,ema,test,1000225,1,-0.1540539413690567,-0.5008450746536255,-0.5050687193870544,True
1710807515,fk_qslstm,ema,test,1000225,2,0.9582422971725464,0.17426931858062744,0.16627344489097595,True
1710807515,fk_qslstm,ema,test,1000225,3,-0.12885239720344543,0.06210401654243469,0.06294173002243042,True
1710807515,fk_qslstm,ema,test,1000225,4,-0.07618395239114761,0.003972842823714018,0.007959961891174316,True
1710807515,fk_qslstm,ema,test,1000225,5,0.5927204489707947,0.35881054401397705,0.36181002855300903,True
1710807515,fk_qslstm,ema,test,1000225,6,0.22478702664375305,0.42192065715789795,0.4244841933250427,True
1710807515,fk_qslstm,ema,test,1000225,7,-0.7058870792388916,-0.08599573373794556,-0.08239096403121948,True
1710807515,fk_qslstm,ema,test,1000225,8,-0.810580313205719,-0.5551447868347168,-0.5556724071502686,True
1710807515,fk_qslstm,ema,test,1000225,9,0.7153258919715881,-0.014920282177627087,-0.01211535930633545,True
1710807515,fk_qslstm,ema,test,1000225,10,-0.1280052810907364,-0.08873939514160156,-0.08112859725952148,True
1710807515,fk_qslstm,ema,test,1000225,11,-0.6851176023483276,-0.48206207156181335,-0.47805291414260864,True
1710807515,fk_qslstm,ema,test,1000225,12,0.8558105230331421,0.1278366595506668,0.12914147973060608,True
1710807515,fk_qslstm,ema,test,1000225,13,-0.8552429676055908,-0.41087648272514343,-0.4068838357925415,True
1710807515,fk_qslstm,ema,test,1000225,14,0.4106566607952118,-0.08230717480182648,-0.08296716213226318,True
1710807515,fk_qslstm,ema,test,1000225,15,0.10425005853176117,-0.0032957058865576982,-0.003373444080352783,True
1710807515,fk_qslstm,ema,test,1000225,16,-0.10532555729150772,-0.06583189964294434,-0.06389260292053223,True
1710807515,fk_qslstm,ema,test,1000225,17,-0.8736726641654968,-0.5768691301345825,-0.5770681500434875,True
1710807515,fk_qslstm,ema,test,1000225,18,0.17885717749595642,-0.3541809916496277,-0.35368627309799194,True
1710807515,fk_qslstm,ema,test,1000225,19,-0.19577299058437347,-0.4008086025714874,-0.39736443758010864,True
1710807515,fk_qslstm,ema,test,1000225,20,-0.7579498291015625,-0.7754167914390564,-0.777856171131134,True
1710807515,fk_qslstm,ema,test,1000225,21,0.5999862551689148,-0.2603416442871094,-0.2595521807670593,True
1710807515,fk_qslstm,ema,test,1000225,22,-0.17721709609031677,-0.3146035969257355,-0.31143075227737427,True
1710807515,fk_qslstm,ema,test,1000225,23,-0.1776673048734665,-0.35828325152397156,-0.354857861995697,True
1710807515,fk_qslstm,ema,test,1000225,24,0.14943039417266846,-0.19696836173534393,-0.19537633657455444,True
1710807515,fk_qslstm,ema,test,1000225,25,-0.6999799609184265,-0.577562689781189,-0.5792224407196045,True
1710807515,fk_qslstm,ema,test,1000225,26,-0.8099426627159119,-0.9480157494544983,-0.9552409052848816,True
1710807515,fk_qslstm,ema,test,1000225,27,-0.8568465709686279,-1.2725205421447754,-1.272322654724121,True
1710807515,fk_qslstm,ema,test,1000225,28,0.352454274892807,-0.8065438270568848,-0.8115786910057068,True
1710807515,fk_qslstm,ema,test,1000225,29,0.2189764380455017,-0.5138491988182068,-0.5208101868629456,True
1710807515,fk_qslstm,ema,test,1000225,30,-0.8506742119789124,-0.9214839339256287,-0.9332126975059509,True
1710807515,fk_qslstm,ema,test,1000225,31,0.5876390337944031,-0.38460370898246765,-0.3882867097854614,True
1710807515,fk_qslstm,ema,test,1000226,0,0.9390733242034912,0.5634440183639526,0.5509848594665527,True
1710807515,fk_qslstm,ema,test,1000226,1,0.16254845261573792,0.5482842922210693,0.5463361144065857,True
1710807515,fk_qslstm,ema,test,1000226,2,-0.744282603263855,-0.007942144758999348,-0.013568848371505737,True
1710807515,fk_qslstm,ema,test,1000226,3,0.5336343050003052,0.31382685899734497,0.3035115599632263,True
1710807515,fk_qslstm,ema,test,1000226,4,0.9263225793838501,0.8068550825119019,0.8029232621192932,True
1710807515,fk_qslstm,ema,test,1000226,5,0.458534300327301,0.9206046462059021,0.9168340563774109,True
1710807515,fk_qslstm,ema,test,1000226,6,0.7701560258865356,1.1985772848129272,1.1964454650878906,True
1710807515,fk_qslstm,ema,test,1000226,7,0.9401352405548096,1.5229430198669434,1.4905123710632324,True
1710807515,fk_qslstm,ema,test,1000226,8,0.03312603384256363,1.2382299900054932,1.2274940013885498,True
1710807515,fk_qslstm,ema,test,1000226,9,-0.47668972611427307,0.7045701742172241,0.7029290795326233,True
1710807515,fk_qslstm,ema,test,1000226,10,-0.6406676769256592,0.17925554513931274,0.16845184564590454,True
1710807515,fk_qslstm,ema,test,1000226,11,-0.5457871556282043,-0.18406783044338226,-0.1956101953983307,True
1710807515,fk_qslstm,ema,test,1000226,12,0.311365008354187,0.03956473618745804,0.025674879550933838,True
1710807515,fk_qslstm,ema,test,1000226,13,0.2256796807050705,0.16705960035324097,0.15239128470420837,True
1710807515,fk_qslstm,ema,test,1000226,14,0.9903557300567627,0.7278611063957214,0.7149438858032227,True
1710807515,fk_qslstm,ema,test,1000226,15,-0.5666487812995911,0.2422996312379837,0.22503623366355896,True
1710807515,fk_qslstm,ema,test,1000226,16,0.8658928871154785,0.713375449180603,0.6991766691207886,True
1710807515,fk_qslstm,ema,test,1000226,17,0.9565863609313965,1.1446521282196045,1.1353895664215088,True
1710807515,fk_qslstm,ema,test,1000226,18,0.6293860077857971,1.2933533191680908,1.2802910804748535,True
1710807515,fk_qslstm,ema,test,1000226,19,-0.10521863400936127,0.9715514779090881,0.9649786353111267,True
1710807515,fk_qslstm,ema,test,1000226,20,0.8958028554916382,1.3147228956222534,1.3085272312164307,True
1710807515,fk_qslstm,ema,test,1000226,21,-0.006345613859593868,1.0479708909988403,1.044743537902832,True
1710807515,fk_qslstm,ema,test,1000226,22,-0.5778178572654724,0.49168604612350464,0.48060959577560425,True
1710807515,fk_qslstm,ema,test,1000226,23,-0.9635210633277893,-0.1847638040781021,-0.1938139796257019,True
1710807515,fk_qslstm,ema,test,1000226,24,0.2651081681251526,0.011253846809267998,0.0009224116802215576,True
1710807515,fk_qslstm,ema,test,1000226,25,-0.9446865320205688,-0.5578088164329529,-0.5641452074050903,True
1710807515,fk_qslstm,ema,test,1000226,26,-0.2193930596113205,-0.5778828859329224,-0.5821996331214905,True
1710807515,fk_qslstm,ema,test,1000226,27,0.07105494290590286,-0.419673353433609,-0.4212336540222168,True
1710807515,fk_qslstm,ema,test,1000226,28,-0.7337255477905273,-0.7759739756584167,-0.7821959853172302,True
1710807515,fk_qslstm,ema,test,1000226,29,0.7041195034980774,-0.19830751419067383,-0.2005518078804016,True
1710807515,fk_qslstm,ema,test,1000226,30,-0.9077168107032776,-0.7032760977745056,-0.7065209746360779,True
1710807515,fk_qslstm,ema,test,1000226,31,-0.179977148771286,-0.6706071496009827,-0.6748547554016113,True
1710807515,fk_qslstm,ema,test,1000227,0,-0.30166926980018616,-0.18100155889987946,-0.17887738347053528,True
1710807515,fk_qslstm,ema,test,1000227,1,-0.25149139761924744,-0.29569607973098755,-0.29469603300094604,True
1710807515,fk_qslstm,ema,test,1000227,2,-0.9652635455131531,-0.8157150149345398,-0.8226719498634338,True
1710807515,fk_qslstm,ema,test,1000227,3,0.18705344200134277,-0.5403399467468262,-0.5441103577613831,True
1710807515,fk_qslstm,ema,test,1000227,4,0.19417910277843475,-0.31576448678970337,-0.31634199619293213,True
1710807515,fk_qslstm,ema,test,1000227,5,-0.0024990749079734087,-0.25411102175712585,-0.25226354598999023,True
1710807515,fk_qslstm,ema,test,1000227,6,-0.27632686495780945,-0.3690849542617798,-0.364513635635376,True
1710807515,fk_qslstm,ema,test,1000227,7,0.353861004114151,-0.08295135200023651,-0.08131498098373413,True
1710807515,fk_qslstm,ema,test,1000227,8,0.646838366985321,0.3217419385910034,0.3204597234725952,True
1710807515,fk_qslstm,ema,test,1000227,9,-0.4686379134654999,-0.023789182305336,-0.022280246019363403,True
1710807515,fk_qslstm,ema,test,1000227,10,0.6165527105331421,0.350900262594223,0.348601758480072,True
1710807515,fk_qslstm,ema,test,1000227,11,-0.8575578927993774,-0.2338145226240158,-0.23189687728881836,True
1710807515,fk_qslstm,ema,test,1000227,12,0.016087418422102928,-0.1773991584777832,-0.17563897371292114,True
1710807515,fk_qslstm,ema,test,1000227,13,-0.8200238943099976,-0.6339336633682251,-0.6343538165092468,True
1710807515,fk_qslstm,ema,test,1000227,14,0.3121437430381775,-0.31986066699028015,-0.3197231888771057,True
1710807515,fk_qslstm,ema,test,1000227,15,0.8346149921417236,0.24488048255443573,0.24175623059272766,True
1710807515,fk_qslstm,ema,test,1000227,16,0.7403460144996643,0.6401119828224182,0.6387417316436768,True
1710807515,fk_qslstm,ema,test,1000227,17,0.10042046755552292,0.5723418593406677,0.5678195953369141,True
1710807515,fk_qslstm,ema,test,1000227,18,-0.2682948708534241,0.2968965768814087,0.2922419309616089,True
1710807515,fk_qslstm,ema,test,1000227,19,-0.914574921131134,-0.3112276792526245,-0.3125821352005005,True
1710807515,fk_qslstm,ema,test,1000227,20,-0.18002109229564667,-0.3569948077201843,-0.35359400510787964,True
1710807515,fk_qslstm,ema,test,1000227,21,-0.41074496507644653,-0.5320428013801575,-0.5260457396507263,True
1710807515,fk_qslstm,ema,test,1000227,22,-0.7242745757102966,-0.860198974609375,-0.8597303032875061,True
1710807515,fk_qslstm,ema,test,1000227,23,-0.10719592869281769,-0.7524767518043518,-0.7511389851570129,True
1710807515,fk_qslstm,ema,test,1000227,24,-0.13475699722766876,-0.682835578918457,-0.6805611252784729,True
1710807515,fk_qslstm,ema,test,1000227,25,-0.11316026747226715,-0.6141646504402161,-0.6111730933189392,True
1710807515,fk_qslstm,ema,test,1000227,26,0.020990028977394104,-0.4787376821041107,-0.47534382343292236,True
1710807515,fk_qslstm,ema,test,1000227,27,0.5110882520675659,-0.07633720338344574,-0.07626780867576599,True
1710807515,fk_qslstm,ema,test,1000227,28,0.6804094314575195,0.3471758961677551,0.3438885807991028,True
1710807515,fk_qslstm,ema,test,1000227,29,-0.44109275937080383,0.013085074722766876,0.012452751398086548,True
1710807515,fk_qslstm,ema,test,1000227,30,-0.44113728404045105,-0.2542143166065216,-0.25387972593307495,True
1710807515,fk_qslstm,ema,test,1000227,31,0.5749133229255676,0.14157652854919434,0.13937512040138245,True
1710807515,fk_qslstm,ema,test,1000228,0,0.2755482494831085,0.1653289496898651,0.16538654267787933,True
1710807515,fk_qslstm,ema,test,1000228,1,0.057891540229320526,0.16699808835983276,0.17053601145744324,True
1710807515,fk_qslstm,ema,test,1000228,2,0.1107991635799408,0.20007796585559845,0.19649115204811096,True
1710807515,fk_qslstm,ema,test,1000228,3,-0.6900894641876221,-0.2539912760257721,-0.2558113932609558,True
1710807515,fk_qslstm,ema,test,1000228,4,0.2777051329612732,-0.036569949239492416,-0.039927929639816284,True
1710807515,fk_qslstm,ema,test,1000228,5,-0.7587658166885376,-0.4845154285430908,-0.487138032913208,True
1710807515,fk_qslstm,ema,test,1000228,6,0.9369251132011414,0.17454271018505096,0.16823768615722656,True
1710807515,fk_qslstm,ema,test,1000228,7,-0.4876716136932373,-0.15296879410743713,-0.15362557768821716,True
1710807515,fk_qslstm,ema,test,1000228,8,0.6680458784103394,0.27845248579978943,0.2732907235622406,True
1710807515,fk_qslstm,ema,test,1000228,9,-0.5324349999427795,-0.09669901430606842,-0.09741359949111938,True
1710807515,fk_qslstm,ema,test,1000228,10,0.37199264764785767,0.14583638310432434,0.14059104025363922,True
1710807515,fk_qslstm,ema,test,1000228,11,-0.2450045943260193,-0.03033364936709404,-0.030000388622283936,True
1710807515,fk_qslstm,ema,test,1000228,12,0.9240407347679138,0.5301575064659119,0.5277680158615112,True
1710807515,fk_qslstm,ema,test,1000228,13,-0.40139180421829224,0.18329091370105743,0.18094170093536377,True
1710807515,fk_qslstm,ema,test,1000228,14,-0.18482786417007446,0.03573601320385933,0.03449776768684387,True
1710807515,fk_qslstm,ema,test,1000228,15,0.10947403311729431,0.09427323192358017,0.09334118664264679,True
1710807515,fk_qslstm,ema,test,1000228,16,-0.11234801262617111,0.008009776473045349,0.010400950908660889,True
1710807515,fk_qslstm,ema,test,1000228,17,-0.12100247293710709,-0.06619366258382797,-0.061419516801834106,True
1710807515,fk_qslstm,ema,test,1000228,18,0.6130604147911072,0.314881294965744,0.31663694977760315,True
1710807515,fk_qslstm,ema,test,1000228,19,0.29774439334869385,0.430551677942276,0.4304119348526001,True
1710807515,fk_qslstm,ema,test,1000228,20,0.7276442646980286,0.7810279130935669,0.7852250337600708,True
1710807515,fk_qslstm,ema,test,1000228,21,0.3351171910762787,0.8258926272392273,0.8289374113082886,True
1710807515,fk_qslstm,ema,test,1000228,22,0.21128642559051514,0.7874859571456909,0.7885713577270508,True
1710807515,fk_qslstm,ema,test,1000228,23,-0.6841402053833008,0.21950462460517883,0.2165980041027069,True
1710807515,fk_qslstm,ema,test,1000228,24,-0.4921340048313141,-0.11967669427394867,-0.11999103426933289,True
1710807515,fk_qslstm,ema,test,1000228,25,-0.6863319873809814,-0.5075405836105347,-0.5081297159194946,True
1710807515,fk_qslstm,ema,test,1000228,26,0.5327617526054382,-0.086375392973423,-0.08575007319450378,True
1710807515,fk_qslstm,ema,test,1000228,27,-0.5124127268791199,-0.3765479624271393,-0.37312835454940796,True
1710807515,fk_qslstm,ema,test,1000228,28,0.5124517679214478,0.0062326849438250065,0.005407363176345825,True
1710807515,fk_qslstm,ema,test,1000228,29,0.38582658767700195,0.23648209869861603,0.2328638732433319,True
1710807515,fk_qslstm,ema,test,1000228,30,-0.35437294840812683,-0.023438086733222008,-0.023459523916244507,True
1710807515,fk_qslstm,ema,test,1000228,31,-0.32296982407569885,-0.21253235638141632,-0.20992469787597656,True
1710807515,fk_qslstm,ema,test,1000229,0,-0.18480727076530457,-0.11088436096906662,-0.10905018448829651,True
1710807515,fk_qslstm,ema,test,1000229,1,-0.013788580894470215,-0.09698063880205154,-0.09717130661010742,True
1710807515,fk_qslstm,ema,test,1000229,2,0.8062426447868347,0.4061610698699951,0.3978470265865326,True
1710807515,fk_qslstm,ema,test,1000229,3,-0.32781848311424255,0.1282377690076828,0.12598204612731934,True
1710807515,fk_qslstm,ema,test,1000229,4,-0.4532332122325897,-0.16934973001480103,-0.168795645236969,True
1710807515,fk_qslstm,ema,test,1000229,5,0.25668519735336304,0.018531344830989838,0.018142998218536377,True
1710807515,fk_qslstm,ema,test,1000229,6,0.9537240862846375,0.5870595574378967,0.5856683254241943,True
1710807515,fk_qslstm,ema,test,1000229,7,0.44424840807914734,0.7361966967582703,0.7339826822280884,True
1710807515,fk_qslstm,ema,test,1000229,8,0.5335510969161987,0.9090880155563354,0.909694492816925,True
1710807515,fk_qslstm,ema,test,1000229,9,-0.36678391695022583,0.5072000622749329,0.5027956366539001,True
1710807515,fk_qslstm,ema,test,1000229,10,-0.256944864988327,0.25159311294555664,0.24772080779075623,True
1710807515,fk_qslstm,ema,test,1000229,11,0.3816341757774353,0.4302549958229065,0.42707961797714233,True
1710807515,fk_qslstm,ema,test,1000229,12,0.39540210366249084,0.5814452767372131,0.5800437927246094,True
1710807515,fk_qslstm,ema,test,1000229,13,0.620355486869812,0.8373695015907288,0.8411512970924377,True
1710807515,fk_qslstm,ema,test,1000229,14,-0.8022647500038147,0.18853674829006195,0.19030600786209106,True
1710807515,fk_qslstm,ema,test,1000229,15,0.44983020424842834,0.42072752118110657,0.4202621877193451,True
1710807515,fk_qslstm,ema,test,1000229,16,-0.7465304136276245,-0.11133622378110886,-0.1080586314201355,True
1710807515,fk_qslstm,ema,test,1000229,17,-0.6934447288513184,-0.5051358342170715,-0.5052161812782288,True
1710807515,fk_qslstm,ema,test,1000229,18,0.2821677327156067,-0.23480801284313202,-0.2327600121498108,True
1710807515,fk_qslstm,ema,test,1000229,19,0.30124181509017944,-0.007101314142346382,-0.006804347038269043,True
1710807515,fk_qslstm,ema,test,1000229,20,0.9513306617736816,0.565117359161377,0.5622076988220215,True
1710807515,fk_qslstm,ema,test,1000229,21,-0.8015450239181519,-0.028833143413066864,-0.03143298625946045,True
1710807515,fk_qslstm,ema,test,1000229,22,0.9963244199752808,0.5747281312942505,0.5655208230018616,True
1710807515,fk_qslstm,ema,test,1000229,23,-0.7273862361907959,0.02335076965391636,0.015179276466369629,True
1710807515,fk_qslstm,ema,test,1000229,24,0.09543763846158981,0.07594320178031921,0.0661763846874237,True
1710807515,fk_qslstm,ema,test,1000229,25,0.35488566756248474,0.2736859619617462,0.2641966938972473,True
1710807515,fk_qslstm,ema,test,1000229,26,-0.12713776528835297,0.14266611635684967,0.1376107633113861,True
1710807515,fk_qslstm,ema,test,1000229,27,0.5970370173454285,0.47235509753227234,0.4677506685256958,True
1710807515,fk_qslstm,ema,test,1000229,28,-0.5951265096664429,0.02080819196999073,0.018834680318832397,True
1710807515,fk_qslstm,ema,test,1000229,29,-0.16824971139431,-0.08430327475070953,-0.08366093039512634,True
1710807515,fk_qslstm,ema,test,1000229,30,0.20634061098098755,0.05636174604296684,0.05671839416027069,True
1710807515,fk_qslstm,ema,test,1000229,31,0.3746947646141052,0.26990625262260437,0.26806870102882385,True
1710807515,fk_qslstm,ema,test,1000230,0,-0.45218491554260254,-0.271310955286026,-0.2690439224243164,True
1710807515,fk_qslstm,ema,test,1000230,1,-0.05041741207242012,-0.2472992092370987,-0.25008726119995117,True
1710807515,fk_qslstm,ema,test,1000230,2,0.6339717507362366,0.18254368007183075,0.17405252158641815,True
1710807515,fk_qslstm,ema,test,1000230,3,0.8593494296073914,0.6616445779800415,0.65644371509552,True
1710807515,fk_qslstm,ema,test,1000230,4,0.24388092756271362,0.6756442189216614,0.6698698997497559,True
1710807515,fk_qslstm,ema,test,1000230,5,0.3065033257007599,0.7244173884391785,0.7196906805038452,True
1710807515,fk_qslstm,ema,test,1000230,6,0.9913883209228516,1.17436683177948,1.171358346939087,True
1710807515,fk_qslstm,ema,test,1000230,7,0.33305320143699646,1.1393253803253174,1.1354269981384277,True
1710807515,fk_qslstm,ema,test,1000230,8,-0.21035414934158325,0.7852478623390198,0.7819321155548096,True
1710807515,fk_qslstm,ema,test,1000230,9,-0.10717219114303589,0.5638949871063232,0.5576797723770142,True
1710807515,fk_qslstm,ema,test,1000230,10,0.7497443556785583,0.9009625911712646,0.90305095911026,True
1710807515,fk_qslstm,ema,test,1000230,11,0.47046852111816406,1.0030511617660522,1.0062923431396484,True
1710807515,fk_qslstm,ema,test,1000230,12,-0.9815776348114014,0.21349434554576874,0.22118687629699707,True
1710807515,fk_qslstm,ema,test,1000230,13,-0.47315654158592224,-0.11309845000505447,-0.10516849160194397,True
1710807515,fk_qslstm,ema,test,1000230,14,-0.45690667629241943,-0.3646227717399597,-0.3547670841217041,True
1710807515,fk_qslstm,ema,test,1000230,15,-0.19598999619483948,-0.40929222106933594,-0.39747536182403564,True
1710807515,fk_qslstm,ema,test,1000230,16,0.6837846636772156,0.08283703029155731,0.09088040888309479,True
1710807515,fk_qslstm,ema,test,1000230,17,0.10927651822566986,0.13183553516864777,0.13743150234222412,True
1710807515,fk_qslstm,ema,test,1000230,18,0.29513439536094666,0.28254905343055725,0.28328365087509155,True
1710807515,fk_qslstm,ema,test,1000230,19,-0.2243943065404892,0.09140266478061676,0.09477457404136658,True
1710807515,fk_qslstm,ema,test,1000230,20,0.3559240698814392,0.2866765856742859,0.2867353558540344,True
1710807515,fk_qslstm,ema,test,1000230,21,0.6256938576698303,0.6047576069831848,0.6071250438690186,True
1710807515,fk_qslstm,ema,test,1000230,22,0.17132724821567535,0.5866023898124695,0.5869020223617554,True
1710807515,fk_qslstm,ema,test,1000230,23,0.09980963915586472,0.5291677117347717,0.527953028678894,True
1710807515,fk_qslstm,ema,test,1000230,24,-0.8114898204803467,-0.06355971097946167,-0.06301069259643555,True
1710807515,fk_qslstm,ema,test,1000230,25,-0.08247195929288864,-0.10033094137907028,-0.09623393416404724,True
1710807515,fk_qslstm,ema,test,1000230,26,0.726415753364563,0.35558468103408813,0.3597296476364136,True
1710807515,fk_qslstm,ema,test,1000230,27,-0.9450867176055908,-0.2825842797756195,-0.27256035804748535,True
1710807515,fk_qslstm,ema,test,1000230,28,-0.14086705446243286,-0.31058767437934875,-0.3004472851753235,True
1710807515,fk_qslstm,ema,test,1000230,29,0.6827599406242371,0.16118581593036652,0.16884830594062805,True
1710807515,fk_qslstm,ema,test,1000230,30,0.9568654894828796,0.70306795835495,0.7100936770439148,True
1710807515,fk_qslstm,ema,test,1000230,31,-0.5868822932243347,0.2103249877691269,0.21095523238182068,True
1710807515,fk_qslstm,ema,test,1000231,0,-0.47506284713745117,-0.28503772616386414,-0.2827426791191101,True
1710807515,fk_qslstm,ema,test,1000231,1,-0.608329176902771,-0.593027651309967,-0.5985568165779114,True
1710807515,fk_qslstm,ema,test,1000231,2,-0.5347101092338562,-0.7952482104301453,-0.81064373254776,True
1710807515,fk_qslstm,ema,test,1000231,3,0.31866151094436646,-0.44500166177749634,-0.4528246521949768,True
1710807515,fk_qslstm,ema,test,1000231,4,-0.8555785417556763,-0.8693484663963318,-0.8797591328620911,True
1710807515,fk_qslstm,ema,test,1000231,5,0.5730559229850769,-0.35164520144462585,-0.3542117476463318,True
1710807515,fk_qslstm,ema,test,1000231,6,-0.7986353039741516,-0.7604973316192627,-0.7663918137550354,True
1710807515,fk_qslstm,ema,test,1000231,7,-0.5237008929252625,-0.9226183891296387,-0.932521641254425,True
1710807515,fk_qslstm,ema,test,1000231,8,0.6287673115730286,-0.3608343303203583,-0.36049407720565796,True
1710807515,fk_qslstm,ema,test,1000231,9,-0.3026535212993622,-0.47025957703590393,-0.4671974778175354,True
1710807515,fk_qslstm,ema,test,1000231,10,-0.8704370260238647,-0.898469865322113,-0.9015205502510071,True
1710807515,fk_qslstm,ema,test,1000231,11,-0.8587741851806641,-1.234040379524231,-1.233217477798462,True
1710807515,fk_qslstm,ema,test,1000231,12,0.5522111654281616,-0.6559056043624878,-0.6535730957984924,True
1710807515,fk_qslstm,ema,test,1000231,13,-0.1962597519159317,-0.6424803733825684,-0.6422411203384399,True
1710807515,fk_qslstm,ema,test,1000231,14,-0.6961159706115723,-0.9316538572311401,-0.9373549818992615,True
1710807515,fk_qslstm,ema,test,1000231,15,0.6692903637886047,-0.34374886751174927,-0.3402676582336426,True
1710807515,fk_qslstm,ema,test,1000231,16,0.0037256909999996424,-0.2727636992931366,-0.26766759157180786,True
1710807515,fk_qslstm,ema,test,1000231,17,0.660319447517395,0.1779807209968567,0.17873123288154602,True
1710807515,fk_qslstm,ema,test,1000231,18,0.8398754000663757,0.6463097929954529,0.64869225025177,True
1710807515,fk_qslstm,ema,test,1000231,19,-0.21071453392505646,0.3906191289424896,0.390028178691864,True
1710807515,fk_qslstm,ema,test,1000231,20,-0.8318673372268677,-0.18662509322166443,-0.18717044591903687,True
1710807515,fk_qslstm,ema,test,1000231,21,-0.17150500416755676,-0.2522030770778656,-0.2490827441215515,True
1710807515,fk_qslstm,ema,test,1000231,22,-0.16729506850242615,-0.3021394908428192,-0.2946355938911438,True
1710807515,fk_qslstm,ema,test,1000231,23,-0.5994603633880615,-0.6013877987861633,-0.5968236327171326,True
1710807515,fk_qslstm,ema,test,1000231,24,-0.34759214520454407,-0.6896655559539795,-0.6859954595565796,True
1710807515,fk_qslstm,ema,test,1000231,25,0.9686220288276672,0.029440781101584435,0.030373603105545044,True
1710807515,fk_qslstm,ema,test,1000231,26,0.5172299146652222,0.3338905870914459,0.3308703303337097,True
1710807515,fk_qslstm,ema,test,1000231,27,0.5852811932563782,0.6182811856269836,0.6152971386909485,True
1710807515,fk_qslstm,ema,test,1000231,28,0.6074385643005371,0.8590880632400513,0.8602046370506287,True
1710807515,fk_qslstm,ema,test,1000231,29,-0.5654284954071045,0.34801337122917175,0.3437535762786865,True
1710807515,fk_qslstm,ema,test,1000231,30,0.5528729557991028,0.610134482383728,0.6068273186683655,True
1710807515,fk_qslstm,ema,test,1000231,31,0.8287689089775085,0.9853689074516296,0.9901829361915588,True
1710807515,fk_qslstm,ema,test,1000232,0,-0.8959891200065613,-0.5375934839248657,-0.5271481275558472,True
1710807515,fk_qslstm,ema,test,1000232,1,0.48384591937065125,-0.13976721465587616,-0.1418754756450653,True
1710807515,fk_qslstm,ema,test,1000232,2,-0.013608785346150398,-0.11997904628515244,-0.1190539300441742,True
1710807515,fk_qslstm,ema,test,1000232,3,0.8085422515869141,0.38914212584495544,0.3877933621406555,True
1710807515,fk_qslstm,ema,test,1000232,4,-0.5307726263999939,-0.007149885408580303,-0.0029079318046569824,True
1710807515,fk_qslstm,ema,test,1000232,5,-0.3227882385253906,-0.19939285516738892,-0.19262808561325073,True
1710807515,fk_qslstm,ema,test,1000232,6,-0.05885723605751991,-0.19482862949371338,-0.1852107048034668,True
1710807515,fk_qslstm,ema,test,1000232,7,-0.7681118845939636,-0.6167300343513489,-0.6112249493598938,True
1710807515,fk_qslstm,ema,test,1000232,8,0.14588376879692078,-0.4058537781238556,-0.4004068374633789,True
1710807515,fk_qslstm,ema,test,1000232,9,-0.3215404152870178,-0.5176072716712952,-0.5112502574920654,True
1710807515,fk_qslstm,ema,test,1000232,10,0.8299587965011597,0.08388945460319519,0.08693906664848328,True
1710807515,fk_qslstm,ema,test,1000232,11,-0.8538627624511719,-0.44520607590675354,-0.44106072187423706,True
1710807515,fk_qslstm,ema,test,1000232,12,0.7610167860984802,0.10044518858194351,0.10003429651260376,True
1710807515,fk_qslstm,ema,test,1000232,13,0.7771825790405273,0.5466656684875488,0.5470621585845947,True
1710807515,fk_qslstm,ema,test,1000232,14,-7.388246012851596e-05,0.43728822469711304,0.4349304735660553,True
1710807515,fk_qslstm,ema,test,1000232,15,0.7301276922225952,0.7879071831703186,0.7900871634483337,True
1710807515,fk_qslstm,ema,test,1000232,16,-0.6718237400054932,0.22723151743412018,0.22550341486930847,True
1710807515,fk_qslstm,ema,test,1000232,17,0.878422200679779,0.7088385224342346,0.7087303400039673,True
1710807515,fk_qslstm,ema,test,1000232,18,-0.5073080062866211,0.2626860439777374,0.2602123022079468,True
1710807515,fk_qslstm,ema,test,1000232,19,0.8594148755073547,0.7257977724075317,0.725649893283844,True
1710807515,fk_qslstm,ema,test,1000232,20,-0.5989925265312195,0.22124268114566803,0.21801871061325073,True
1710807515,fk_qslstm,ema,test,1000232,21,-0.42011183500289917,-0.07507295161485672,-0.07694390416145325,True
1710807515,fk_qslstm,ema,test,1000232,22,0.7062250375747681,0.36367666721343994,0.36163845658302307,True
1710807515,fk_qslstm,ema,test,1000232,23,-0.1712077260017395,0.1882167011499405,0.18943344056606293,True
1710807515,fk_qslstm,ema,test,1000232,24,0.30332037806510925,0.3325656056404114,0.33084750175476074,True
1710807515,fk_qslstm,ema,test,1000232,25,-0.7169587016105652,-0.16412273049354553,-0.16355755925178528,True
1710807515,fk_qslstm,ema,test,1000232,26,0.8115008473396301,0.35560232400894165,0.3536015748977661,True
1710807515,fk_qslstm,ema,test,1000232,27,0.9995279312133789,0.8841986060142517,0.8861569762229919,True
1710807515,fk_qslstm,ema,test,1000232,28,0.5550422668457031,1.0403841733932495,1.0414469242095947,True
1710807515,fk_qslstm,ema,test,1000232,29,0.9706640839576721,1.4147058725357056,1.3980000019073486,True
1710807515,fk_qslstm,ema,test,1000232,30,0.6378017663955688,1.5144456624984741,1.481924295425415,True
1710807515,fk_qslstm,ema,test,1000232,31,-0.16739794611930847,1.1111178398132324,1.110069751739502,True
1710807515,fk_qslstm,ema,test,1000233,0,0.5567556023597717,0.3340533673763275,0.3333851993083954,True
1710807515,fk_qslstm,ema,test,1000233,1,-0.8077298402786255,-0.21739520132541656,-0.20177429914474487,True
1710807515,fk_qslstm,ema,test,1000233,2,0.14386136829853058,-0.08759933710098267,-0.08514043688774109,True
1710807515,fk_qslstm,ema,test,1000233,3,0.5145127177238464,0.23862814903259277,0.23673534393310547,True
1710807515,fk_qslstm,ema,test,1000233,4,-0.9516282081604004,-0.3800744116306305,-0.3768751621246338,True
1710807515,fk_qslstm,ema,test,1000233,5,-0.04875364154577255,-0.33331170678138733,-0.32933980226516724,True
1710807515,fk_qslstm,ema,test,1000233,6,0.557053804397583,0.06758290529251099,0.06969991326332092,True
1710807515,fk_qslstm,ema,test,1000233,7,0.6420239210128784,0.4392806887626648,0.4400502145290375,True
1710807515,fk_qslstm,ema,test,1000233,8,0.04389222338795662,0.3777599036693573,0.3772231340408325,True
1710807515,fk_qslstm,ema,test,1000233,9,0.8769719004631042,0.8283910751342773,0.8324683904647827,True
1710807515,fk_qslstm,ema,test,1000233,10,0.8476253747940063,1.171288013458252,1.175547480583191,True
1710807515,fk_qslstm,ema,test,1000233,11,-0.16378188133239746,0.8387613296508789,0.8401806950569153,True
1710807515,fk_qslstm,ema,test,1000233,12,-0.9034658670425415,0.1289295256137848,0.12911337614059448,True
1710807515,fk_qslstm,ema,test,1000233,13,-0.9010291695594788,-0.4374738931655884,-0.4384126663208008,True
1710807515,fk_qslstm,ema,test,1000233,14,0.8394911289215088,0.1537155658006668,0.1532822698354721,True
1710807515,fk_qslstm,ema,test,1000233,15,-0.9788342714309692,-0.4643281102180481,-0.4576716423034668,True
1710807515,fk_qslstm,ema,test,1000233,16,-0.10169299691915512,-0.43247827887535095,-0.42613428831100464,True
1710807515,fk_qslstm,ema,test,1000233,17,-0.4288943409919739,-0.6033192276954651,-0.596907913684845,True
1710807515,fk_qslstm,ema,test,1000233,18,-0.5734580755233765,-0.8267302513122559,-0.8248952031135559,True
1710807515,fk_qslstm,ema,test,1000233,19,-0.4235776364803314,-0.915530800819397,-0.9156656861305237,True
1710807515,fk_qslstm,ema,test,1000233,20,0.3585777282714844,-0.5172780156135559,-0.5146476626396179,True
1710807515,fk_qslstm,ema,test,1000233,21,-0.17607635259628296,-0.5194681882858276,-0.5166270136833191,True
1710807515,fk_qslstm,ema,test,1000233,22,0.557770311832428,-0.08091235905885696,-0.0804419219493866,True
1710807515,fk_qslstm,ema,test,1000233,23,-0.7910126447677612,-0.5393374562263489,-0.5402931571006775,True
1710807515,fk_qslstm,ema,test,1000233,24,-0.39573341608047485,-0.668910026550293,-0.6722463369369507,True
1710807515,fk_qslstm,ema,test,1000233,25,0.897999107837677,0.003671435872092843,0.002030611038208008,True
1710807515,fk_qslstm,ema,test,1000233,26,-0.5695126056671143,-0.33877041935920715,-0.33775800466537476,True
1710807515,fk_qslstm,ema,test,1000233,27,-0.08133206516504288,-0.31981557607650757,-0.3194909691810608,True
1710807515,fk_qslstm,ema,test,1000233,28,-0.09730657935142517,-0.3142364025115967,-0.3117241859436035,True
1710807515,fk_qslstm,ema,test,1000233,29,0.7516897916793823,0.19962476193904877,0.19830739498138428,True
1710807515,fk_qslstm,ema,test,1000233,30,-0.32684919238090515,-0.03640970587730408,-0.034002095460891724,True
1710807515,fk_qslstm,ema,test,1000233,31,0.5149115920066833,0.27981919050216675,0.27687954902648926,True
1710807515,fk_qslstm,ema,test,1000234,0,0.6636461615562439,0.39818769693374634,0.39627742767333984,True
1710807515,fk_qslstm,ema,test,1000234,1,-0.7470883727073669,-0.1297028511762619,-0.11424914002418518,True
1710807515,fk_qslstm,ema,test,1000234,2,0.6364957690238953,0.27813518047332764,0.27858906984329224,True
1710807515,fk_qslstm,ema,test,1000234,3,0.293664813041687,0.3987070322036743,0.39683669805526733,True
1710807515,fk_qslstm,ema,test,1000234,4,0.30514371395111084,0.5020518898963928,0.49828648567199707,True
1710807515,fk_qslstm,ema,test,1000234,5,-0.28333139419555664,0.23164266347885132,0.22999703884124756,True
1710807515,fk_qslstm,ema,test,1000234,6,0.33707350492477417,0.3875582218170166,0.38489800691604614,True
1710807515,fk_qslstm,ema,test,1000234,7,-0.5850309133529663,-0.040971968322992325,-0.039979010820388794,True
1710807515,fk_qslstm,ema,test,1000234,8,-0.684780478477478,-0.4436458945274353,-0.4444732069969177,True
1710807515,fk_qslstm,ema,test,1000234,9,-0.10151198506355286,-0.41582390666007996,-0.41250038146972656,True
1710807515,fk_qslstm,ema,test,1000234,10,-0.49295946955680847,-0.6284347772598267,-0.6253001093864441,True
1710807515,fk_qslstm,ema,test,1000234,11,0.5212886333465576,-0.18997463583946228,-0.1869204044342041,True
1710807515,fk_qslstm,ema,test,1000234,12,-0.49287518858909607,-0.44770482182502747,-0.4442230463027954,True
1710807515,fk_qslstm,ema,test,1000234,13,-0.2611589729785919,-0.5148592591285706,-0.5121055245399475,True
1710807515,fk_qslstm,ema,test,1000234,14,-0.43118739128112793,-0.6705998182296753,-0.6689000725746155,True
1710807515,fk_qslstm,ema,test,1000234,15,0.3232922852039337,-0.34250450134277344,-0.3412608504295349,True
1710807515,fk_qslstm,ema,test,1000234,16,0.0765521228313446,-0.22807231545448303,-0.22819465398788452,True
1710807515,fk_qslstm,ema,test,1000234,17,0.1309380829334259,-0.10389500856399536,-0.10661500692367554,True
1710807515,fk_qslstm,ema,test,1000234,18,0.9441781044006348,0.48339083790779114,0.47609350085258484,True
1710807515,fk_qslstm,ema,test,1000234,19,-0.5418909788131714,0.06157808378338814,0.05470149219036102,True
1710807515,fk_qslstm,ema,test,1000234,20,0.9208827614784241,0.6017921566963196,0.5926121473312378,True
1710807515,fk_qslstm,ema,test,1000234,21,-0.6776084899902344,0.07486861199140549,0.06569287180900574,True
1710807515,fk_qslstm,ema,test,1000234,22,0.5831881761550903,0.40980780124664307,0.39804351329803467,True
1710807515,fk_qslstm,ema,test,1000234,23,0.9187310934066772,0.8790848851203918,0.8754100203514099,True
1710807515,fk_qslstm,ema,test,1000234,24,-0.5365695953369141,0.3813261389732361,0.3709791302680969,True
1710807515,fk_qslstm,ema,test,1000234,25,0.7412391304969788,0.7498043775558472,0.7437574863433838,True
1710807515,fk_qslstm,ema,test,1000234,26,-0.4202301502227783,0.3477054238319397,0.33986830711364746,True
1710807515,fk_qslstm,ema,test,1000234,27,0.8946018218994141,0.8149254322052002,0.8121241927146912,True
1710807515,fk_qslstm,ema,test,1000234,28,-0.5104027986526489,0.34569868445396423,0.33817845582962036,True
1710807515,fk_qslstm,ema,test,1000234,29,-0.9141011834144592,-0.27190178632736206,-0.2776883840560913,True
1710807515,fk_qslstm,ema,test,1000234,30,-0.9651932120323181,-0.7966373562812805,-0.8036674857139587,True
1710807515,fk_qslstm,ema,test,1000234,31,0.05530940368771553,-0.6041242480278015,-0.6050918102264404,True
1710807515,fk_qslstm,ema,test,1000235,0,0.4100635349750519,0.24603810906410217,0.24592182040214539,True
1710807515,fk_qslstm,ema,test,1000235,1,0.9241206049919128,0.7513028383255005,0.7551252841949463,True
1710807515,fk_qslstm,ema,test,1000235,2,0.5322160720825195,0.920371949672699,0.9206146597862244,True
1710807515,fk_qslstm,ema,test,1000235,3,-0.8860090374946594,0.20469212532043457,0.20403367280960083,True
1710807515,fk_qslstm,ema,test,1000235,4,0.6782577037811279,0.5707083344459534,0.5699668526649475,True
1710807515,fk_qslstm,ema,test,1000235,5,0.3821750581264496,0.6858717203140259,0.6866625547409058,True
1710807515,fk_qslstm,ema,test,1000235,6,0.451362669467926,0.8195149302482605,0.8218737244606018,True
1710807515,fk_qslstm,ema,test,1000235,7,-0.5421934127807617,0.3302959203720093,0.3284246325492859,True
1710807515,fk_qslstm,ema,test,1000235,8,-0.8574158549308777,-0.25021278858184814,-0.2514163851737976,True
1710807515,fk_qslstm,ema,test,1000235,9,0.9350057244300842,0.36083319783210754,0.35753390192985535,True
1710807515,fk_qslstm,ema,test,1000235,10,0.4901677966117859,0.5827672481536865,0.581213653087616,True
1710807515,fk_qslstm,ema,test,1000235,11,0.6343021392822266,0.8467950820922852,0.8495587706565857,True
1710807515,fk_qslstm,ema,test,1000235,12,0.39294925332069397,0.913205623626709,0.9164410829544067,True
1710807515,fk_qslstm,ema,test,1000235,13,0.4462742209434509,0.9983290433883667,1.003171682357788,True
1710807515,fk_qslstm,ema,test,1000235,14,0.9586057066917419,1.3738266229629517,1.3651165962219238,True
1710807515,fk_qslstm,ema,test,1000235,15,-0.6664769649505615,0.6991751790046692,0.6994243860244751,True
1710807515,fk_qslstm,ema,test,1000235,16,0.9642519950866699,1.1378912925720215,1.1459088325500488,True
1710807515,fk_qslstm,ema,test,1000235,17,-0.09603316336870193,0.8526931405067444,0.853464663028717,True
1710807515,fk_qslstm,ema,test,1000235,18,0.5478150844573975,1.0108435153961182,1.0145585536956787,True
1710807515,fk_qslstm,ema,test,1000235,19,-0.23630329966545105,0.6668928861618042,0.6626561284065247,True
1710807515,fk_qslstm,ema,test,1000235,20,-0.8746445775032043,0.008727533742785454,0.002220451831817627,True
1710807515,fk_qslstm,ema,test,1000235,21,-0.2345847338438034,-0.13376881182193756,-0.13646811246871948,True
1710807515,fk_qslstm,ema,test,1000235,22,-0.7858874797821045,-0.5785475373268127,-0.5820788741111755,True
1710807515,fk_qslstm,ema,test,1000235,23,0.8797957301139832,0.06503941118717194,0.061433449387550354,True
1710807515,fk_qslstm,ema,test,1000235,24,0.4878663420677185,0.3447513282299042,0.33948421478271484,True
1710807515,fk_qslstm,ema,test,1000235,25,-0.23921921849250793,0.13226953148841858,0.12939892709255219,True
1710807515,fk_qslstm,ema,test,1000235,26,0.9205305576324463,0.6581339836120605,0.6556020975112915,True
1710807515,fk_qslstm,ema,test,1000235,27,0.3419996500015259,0.731706976890564,0.727920413017273,True
1710807515,fk_qslstm,ema,test,1000235,28,0.08649516850709915,0.6372627019882202,0.6309493780136108,True
1710807515,fk_qslstm,ema,test,1000235,29,0.27071741223335266,0.6722405552864075,0.6663536429405212,True
1710807515,fk_qslstm,ema,test,1000235,30,-0.7358723282814026,0.09626904875040054,0.09058059751987457,True
1710807515,fk_qslstm,ema,test,1000235,31,-0.4286092221736908,-0.18015028536319733,-0.18166786432266235,True
1710807515,fk_qslstm,ema,test,1000236,0,0.605354368686676,0.36321261525154114,0.3621060252189636,True
1710807515,fk_qslstm,ema,test,1000236,1,0.4098789095878601,0.5364974737167358,0.541796863079071,True
1710807515,fk_qslstm,ema,test,1000236,2,-0.46073174476623535,0.1527589112520218,0.15297427773475647,True
1710807515,fk_qslstm,ema,test,1000236,3,0.5155304670333862,0.43152540922164917,0.42817530035972595,True
1710807515,fk_qslstm,ema,test,1000236,4,0.019750192761421204,0.3570704460144043,0.35494568943977356,True
1710807515,fk_qslstm,ema,test,1000236,5,0.8860357999801636,0.8172778487205505,0.8202823996543884,True
1710807515,fk_qslstm,ema,test,1000236,6,-0.06362943351268768,0.6156445741653442,0.613956093788147,True
1710807515,fk_qslstm,ema,test,1000236,7,0.2459614872932434,0.6400925517082214,0.636933445930481,True
1710807515,fk_qslstm,ema,test,1000236,8,0.8807119727134705,1.0405012369155884,1.0443167686462402,True
1710807515,fk_qslstm,ema,test,1000236,9,0.46823740005493164,1.1133434772491455,1.1163432598114014,True
1710807515,fk_qslstm,ema,test,1000236,10,-0.6899547576904297,0.47670188546180725,0.4753847122192383,True
1710807515,fk_qslstm,ema,test,1000236,11,-0.38568493723869324,0.1499505341053009,0.14783167839050293,True
1710807515,fk_qslstm,ema,test,1000236,12,-0.549767255783081,-0.2098999321460724,-0.20945334434509277,True
1710807515,fk_qslstm,ema,test,1000236,13,0.49149084091186523,0.12697455286979675,0.1251668632030487,True
1710807515,fk_qslstm,ema,test,1000236,14,0.10414662957191467,0.16406762599945068,0.16301903128623962,True
1710807515,fk_qslstm,ema,test,1000236,15,-0.9273377060890198,-0.42514851689338684,-0.42405635118484497,True
1710807515,fk_qslstm,ema,test,1000236,16,-0.3052971363067627,-0.523297131061554,-0.520913302898407,True
1710807515,fk_qslstm,ema,test,1000236,17,0.6989924311637878,0.0007577913347631693,0.004148751497268677,True
1710807515,fk_qslstm,ema,test,1000236,18,0.13461747765541077,0.08137671649456024,0.08378896117210388,True
1710807515,fk_qslstm,ema,test,1000236,19,0.19187551736831665,0.18022668361663818,0.17944960296154022,True
1710807515,fk_qslstm,ema,test,1000236,20,-0.7784034013748169,-0.3228606879711151,-0.3228408098220825,True
1710807515,fk_qslstm,ema,test,1000236,21,0.7810324430465698,0.21033091843128204,0.20779842138290405,True
1710807515,fk_qslstm,ema,test,1000236,22,0.27995413541793823,0.33623722195625305,0.3334302008152008,True
1710807515,fk_qslstm,ema,test,1000236,23,0.6818114519119263,0.6780766248703003,0.6779866814613342,True
1710807515,fk_qslstm,ema,test,1000236,24,0.9553597569465637,1.1156772375106812,1.1182551383972168,True
1710807515,fk_qslstm,ema,test,1000236,25,0.43445301055908203,1.1532135009765625,1.1534711122512817,True
1710807515,fk_qslstm,ema,test,1000236,26,-0.06754627823829651,0.8820430636405945,0.8825495839118958,True
1710807515,fk_qslstm,ema,test,1000236,27,0.3726116418838501,0.9292014241218567,0.9317416548728943,True
1710807515,fk_qslstm,ema,test,1000236,28,-0.6411125659942627,0.35869359970092773,0.3526757061481476,True
1710807515,fk_qslstm,ema,test,1000236,29,0.8033148646354675,0.7689437866210938,0.7681384086608887,True
1710807515,fk_qslstm,ema,test,1000236,30,-0.3254750669002533,0.419869989156723,0.41554003953933716,True
1710807515,fk_qslstm,ema,test,1000236,31,0.25534525513648987,0.48910313844680786,0.48273196816444397,True
1710807515,fk_qslstm,ema,test,1000237,0,-0.26077669858932495,-0.1564660221338272,-0.15441766381263733,True
1710807515,fk_qslstm,ema,test,1000237,1,0.6657003164291382,0.2742473781108856,0.2662208378314972,True
1710807515,fk_qslstm,ema,test,1000237,2,0.2700949013233185,0.38145485520362854,0.37066569924354553,True
1710807515,fk_qslstm,ema,test,1000237,3,0.9063704013824463,0.8489860892295837,0.843761146068573,True
1710807515,fk_qslstm,ema,test,1000237,4,-0.33212023973464966,0.4799167513847351,0.4720971882343292,True
1710807515,fk_qslstm,ema,test,1000237,5,-0.9858220219612122,-0.20755979418754578,-0.20852959156036377,True
1710807515,fk_qslstm,ema,test,1000237,6,0.8880865573883057,0.3668041229248047,0.36482205986976624,True
1710807515,fk_qslstm,ema,test,1000237,7,-0.14206212759017944,0.20820601284503937,0.21066555380821228,True
1710807515,fk_qslstm,ema,test,1000237,8,-0.8535395860671997,-0.34555894136428833,-0.34304875135421753,True
1710807515,fk_qslstm,ema,test,1000237,9,-0.674089789390564,-0.680901050567627,-0.6829773783683777,True
1710807515,fk_qslstm,ema,test,1000237,10,0.051914770156145096,-0.5135719776153564,-0.5113300681114197,True
1710807515,fk_qslstm,ema,test,1000237,11,-0.27849051356315613,-0.5779519081115723,-0.573803722858429,True
1710807515,fk_qslstm,ema,test,1000237,12,-0.5512515902519226,-0.7931124567985535,-0.792888343334198,True
1710807515,fk_qslstm,ema,test,1000237,13,-0.11308382451534271,-0.7023402452468872,-0.7011178135871887,True
1710807515,fk_qslstm,ema,test,1000237,14,0.38589632511138916,-0.3303344249725342,-0.32872146368026733,True
1710807515,fk_qslstm,ema,test,1000237,15,-0.3170889616012573,-0.45452091097831726,-0.45214927196502686,True
1710807515,fk_qslstm,ema,test,1000237,16,0.07346201688051224,-0.31953951716423035,-0.31835800409317017,True
1710807515,fk_qslstm,ema,test,1000237,17,-0.6821464896202087,-0.6649194955825806,-0.6677430272102356,True
1710807515,fk_qslstm,ema,test,1000237,18,-0.06505527347326279,-0.570968747138977,-0.573030412197113,True
1710807515,fk_qslstm,ema,test,1000237,19,0.1859375685453415,-0.34521248936653137,-0.34709370136260986,True
1710807515,fk_qslstm,ema,test,1000237,20,-0.950690507888794,-0.8465843200683594,-0.8506900668144226,True
1710807515,fk_qslstm,ema,test,1000237,21,0.5060306191444397,-0.37364906072616577,-0.37490546703338623,True
1710807515,fk_qslstm,ema,test,1000237,22,0.5396715998649597,0.024883724749088287,0.02028203010559082,True
1710807515,fk_qslstm,ema,test,1000237,23,-0.8834273815155029,-0.5101494193077087,-0.51401287317276,True
1710807515,fk_qslstm,ema,test,1000237,24,0.30062153935432434,-0.2277466207742691,-0.232621431350708,True
1710807515,fk_qslstm,ema,test,1000237,25,0.4012722671031952,0.05856605991721153,0.052045732736587524,True
1710807515,fk_qslstm,ema,test,1000237,26,-0.40046149492263794,-0.1934240609407425,-0.1953015923500061,True
1710807515,fk_qslstm,ema,test,1000237,27,0.8087651133537292,0.33051982522010803,0.3255665600299835,True
1710807515,fk_qslstm,ema,test,1000237,28,-0.6694566607475281,-0.1372581422328949,-0.13891640305519104,True
1710807515,fk_qslstm,ema,test,1000237,29,-0.833686351776123,-0.6100183129310608,-0.6169232726097107,True
1710807515,fk_qslstm,ema,test,1000237,30,0.6651456952095032,-0.0889272391796112,-0.0921347439289093,True
1710807515,fk_qslstm,ema,test,1000237,31,0.4394110143184662,0.19250480830669403,0.187433660030365,True
1710807515,fk_qslstm,ema,test,1000238,0,-0.17067109048366547,-0.10240264981985092,-0.10061874985694885,True
1710807515,fk_qslstm,ema,test,1000238,1,0.391810804605484,0.1531643569469452,0.14651483297348022,True
1710807515,fk_qslstm,ema,test,1000238,2,-0.03624902665615082,0.10078206658363342,0.09400075674057007,True
1710807515,fk_qslstm,ema,test,1000238,3,-0.4847370982170105,-0.21021661162376404,-0.21244889497756958,True
1710807515,fk_qslstm,ema,test,1000238,4,0.4971688687801361,0.13012804090976715,0.12639595568180084,True
1710807515,fk_qslstm,ema,test,1000238,5,-0.27339425683021545,-0.059934135526418686,-0.057067930698394775,True
1710807515,fk_qslstm,ema,test,1000238,6,-0.7595689296722412,-0.503688633441925,-0.5037375092506409,True
1710807515,fk_qslstm,ema,test,1000238,7,-0.2546299695968628,-0.5557289123535156,-0.5537420511245728,True
1710807515,fk_qslstm,ema,test,1000238,8,0.7407809495925903,-0.00011455873755039647,0.0028243958950042725,True
1710807515,fk_qslstm,ema,test,1000238,9,-0.605832040309906,-0.36359086632728577,-0.35942572355270386,True
1710807515,fk_qslstm,ema,test,1000238,10,0.9756575226783752,0.2945218086242676,0.2894812524318695,True
1710807515,fk_qslstm,ema,test,1000238,11,0.37447619438171387,0.4603031873703003,0.4536091685295105,True
1710807515,fk_qslstm,ema,test,1000238,12,0.49122461676597595,0.6629773378372192,0.6571319699287415,True
1710807515,fk_qslstm,ema,test,1000238,13,0.5485457181930542,0.859509289264679,0.8579241037368774,True
1710807515,fk_qslstm,ema,test,1000238,14,-0.04608837887644768,0.6599543690681458,0.6556836366653442,True
1710807515,fk_qslstm,ema,test,1000238,15,0.7822834849357605,0.9973335862159729,1.0005645751953125,True
1710807515,fk_qslstm,ema,test,1000238,16,-0.3217224180698395,0.6048334240913391,0.6028841733932495,True
1710807515,fk_qslstm,ema,test,1000238,17,0.5649317502975464,0.8228257894515991,0.8249347805976868,True
1710807515,fk_qslstm,ema,test,1000238,18,-0.4994056522846222,0.35861721634864807,0.35640957951545715,True
1710807515,fk_qslstm,ema,test,1000238,19,-0.621776282787323,-0.08617199957370758,-0.08831873536109924,True
1710807515,fk_qslstm,ema,test,1000238,20,0.3951363265514374,0.16814421117305756,0.16505128145217896,True
1710807515,fk_qslstm,ema,test,1000238,21,0.7773823738098145,0.6009448170661926,0.601755678653717,True
1710807515,fk_qslstm,ema,test,1000238,22,0.3743738830089569,0.7053801417350769,0.7055140733718872,True
1710807515,fk_qslstm,ema,test,1000238,23,-0.46156173944473267,0.2873671054840088,0.2848094701766968,True
1710807515,fk_qslstm,ema,test,1000238,24,-0.9861660599708557,-0.3618059456348419,-0.3599700331687927,True
1710807515,fk_qslstm,ema,test,1000238,25,-0.6877755522727966,-0.7021101117134094,-0.7035878300666809,True
1710807515,fk_qslstm,ema,test,1000238,26,-0.6187554001808167,-0.9329413175582886,-0.9362301230430603,True
1710807515,fk_qslstm,ema,test,1000238,27,-0.480909138917923,-1.0348985195159912,-1.0385119915008545,True
1710807515,fk_qslstm,ema,test,1000238,28,0.5875537991523743,-0.4753865897655487,-0.471199095249176,True
1710807515,fk_qslstm,ema,test,1000238,29,-0.4345328211784363,-0.6410289406776428,-0.6386660933494568,True
1710807515,fk_qslstm,ema,test,1000238,30,0.1934421956539154,-0.3967578411102295,-0.39456552267074585,True
1710807515,fk_qslstm,ema,test,1000238,31,-0.0434010773897171,-0.3434469401836395,-0.33970242738723755,True
1710807515,fk_qslstm,ema,test,1000239,0,0.2095452845096588,0.12572717666625977,0.12591826915740967,True
1710807515,fk_qslstm,ema,test,1000239,1,-0.24550040066242218,-0.04671850427985191,-0.03878030180931091,True
1710807515,fk_qslstm,ema,test,1000239,2,-0.05140437185764313,-0.06821742653846741,-0.06652575731277466,True
1710807515,fk_qslstm,ema,test,1000239,3,0.7015333771705627,0.3663460612297058,0.3653208613395691,True
1710807515,fk_qslstm,ema,test,1000239,4,-0.3787457048892975,0.06582943350076675,0.06851708889007568,True
1710807515,fk_qslstm,ema,test,1000239,5,-0.6143223643302917,-0.3159298896789551,-0.31422191858291626,True
1710807515,fk_qslstm,ema,test,1000239,6,0.7225701212882996,0.18079814314842224,0.18071123957633972,True
1710807515,fk_qslstm,ema,test,1000239,7,-0.3399130702018738,-0.05930931866168976,-0.05406671762466431,True
1710807515,fk_qslstm,ema,test,1000239,8,0.9847455024719238,0.5433998703956604,0.5421949625015259,True
1710807515,fk_qslstm,ema,test,1000239,9,0.14096081256866455,0.5192963480949402,0.5144883990287781,True
1710807515,fk_qslstm,ema,test,1000239,10,0.23925241827964783,0.5589885711669922,0.5522748231887817,True
1710807515,fk_qslstm,ema,test,1000239,11,-0.6040553450584412,0.08475761860609055,0.07892568409442902,True
1710807515,fk_qslstm,ema,test,1000239,12,-0.2899046838283539,-0.10613671690225601,-0.10739138722419739,True
1710807515,fk_qslstm,ema,test,1000239,13,-0.738337516784668,-0.527911901473999,-0.5297580361366272,True
1710807515,fk_qslstm,ema,test,1000239,14,-0.5467316508293152,-0.7503684759140015,-0.7541409134864807,True
1710807515,fk_qslstm,ema,test,1000239,15,-0.8864447474479675,-1.1321616172790527,-1.1339032649993896,True
1710807515,fk_qslstm,ema,test,1000239,16,0.34996792674064636,-0.6957485675811768,-0.6966531872749329,True
1710807515,fk_qslstm,ema,test,1000239,17,0.33391374349594116,-0.3562505841255188,-0.3587159514427185,True
1710807515,fk_qslstm,ema,test,1000239,18,0.9426847696304321,0.28061041235923767,0.2718539535999298,True
1710807515,fk_qslstm,ema,test,1000239,19,0.9966531991958618,0.8224802613258362,0.8153457045555115,True
1710807515,fk_qslstm,ema,test,1000239,20,-0.8889345526695251,0.12462347000837326,0.11742937564849854,True
1710807515,fk_qslstm,ema,test,1000239,21,0.8352547883987427,0.6008516550064087,0.592815637588501,True
1710807515,fk_qslstm,ema,test,1000239,22,-0.5971325635910034,0.12240178138017654,0.11562836170196533,True
1710807515,fk_qslstm,ema,test,1000239,23,0.6526197791099548,0.48949331045150757,0.4818800091743469,True
1710807515,fk_qslstm,ema,test,1000239,24,0.04239320382475853,0.41703057289123535,0.41103535890579224,True
1710807515,fk_qslstm,ema,test,1000239,25,-0.01090177521109581,0.32708337903022766,0.32217827439308167,True
1710807515,fk_qslstm,ema,test,1000239,26,0.232519268989563,0.4011782705783844,0.39692986011505127,True
1710807515,fk_qslstm,ema,test,1000239,27,0.08856892585754395,0.3740839660167694,0.37146106362342834,True
1710807515,fk_qslstm,ema,test,1000239,28,0.4662792384624481,0.5790347456932068,0.5783261656761169,True
1710807515,fk_qslstm,ema,test,1000239,29,0.26001065969467163,0.6192342042922974,0.618938684463501,True
1710807515,fk_qslstm,ema,test,1000239,30,0.8629714846611023,1.0131702423095703,1.0192660093307495,True
1710807515,fk_qslstm,ema,test,1000239,31,0.0037805768661201,0.8128045201301575,0.8150516152381897,True
1710807515,fk_qslstm,ema,test,1000240,0,-0.28184476494789124,-0.1691068708896637,-0.16701608896255493,True
1710807515,fk_qslstm,ema,test,1000240,1,-0.803363561630249,-0.6173036098480225,-0.619539737701416,True
1710807515,fk_qslstm,ema,test,1000240,2,-0.3606016933917999,-0.7102039456367493,-0.7219955325126648,True
1710807515,fk_qslstm,ema,test,1000240,3,0.3466417193412781,-0.3601780831813812,-0.36551451683044434,True
1710807515,fk_qslstm,ema,test,1000240,4,0.25286200642585754,-0.13642527163028717,-0.1401752531528473,True
1710807515,fk_qslstm,ema,test,1000240,5,0.9752119183540344,0.47598692774772644,0.4672744572162628,True
1710807515,fk_qslstm,ema,test,1000240,6,-0.040821418166160583,0.35629668831825256,0.34809410572052,True
1710807515,fk_qslstm,ema,test,1000240,7,0.8127188682556152,0.7726686596870422,0.7695459127426147,True
1710807515,fk_qslstm,ema,test,1000240,8,0.801383912563324,1.0989652872085571,1.1004481315612793,True
1710807515,fk_qslstm,ema,test,1000240,9,-0.9356018900871277,0.3178110718727112,0.32292288541793823,True
1710807515,fk_qslstm,ema,test,1000240,10,-0.9250462055206299,-0.3007788360118866,-0.2955560088157654,True
1710807515,fk_qslstm,ema,test,1000240,11,-0.23431935906410217,-0.3812147080898285,-0.3725450038909912,True
1710807515,fk_qslstm,ema,test,1000240,12,-0.16980785131454468,-0.4068564474582672,-0.3951560854911804,True
1710807515,fk_qslstm,ema,test,1000240,13,0.02432195656001568,-0.3108919858932495,-0.29997432231903076,True
1710807515,fk_qslstm,ema,test,1000240,14,-0.3197906017303467,-0.44058793783187866,-0.43007540702819824,True
1710807515,fk_qslstm,ema,test,1000240,15,0.04893745109438896,-0.32310789823532104,-0.3148389458656311,True
1710807515,fk_qslstm,ema,test,1000240,16,-0.30265310406684875,-0.44007816910743713,-0.4320376515388489,True
1710807515,fk_qslstm,ema,test,1000240,17,0.5737602114677429,-0.0078064026311039925,-0.004774749279022217,True
1710807515,fk_qslstm,ema,test,1000240,18,-0.37762251496315,-0.2328186333179474,-0.22740721702575684,True
1710807515,fk_qslstm,ema,test,1000240,19,-0.7394910454750061,-0.6299495100975037,-0.6308196783065796,True
1710807515,fk_qslstm,ema,test,1000240,20,0.19822004437446594,-0.38502758741378784,-0.38580816984176636,True
1710807515,fk_qslstm,ema,test,1000240,21,0.9169768691062927,0.24216404557228088,0.2360890805721283,True
1710807515,fk_qslstm,ema,test,1000240,22,0.6898592710494995,0.6076468229293823,0.6025903820991516,True
1710807515,fk_qslstm,ema,test,1000240,23,0.4241490066051483,0.7406068444252014,0.7356221079826355,True
1710807515,fk_qslstm,ema,test,1000240,24,0.6291671991348267,0.9699857831001282,0.9699473977088928,True
1710807515,fk_qslstm,ema,test,1000240,25,0.4857833683490753,1.0674586296081543,1.0690890550613403,True
1710807515,fk_qslstm,ema,test,1000240,26,-0.7725906372070312,0.3904125392436981,0.3882904350757599,True
1710807515,fk_qslstm,ema,test,1000240,27,-0.5922194123268127,-0.043001629412174225,-0.04571819305419922,True
1710807515,fk_qslstm,ema,test,1000240,28,0.7392801642417908,0.4091668128967285,0.4072134494781494,True
1710807515,fk_qslstm,ema,test,1000240,29,0.14700673520565033,0.4155374765396118,0.41362425684928894,True
1710807515,fk_qslstm,ema,test,1000240,30,0.8437366485595703,0.8386719822883606,0.8421991467475891,True
1710807515,fk_qslstm,ema,test,1000240,31,0.01725049316883087,0.6812878847122192,0.6802836656570435,True
1710807515,fk_qslstm,ema,test,1000241,0,-0.3605043590068817,-0.21630261838436127,-0.2141091227531433,True
1710807515,fk_qslstm,ema,test,1000241,1,-0.8225412964820862,-0.6665669083595276,-0.6702941060066223,True
1710807515,fk_qslstm,ema,test,1000241,2,0.2608274221420288,-0.37675705552101135,-0.3860456943511963,True
1710807515,fk_qslstm,ema,test,1000241,3,0.5773894786834717,0.04502803459763527,0.037544310092926025,True
1710807515,fk_qslstm,ema,test,1000241,4,0.7306107878684998,0.47438889741897583,0.46820273995399475,True
1710807515,fk_qslstm,ema,test,1000241,5,0.7839120030403137,0.8498583436012268,0.8499787449836731,True
1710807515,fk_qslstm,ema,test,1000241,6,-0.4740656614303589,0.3954472541809082,0.3915688097476959,True
1710807515,fk_qslstm,ema,test,1000241,7,0.3718509376049042,0.5394683480262756,0.5346089601516724,True
1710807515,fk_qslstm,ema,test,1000241,8,0.4058147072792053,0.6750634908676147,0.673204779624939,True
1710807515,fk_qslstm,ema,test,1000241,9,-0.5305876135826111,0.22169825434684753,0.2193235158920288,True
1710807515,fk_qslstm,ema,test,1000241,10,-0.18145552277565002,0.06848528236150742,0.06969748437404633,True
1710807515,fk_qslstm,ema,test,1000241,11,0.7077577710151672,0.47944289445877075,0.4825415015220642,True
1710807515,fk_qslstm,ema,test,1000241,12,0.875666618347168,0.9089543223381042,0.9178535342216492,True
1710807515,fk_qslstm,ema,test,1000241,13,-0.5226858854293823,0.413551926612854,0.41414204239845276,True
1710807515,fk_qslstm,ema,test,1000241,14,0.8547650575637817,0.8437005877494812,0.8482839465141296,True
1710807515,fk_qslstm,ema,test,1000241,15,0.9535377621650696,1.2470831871032715,1.2475767135620117,True
1710807515,fk_qslstm,ema,test,1000241,16,-0.8187726140022278,0.5064029097557068,0.5077678561210632,True
1710807515,fk_qslstm,ema,test,1000241,17,-0.3016453683376312,0.2241351157426834,0.22296583652496338,True
1710807515,fk_qslstm,ema,test,1000241,18,-0.17497457563877106,0.07432333379983902,0.07505641877651215,True
1710807515,fk_qslstm,ema,test,1000241,19,-0.26354166865348816,-0.09866633266210556,-0.09447172284126282,True
1710807515,fk_qslstm,ema,test,1000241,20,0.2986784875392914,0.10027402639389038,0.10091599822044373,True
1710807515,fk_qslstm,ema,test,1000241,21,0.4567607343196869,0.354275643825531,0.35247817635536194,True
1710807515,fk_qslstm,ema,test,1000241,22,-0.21104924380779266,0.15679097175598145,0.15723903477191925,True
1710807515,fk_qslstm,ema,test,1000241,23,0.17457231879234314,0.2301761656999588,0.22871676087379456,True
1710807515,fk_qslstm,ema,test,1000241,24,-0.8204379081726074,-0.30812183022499084,-0.30751508474349976,True
1710807515,fk_qslstm,ema,test,1000241,25,0.8441401720046997,0.25998663902282715,0.25783297419548035,True
1710807515,fk_qslstm,ema,test,1000241,26,-0.11107157170772552,0.14134636521339417,0.14329755306243896,True
1710807515,fk_qslstm,ema,test,1000241,27,-0.029563572257757187,0.09533894807100296,0.09744098782539368,True
1710807515,fk_qslstm,ema,test,1000241,28,-0.7127764821052551,-0.3513947129249573,-0.3492662310600281,True
1710807515,fk_qslstm,ema,test,1000241,29,0.1128103956580162,-0.2134295403957367,-0.21133029460906982,True
1710807515,fk_qslstm,ema,test,1000241,30,-0.7222009301185608,-0.6040641665458679,-0.6043121218681335,True
1710807515,fk_qslstm,ema,test,1000241,31,-0.4882296323776245,-0.7761891484260559,-0.7793712019920349,True
1710807515,fk_qslstm,ema,test,1000242,0,-0.7557950019836426,-0.45347699522972107,-0.4484221339225769,True
1710807515,fk_qslstm,ema,test,1000242,1,0.697783350944519,0.055888403207063675,0.050215691328048706,True
1710807515,fk_qslstm,ema,test,1000242,2,0.5030714273452759,0.34655359387397766,0.3387918472290039,True
1710807515,fk_qslstm,ema,test,1000242,3,-0.10245776176452637,0.2157682180404663,0.2135128378868103,True
1710807515,fk_qslstm,ema,test,1000242,4,-0.8889288902282715,-0.3607427775859833,-0.3599399924278259,True
1710807515,fk_qslstm,ema,test,1000242,5,0.8939018249511719,0.24774686992168427,0.24716436862945557,True
1710807515,fk_qslstm,ema,test,1000242,6,-0.6472580432891846,-0.19015733897686005,-0.18550395965576172,True
1710807515,fk_qslstm,ema,test,1000242,7,-0.09071066230535507,-0.20655226707458496,-0.20129352807998657,True
1710807515,fk_qslstm,ema,test,1000242,8,0.41102519631385803,0.08137329667806625,0.08391214907169342,True
1710807515,fk_qslstm,ema,test,1000242,9,0.2975170612335205,0.24360887706279755,0.24365267157554626,True
1710807515,fk_qslstm,ema,test,1000242,10,-0.5786435008049011,-0.15229898691177368,-0.15017634630203247,True
1710807515,fk_qslstm,ema,test,1000242,11,-0.24935322999954224,-0.2714511454105377,-0.2671505808830261,True
1710807515,fk_qslstm,ema,test,1000242,12,-0.5740965008735657,-0.5616188049316406,-0.5584411025047302,True
1710807515,fk_qslstm,ema,test,1000242,13,-0.19206762313842773,-0.5645356178283691,-0.5599870085716248,True
1710807515,fk_qslstm,ema,test,1000242,14,-0.2904846966266632,-0.6259192824363708,-0.6207340359687805,True
1710807515,fk_qslstm,ema,test,1000242,15,-0.06198820099234581,-0.5379283428192139,-0.5324500799179077,True
1710807515,fk_qslstm,ema,test,1000242,16,0.2435709834098816,-0.28420010209083557,-0.2813894748687744,True
1710807515,fk_qslstm,ema,test,1000242,17,0.22712722420692444,-0.09108375012874603,-0.09247133135795593,True
1710807515,fk_qslstm,ema,test,1000242,18,-0.632607102394104,-0.45243126153945923,-0.45520836114883423,True
1710807515,fk_qslstm,ema,test,1000242,19,0.03770442679524422,-0.33932235836982727,-0.34215056896209717,True
1710807515,fk_qslstm,ema,test,1000242,20,-0.4440876543521881,-0.5379104614257812,-0.5398727059364319,True
1710807515,fk_qslstm,ema,test,1000242,21,-0.8886314630508423,-0.9635072946548462,-0.9688777327537537,True
1710807515,fk_qslstm,ema,test,1000242,22,0.2576671540737152,-0.6162055134773254,-0.619830310344696,True
1710807515,fk_qslstm,ema,test,1000242,23,-0.7900751829147339,-0.9670095443725586,-0.9759758114814758,True
1710807515,fk_qslstm,ema,test,1000242,24,-0.14190471172332764,-0.8587504625320435,-0.8685794472694397,True
1710807515,fk_qslstm,ema,test,1000242,25,0.16655077040195465,-0.5870698690414429,-0.5937528014183044,True
1710807515,fk_qslstm,ema,test,1000242,26,0.9463866353034973,0.09817607700824738,0.08914630115032196,True
1710807515,fk_qslstm,ema,test,1000242,27,-0.5452501177787781,-0.24860920011997223,-0.25279325246810913,True
1710807515,fk_qslstm,ema,test,1000242,28,-0.17651881277561188,-0.3047986626625061,-0.3075418472290039,True
1710807515,fk_qslstm,ema,test,1000242,29,-0.429206520318985,-0.5013628602027893,-0.5021645426750183,True
1710807515,fk_qslstm,ema,test,1000242,30,0.3923419713973999,-0.16568508744239807,-0.16771066188812256,True
1710807515,fk_qslstm,ema,test,1000242,31,0.7376693487167358,0.3100535571575165,0.3052048683166504,True
1710807515,fk_qslstm,ema,test,1000243,0,0.22132189571857452,0.1327931433916092,0.1329559087753296,True
1710807515,fk_qslstm,ema,test,1000243,1,-0.3610999286174774,-0.1104254499077797,-0.10154756903648376,True
1710807515,fk_qslstm,ema,test,1000243,2,0.41615021228790283,0.16134977340698242,0.15794804692268372,True
1710807515,fk_qslstm,ema,test,1000243,3,0.8751959800720215,0.6541973948478699,0.6523380875587463,True
1710807515,fk_qslstm,ema,test,1000243,4,0.9503142833709717,1.0935465097427368,1.0940532684326172,True
1710807515,fk_qslstm,ema,test,1000243,5,0.060441501438617706,0.9111021161079407,0.9077509045600891,True
1710807515,fk_qslstm,ema,test,1000243,6,0.4320950508117676,0.9881386756896973,0.9876140356063843,True
1710807515,fk_qslstm,ema,test,1000243,7,0.31047454476356506,0.9767956733703613,0.9765671491622925,True
1710807515,fk_qslstm,ema,test,1000243,8,-0.21596723794937134,0.6518562436103821,0.6468378305435181,True
1710807515,fk_qslstm,ema,test,1000243,9,0.8212743997573853,1.014249563217163,1.0172393321990967,True
1710807515,fk_qslstm,ema,test,1000243,10,-0.852683961391449,0.29978930950164795,0.2994650602340698,True
1710807515,fk_qslstm,ema,test,1000243,11,0.0004007177194580436,0.2400718778371811,0.23807916045188904,True
1710807515,fk_qslstm,ema,test,1000243,12,-0.4236270487308502,-0.06211871653795242,-0.059244781732559204,True
1710807515,fk_qslstm,ema,test,1000243,13,0.49289417266845703,0.24604153633117676,0.24603071808815002,True
1710807515,fk_qslstm,ema,test,1000243,14,-0.25370392203330994,0.044610876590013504,0.049119770526885986,True
1710807515,fk_qslstm,ema,test,1000243,15,-0.1669101119041443,-0.06445736438035965,-0.058104246854782104,True
1710807515,fk_qslstm,ema,test,1000243,16,-0.1317541003227234,-0.13061834871768951,-0.12206012010574341,True
1710807515,fk_qslstm,ema,test,1000243,17,-0.23903143405914307,-0.24791353940963745,-0.23741066455841064,True
1710807515,fk_qslstm,ema,test,1000243,18,0.49136725068092346,0.09648951143026352,0.1015770435333252,True
1710807515,fk_qslstm,ema,test,1000243,19,-0.5184217691421509,-0.23386143147945404,-0.22705674171447754,True
1710807515,fk_qslstm,ema,test,1000243,20,0.2510484457015991,-0.03646007180213928,-0.034637629985809326,True
1710807515,fk_qslstm,ema,test,1000243,21,0.48588109016418457,0.2623606026172638,0.26074668765068054,True
1710807515,fk_qslstm,ema,test,1000243,22,0.28053784370422363,0.37821120023727417,0.3745096027851105,True
1710807515,fk_qslstm,ema,test,1000243,23,0.014658450148999691,0.3113640248775482,0.3079740107059479,True
1710807515,fk_qslstm,ema,test,1000243,24,0.8468040823936462,0.7571736574172974,0.7588289380073547,True
1710807515,fk_qslstm,ema,test,1000243,25,-0.529274582862854,0.2881741523742676,0.2857775390148163,True
1710807515,fk_qslstm,ema,test,1000243,26,0.6465001106262207,0.6184393763542175,0.6168793439865112,True
1710807515,fk_qslstm,ema,test,1000243,27,-0.810379683971405,0.008523710072040558,0.008946895599365234,True
1710807515,fk_qslstm,ema,test,1000243,28,-0.5310060977935791,-0.3117847144603729,-0.3113194704055786,True
1710807515,fk_qslstm,ema,test,1000243,29,-0.4104974865913391,-0.49572625756263733,-0.4924410581588745,True
1710807515,fk_qslstm,ema,test,1000243,30,-0.8979450464248657,-0.9353480339050293,-0.935146152973175,True
1710807515,fk_qslstm,ema,test,1000243,31,0.9550941586494446,-0.17522192001342773,-0.17100438475608826,True
1710807515,fk_qslstm,ema,test,1000244,0,-0.22190560400485992,-0.1331433653831482,-0.13119256496429443,True
1710807515,fk_qslstm,ema,test,1000244,1,0.3159548342227936,0.08305821567773819,0.07680630683898926,True
1710807515,fk_qslstm,ema,test,1000244,2,0.916449785232544,0.6163164377212524,0.6042361855506897,True
1710807515,fk_qslstm,ema,test,1000244,3,-0.034182094037532806,0.4725438952445984,0.46169930696487427,True
1710807515,fk_qslstm,ema,test,1000244,4,0.06666620820760727,0.4180348515510559,0.40852048993110657,True
1710807515,fk_qslstm,ema,test,1000244,5,-0.16111870110034943,0.2377566546201706,0.2332933247089386,True
1710807515,fk_qslstm,ema,test,1000244,6,0.7916392683982849,0.6651889085769653,0.6658474206924438,True
1710807515,fk_qslstm,ema,test,1000244,7,-0.9431492686271667,-0.03373843804001808,-0.027023673057556152,True
1710807515,fk_qslstm,ema,test,1000244,8,-0.3815433084964752,-0.2559167444705963,-0.24809712171554565,True
1710807515,fk_qslstm,ema,test,1000244,9,0.385599285364151,0.026626186445355415,0.032810747623443604,True
1710807515,fk_qslstm,ema,test,1000244,10,-0.06113646179437637,-0.015380928292870522,-0.006834089756011963,True
1710807515,fk_qslstm,ema,test,1000244,11,-0.9690443873405457,-0.5937314033508301,-0.5857953429222107,True
1710807515,fk_qslstm,ema,test,1000244,12,0.7051013708114624,-0.05192428454756737,-0.043513715267181396,True
1710807515,fk_qslstm,ema,test,1000244,13,-0.14792586863040924,-0.13029494881629944,-0.11848321557044983,True
1710807515,fk_qslstm,ema,test,1000244,14,-0.9492504000663757,-0.6737861633300781,-0.6660575270652771,True
1710807515,fk_qslstm,ema,test,1000244,15,-0.43484950065612793,-0.7999386191368103,-0.7954280972480774,True
1710807515,fk_qslstm,ema,test,1000244,16,-0.14607253670692444,-0.7275944352149963,-0.7213969826698303,True
1710807515,fk_qslstm,ema,test,1000244,17,0.5749709010124207,-0.2370930165052414,-0.22896414995193481,True
1710807515,fk_qslstm,ema,test,1000244,18,0.8772892951965332,0.3366991877555847,0.33874255418777466,True
1710807515,fk_qslstm,ema,test,1000244,19,-0.018793225288391113,0.25808340311050415,0.2589588463306427,True
1710807515,fk_qslstm,ema,test,1000244,20,-0.6669263243675232,-0.19368907809257507,-0.19303619861602783,True
1710807515,fk_qslstm,ema,test,1000244,21,-0.2052830457687378,-0.27812108397483826,-0.2749250531196594,True
1710807515,fk_qslstm,ema,test,1000244,22,0.40517789125442505,0.020609857514500618,0.02150207757949829,True
1710807515,fk_qslstm,ema,test,1000244,23,-0.6739062666893005,-0.3878558576107025,-0.3865671753883362,True
1710807515,fk_qslstm,ema,test,1000244,24,0.12402612715959549,-0.23586900532245636,-0.23602306842803955,True
1710807515,fk_qslstm,ema,test,1000244,25,-0.7432909607887268,-0.6346697807312012,-0.6376510858535767,True
1710807515,fk_qslstm,ema,test,1000244,26,-0.9216790795326233,-1.0607433319091797,-1.0652620792388916,True
1710807515,fk_qslstm,ema,test,1000244,27,-0.5507498383522034,-1.179044485092163,-1.1835558414459229,True
1710807515,fk_qslstm,ema,test,1000244,28,0.3698509931564331,-0.7213250398635864,-0.7260860800743103,True
1710807515,fk_qslstm,ema,test,1000244,29,-0.7519611120223999,-1.028236746788025,-1.0394272804260254,True
1710807515,fk_qslstm,ema,test,1000244,30,-0.606886088848114,-1.1867210865020752,-1.1985743045806885,True
1710807515,fk_qslstm,ema,test,1000244,31,0.41531479358673096,-0.7001879811286926,-0.7088434100151062,True
1710807515,fk_qslstm,ema,test,1000245,0,0.04511265456676483,0.02706759236752987,0.02786499261856079,True
1710807515,fk_qslstm,ema,test,1000245,1,0.3265060782432556,0.21755772829055786,0.21349912881851196,True
1710807515,fk_qslstm,ema,test,1000245,2,0.8692145943641663,0.695574939250946,0.6878200769424438,True
1710807515,fk_qslstm,ema,test,1000245,3,0.9840969443321228,1.1469181776046753,1.1407592296600342,True
1710807515,fk_qslstm,ema,test,1000245,4,-0.7267588376998901,0.4814791977405548,0.4715493321418762,True
1710807515,fk_qslstm,ema,test,1000245,5,-0.6498522162437439,-0.004727986175566912,-0.01589423418045044,True
1710807515,fk_qslstm,ema,test,1000245,6,0.2829209864139557,0.16597019135951996,0.154527485370636,True
1710807515,fk_qslstm,ema,test,1000245,7,0.9613414406776428,0.7095810174942017,0.7022855281829834,True
1710807515,fk_qslstm,ema,test,1000245,8,0.3849729895591736,0.7986485958099365,0.7905694246292114,True
1710807515,fk_qslstm,ema,test,1000245,9,0.5458811521530151,0.9664475917816162,0.9624229073524475,True
1710807515,fk_qslstm,ema,test,1000245,10,0.980757474899292,1.3616125583648682,1.3465445041656494,True
1710807515,fk_qslstm,ema,test,1000245,11,0.9050145149230957,1.6322987079620361,1.573188066482544,True
1710807515,fk_qslstm,ema,test,1000245,12,0.07245395332574844,1.349311351776123,1.3257827758789062,True
1710807515,fk_qslstm,ema,test,1000245,13,-0.8409651517868042,0.5748699903488159,0.5798465609550476,True
1710807515,fk_qslstm,ema,test,1000245,14,-0.014051464386284351,0.4514651298522949,0.44995975494384766,True
1710807515,fk_qslstm,ema,test,1000245,15,-0.37242811918258667,0.13771522045135498,0.13080407679080963,True
1710807515,fk_qslstm,ema,test,1000245,16,0.616741418838501,0.48021700978279114,0.47138458490371704,True
1710807515,fk_qslstm,ema,test,1000245,17,-0.009474982507526875,0.3784886300563812,0.3684436082839966,True
1710807515,fk_qslstm,ema,test,1000245,18,-0.24286939203739166,0.15706926584243774,0.14872455596923828,True
1710807515,fk_qslstm,ema,test,1000245,19,-0.961773693561554,-0.4514088034629822,-0.4558195471763611,True
1710807515,fk_qslstm,ema,test,1000245,20,-0.42867955565452576,-0.6183347702026367,-0.6214296221733093,True
1710807515,fk_qslstm,ema,test,1000245,21,0.15396156907081604,-0.40229085087776184,-0.4018487334251404,True
1710807515,fk_qslstm,ema,test,1000245,22,-0.7158328890800476,-0.7513324022293091,-0.7552159428596497,True
1710807515,fk_qslstm,ema,test,1000245,23,-0.8156118988990784,-1.090433120727539,-1.0967762470245361,True
1710807515,fk_qslstm,ema,test,1000245,24,0.12635381519794464,-0.7965341806411743,-0.8031349778175354,True
1710807515,fk_qslstm,ema,test,1000245,25,-0.26528114080429077,-0.796396017074585,-0.8040230870246887,True
1710807515,fk_qslstm,ema,test,1000245,26,0.08482675999403,-0.5862207412719727,-0.59092777967453,True
1710807515,fk_qslstm,ema,test,1000245,27,-0.5555667877197266,-0.8023166656494141,-0.8095285296440125,True
1710807515,fk_qslstm,ema,test,1000245,28,0.6062065362930298,-0.2781294286251068,-0.2796486020088196,True
1710807515,fk_qslstm,ema,test,1000245,29,-0.29555758833885193,-0.39983808994293213,-0.3981526494026184,True
1710807515,fk_qslstm,ema,test,1000245,30,-0.44766902923583984,-0.5884718894958496,-0.5886382460594177,True
1710807515,fk_qslstm,ema,test,1000245,31,-0.11794750392436981,-0.5415459871292114,-0.5397694706916809,True
1710807515,fk_qslstm,ema,test,1000246,0,0.33066892623901367,0.19840136170387268,0.19838440418243408,True
1710807515,fk_qslstm,ema,test,1000246,1,0.979524552822113,0.746435821056366,0.7466464042663574,True
1710807515,fk_qslstm,ema,test,1000246,2,0.8415505886077881,1.1020790338516235,1.1001348495483398,True
1710807515,fk_qslstm,ema,test,1000246,3,-0.09330857545137405,0.8256780505180359,0.8203293681144714,True
1710807515,fk_qslstm,ema,test,1000246,4,0.624371349811554,1.0351653099060059,1.0357542037963867,True
1710807515,fk_qslstm,ema,test,1000246,5,-0.8824439644813538,0.2986658215522766,0.2973181903362274,True
1710807515,fk_qslstm,ema,test,1000246,6,0.7070927619934082,0.6631883382797241,0.6640809178352356,True
1710807515,fk_qslstm,ema,test,1000246,7,-0.04120105877518654,0.5058300495147705,0.5049692392349243,True
1710807515,fk_qslstm,ema,test,1000246,8,-0.2819046378135681,0.23552122712135315,0.2347537875175476,True
1710807515,fk_qslstm,ema,test,1000246,9,-0.27843812108039856,0.021354105323553085,0.02453148365020752,True
1710807515,fk_qslstm,ema,test,1000246,10,0.6907947063446045,0.43156009912490845,0.4346981942653656,True
1710807515,fk_qslstm,ema,test,1000246,11,-0.9911942481994629,-0.24946846067905426,-0.23787963390350342,True
1710807515,fk_qslstm,ema,test,1000246,12,-0.5668824315071106,-0.5397042036056519,-0.5325465798377991,True
1710807515,fk_qslstm,ema,test,1000246,13,-0.3381001651287079,-0.6346234679222107,-0.6262194514274597,True
1710807515,fk_qslstm,ema,test,1000246,14,0.5441778898239136,-0.1811920553445816,-0.17198893427848816,True
1710807515,fk_qslstm,ema,test,1000246,15,0.6578121185302734,0.24973364174365997,0.25415098667144775,True
1710807515,fk_qslstm,ema,test,1000246,16,-0.6055513024330139,-0.16354387998580933,-0.15822955965995789,True
1710807515,fk_qslstm,ema,test,1000246,17,-0.9882628321647644,-0.7237927913665771,-0.7218793034553528,True
1710807515,fk_qslstm,ema,test,1000246,18,-0.8736261129379272,-1.1032098531723022,-1.102588415145874,True
1710807515,fk_qslstm,ema,test,1000246,19,-0.7941778898239136,-1.3590747117996216,-1.3493788242340088,True
1710807515,fk_qslstm,ema,test,1000246,20,0.6373172998428345,-0.7048693895339966,-0.700125515460968,True
1710807515,fk_qslstm,ema,test,1000246,21,-0.8300723433494568,-1.0619388818740845,-1.0673367977142334,True
1710807515,fk_qslstm,ema,test,1000246,22,-0.3670828342437744,-1.069800853729248,-1.079324722290039,True
1710807515,fk_qslstm,ema,test,1000246,23,-0.32971444725990295,-1.0536693334579468,-1.0635230541229248,True
1710807515,fk_qslstm,ema,test,1000246,24,-0.7968855500221252,-1.3210667371749878,-1.3229854106903076,True
1710807515,fk_qslstm,ema,test,1000246,25,-0.1930270493030548,-1.1726696491241455,-1.181969165802002,True
1710807515,fk_qslstm,ema,test,1000246,26,0.7113528847694397,-0.5113239884376526,-0.5109666585922241,True
1710807515,fk_qslstm,ema,test,1000246,27,-0.7581009268760681,-0.8639197945594788,-0.8695539832115173,True
1710807515,fk_qslstm,ema,test,1000246,28,0.5428217649459839,-0.36544278264045715,-0.36211884021759033,True
1710807515,fk_qslstm,ema,test,1000246,29,-0.4595320522785187,-0.5680734515190125,-0.5625643730163574,True
1710807515,fk_qslstm,ema,test,1000246,30,0.5034506320953369,-0.15238839387893677,-0.14626625180244446,True
1710807515,fk_qslstm,ema,test,1000246,31,0.32130980491638184,0.07087516784667969,0.07473403215408325,True
1710807515,fk_qslstm,ema,test,1000247,0,0.5315841436386108,0.31895047426223755,0.31844449043273926,True
1710807515,fk_qslstm,ema,test,1000247,1,-0.48609569668769836,-0.03649704530835152,-0.02279713749885559,True
1710807515,fk_qslstm,ema,test,1000247,2,-0.4346292316913605,-0.2899751663208008,-0.28432828187942505,True
1710807515,fk_qslstm,ema,test,1000247,3,0.27847641706466675,-0.06489428132772446,-0.06369754672050476,True
1710807515,fk_qslstm,ema,test,1000247,4,-0.6305075287818909,-0.43021994829177856,-0.4292954206466675,True
1710807515,fk_qslstm,ema,test,1000247,5,0.3290053904056549,-0.14677271246910095,-0.14879527688026428,True
1710807515,fk_qslstm,ema,test,1000247,6,-0.011905014514923096,-0.12456118315458298,-0.1247967779636383,True
1710807515,fk_qslstm,ema,test,1000247,7,0.002266739262267947,-0.09828890115022659,-0.0984671413898468,True
1710807515,fk_qslstm,ema,test,1000247,8,0.7040161490440369,0.3437785804271698,0.3408539891242981,True
1710807515,fk_qslstm,ema,test,1000247,9,0.8933531045913696,0.8110347390174866,0.8126146197319031,True
1710807515,fk_qslstm,ema,test,1000247,10,0.9857114553451538,1.2402546405792236,1.236750841140747,True
1710807515,fk_qslstm,ema,test,1000247,11,0.47168147563934326,1.2752126455307007,1.2680366039276123,True
1710807515,fk_qslstm,ema,test,1000247,12,0.6055390238761902,1.3834935426712036,1.373438835144043,True
1710807515,fk_qslstm,ema,test,1000247,13,0.07218760251998901,1.1501073837280273,1.1526219844818115,True
1710807515,fk_qslstm,ema,test,1000247,14,0.22512461245059967,1.055160641670227,1.063298225402832,True
1710807515,fk_qslstm,ema,test,1000247,15,0.054131779819726944,0.8766075968742371,0.879845917224884,True
1710807515,fk_qslstm,ema,test,1000247,16,0.7034669518470764,1.1233662366867065,1.129593849182129,True
1710807515,fk_qslstm,ema,test,1000247,17,0.8554802536964417,1.4119811058044434,1.401691198348999,True
1710807515,fk_qslstm,ema,test,1000247,18,-0.6677305102348328,0.7289466261863708,0.7297216653823853,True
1710807515,fk_qslstm,ema,test,1000247,19,0.09473433345556259,0.6399978995323181,0.6379282474517822,True
1710807515,fk_qslstm,ema,test,1000247,20,-0.038163214921951294,0.4891003668308258,0.4810626804828644,True
1710807515,fk_qslstm,ema,test,1000247,21,-0.7563987374305725,-0.06255894899368286,-0.07215923070907593,True
1710807515,fk_qslstm,ema,test,1000247,22,0.6313316226005554,0.3287518322467804,0.3179251253604889,True
1710807515,fk_qslstm,ema,test,1000247,23,0.4919920265674591,0.5581966638565063,0.5501428842544556,True
1710807515,fk_qslstm,ema,test,1000247,24,0.4748307466506958,0.7314558029174805,0.7257812023162842,True
1710807515,fk_qslstm,ema,test,1000247,25,0.8114718198776245,1.0720477104187012,1.0725326538085938,True
1710807515,fk_qslstm,ema,test,1000247,26,-0.8799009323120117,0.3296976089477539,0.33042383193969727,True
1710807515,fk_qslstm,ema,test,1000247,27,-0.40860211849212646,0.01859680935740471,0.019940674304962158,True
1710807515,fk_qslstm,ema,test,1000247,28,0.013614519499242306,0.023046160116791725,0.02648526430130005,True
1710807515,fk_qslstm,ema,test,1000247,29,-0.2423660010099411,-0.1269826740026474,-0.11933985352516174,True
1710807515,fk_qslstm,ema,test,1000247,30,-0.4343976676464081,-0.3622247576713562,-0.3537200689315796,True
1710807515,fk_qslstm,ema,test,1000247,31,0.14930884540081024,-0.20019449293613434,-0.1936286985874176,True
1710807515,fk_qslstm,ema,test,1000248,0,-0.6716814041137695,-0.4030088186264038,-0.39953941106796265,True
1710807515,fk_qslstm,ema,test,1000248,1,-0.3125981390476227,-0.5099659562110901,-0.5152433514595032,True
1710807515,fk_qslstm,ema,test,1000248,2,-0.07675701379776001,-0.4540269672870636,-0.45958298444747925,True
1710807515,fk_qslstm,ema,test,1000248,3,0.4533891975879669,-0.09118806570768356,-0.0939246416091919,True
1710807515,fk_qslstm,ema,test,1000248,4,-0.17708130180835724,-0.1791992336511612,-0.17565160989761353,True
1710807515,fk_qslstm,ema,test,1000248,5,0.30595579743385315,0.040214091539382935,0.04122018814086914,True
1710807515,fk_qslstm,ema,test,1000248,6,-0.006665840279310942,0.02817176841199398,0.03151601552963257,True
1710807515,fk_qslstm,ema,test,1000248,7,0.5657809376716614,0.36200597882270813,0.36280718445777893,True
1710807515,fk_qslstm,ema,test,1000248,8,-0.016316192224621773,0.27981507778167725,0.28152692317962646,True
1710807515,fk_qslstm,ema,test,1000248,9,-0.39945662021636963,-0.015821920707821846,-0.011374354362487793,True
1710807515,fk_qslstm,ema,test,1000248,10,0.03518187254667282,0.008451586589217186,0.01337277889251709,True
1710807515,fk_qslstm,ema,test,1000248,11,0.9844154715538025,0.5974105596542358,0.5996976494789124,True
1710807515,fk_qslstm,ema,test,1000248,12,0.6526169180870056,0.869498610496521,0.8738979697227478,True
1710807515,fk_qslstm,ema,test,1000248,13,0.6308191418647766,1.0740903615951538,1.0801539421081543,True
1710807515,fk_qslstm,ema,test,1000248,14,0.07652917504310608,0.9051898121833801,0.9086018204689026,True
1710807515,fk_qslstm,ema,test,1000248,15,0.15886275470256805,0.8194695115089417,0.8209114670753479,True
1710807515,fk_qslstm,ema,test,1000248,16,0.630163311958313,1.0336735248565674,1.0397403240203857,True
1710807515,fk_qslstm,ema,test,1000248,17,0.9384616613388062,1.3900158405303955,1.380505084991455,True
1710807515,fk_qslstm,ema,test,1000248,18,0.25892648100852966,1.2673685550689697,1.2625305652618408,True
1710807515,fk_qslstm,ema,test,1000248,19,-0.11845587193965912,0.9428213238716125,0.9476797580718994,True
1710807515,fk_qslstm,ema,test,1000248,20,-0.552924394607544,0.42250242829322815,0.4178287088871002,True
1710807515,fk_qslstm,ema,test,1000248,21,0.04945594072341919,0.3676755130290985,0.35870230197906494,True
1710807515,fk_qslstm,ema,test,1000248,22,-0.7661311626434326,-0.16553828120231628,-0.1731293797492981,True
1710807515,fk_qslstm,ema,test,1000248,23,-0.8545035719871521,-0.6451327800750732,-0.6557692885398865,True
1710807515,fk_qslstm,ema,test,1000248,24,-0.0028299475088715553,-0.5178042054176331,-0.5234192609786987,True
1710807515,fk_qslstm,ema,test,1000248,25,0.5280474424362183,-0.09741488099098206,-0.10274052619934082,True
1710807515,fk_qslstm,ema,test,1000248,26,-0.8091864585876465,-0.5634437799453735,-0.5696919560432434,True
1710807515,fk_qslstm,ema,test,1000248,27,-0.8284251093864441,-0.9478101134300232,-0.9595343470573425,True
1710807515,fk_qslstm,ema,test,1000248,28,0.5578396916389465,-0.4235442876815796,-0.4276636242866516,True
1710807515,fk_qslstm,ema,test,1000248,29,0.6788255572319031,0.0684598982334137,0.06231227517127991,True
1710807515,fk_qslstm,ema,test,1000248,30,0.6988111138343811,0.47405460476875305,0.4674038887023926,True
1710807515,fk_qslstm,ema,test,1000248,31,0.7747602462768555,0.8440998196601868,0.8432324528694153,True
1710807515,fk_qslstm,ema,test,1000249,0,0.923218309879303,0.5539309978485107,0.542475163936615,True
1710807515,fk_qslstm,ema,test,1000249,1,0.26907843351364136,0.6045918464660645,0.6034708023071289,True
1710807515,fk_qslstm,ema,test,1000249,2,-0.008335726335644722,0.4786720275878906,0.4715963304042816,True
1710807515,fk_qslstm,ema,test,1000249,3,-0.7280622124671936,-0.05389970913529396,-0.06161218881607056,True
1710807515,fk_qslstm,ema,test,1000249,4,-0.45807042717933655,-0.31796202063560486,-0.32325422763824463,True
1710807515,fk_qslstm,ema,test,1000249,5,0.33642464876174927,-0.05251483619213104,-0.057728201150894165,True
1710807515,fk_qslstm,ema,test,1000249,6,-0.5977898836135864,-0.40068578720092773,-0.4038323760032654,True
1710807515,fk_qslstm,ema,test,1000249,7,-0.7159330248832703,-0.7501084208488464,-0.7584667801856995,True
1710807515,fk_qslstm,ema,test,1000249,8,-0.12237206101417542,-0.6735100150108337,-0.678720235824585,True
1710807515,fk_qslstm,ema,test,1000249,9,-0.7989539504051208,-1.0181803703308105,-1.0256917476654053,True
1710807515,fk_qslstm,ema,test,1000249,10,-0.05374740809202194,-0.8467927575111389,-0.8545721173286438,True
1710807515,fk_qslstm,ema,test,1000249,11,0.3055957853794098,-0.4940766990184784,-0.49941110610961914,True
1710807515,fk_qslstm,ema,test,1000249,12,-0.07836736738681793,-0.4422817826271057,-0.4456424117088318,True
1710807515,fk_qslstm,ema,test,1000249,13,-0.8314449191093445,-0.8526923656463623,-0.8608918786048889,True
1710807515,fk_qslstm,ema,test,1000249,14,-0.34624016284942627,-0.8898980021476746,-0.898571789264679,True
1710807515,fk_qslstm,ema,test,1000249,15,0.13623039424419403,-0.6301801800727844,-0.6351278424263,True
1710807515,fk_qslstm,ema,test,1000249,16,0.11768490076065063,-0.4335331916809082,-0.43689417839050293,True
1710807515,fk_qslstm,ema,test,1000249,17,-0.1342843919992447,-0.4273971915245056,-0.4286060929298401,True
1710807515,fk_qslstm,ema,test,1000249,18,-0.8726293444633484,-0.8654953837394714,-0.8710218071937561,True
1710807515,fk_qslstm,ema,test,1000249,19,-0.5785571932792664,-1.039530634880066,-1.0477256774902344,True
1710807515,fk_qslstm,ema,test,1000249,20,0.5426509380340576,-0.5060339570045471,-0.507401168346405,True
1710807515,fk_qslstm,ema,test,1000249,21,0.7890805602073669,0.0686211958527565,0.06507256627082825,True
1710807515,fk_qslstm,ema,test,1000249,22,-0.3194182813167572,-0.13675400614738464,-0.1351531744003296,True
1710807515,fk_qslstm,ema,test,1000249,23,-0.3514544367790222,-0.3202758729457855,-0.31727784872055054,True
1710807515,fk_qslstm,ema,test,1000249,24,-0.6300233006477356,-0.6342346668243408,-0.634349524974823,True
1710807515,fk_qslstm,ema,test,1000249,25,0.9240705370903015,0.04705457761883736,0.045907825231552124,True
1710807515,fk_qslstm,ema,test,1000249,26,0.36290207505226135,0.2553848922252655,0.25144585967063904,True
1710807515,fk_qslstm,ema,test,1000249,27,0.1858258992433548,0.3158034682273865,0.3096848428249359,True
1710807515,fk_qslstm,ema,test,1000249,28,-0.2869698703289032,0.08046083897352219,0.07834631204605103,True
1710807515,fk_qslstm,ema,test,1000249,29,0.39555254578590393,0.3017002046108246,0.297622948884964,True
1710807515,fk_qslstm,ema,test,1000249,30,0.07139837741851807,0.28419917821884155,0.28180041909217834,True
1710807515,fk_qslstm,ema,test,1000249,31,-0.20996637642383575,0.10137952864170074,0.10274751484394073,True
1710807515,fk_qslstm,ema,test,1000250,0,-0.40419289469718933,-0.24251574277877808,-0.24028867483139038,True
1710807515,fk_qslstm,ema,test,1000250,1,0.9168358445167542,0.35608890652656555,0.3440310060977936,True
1710807515,fk_qslstm,ema,test,1000250,2,-0.9669836163520813,-0.2953190207481384,-0.297835111618042,True
1710807515,fk_qslstm,ema,test,1000250,3,-0.5969816446304321,-0.594444215297699,-0.6014959812164307,True
1710807515,fk_qslstm,ema,test,1000250,4,-0.5908920764923096,-0.8300906419754028,-0.8383212685585022,True
1710807515,fk_qslstm,ema,test,1000250,5,0.03883298859000206,-0.6407727003097534,-0.64354008436203,True
1710807515,fk_qslstm,ema,test,1000250,6,-0.1192425861954689,-0.5841637253761292,-0.5835319757461548,True
1710807515,fk_qslstm,ema,test,1000250,7,-0.8536979556083679,-0.979549765586853,-0.9829474091529846,True
1710807515,fk_qslstm,ema,test,1000250,8,0.41482701897621155,-0.53474360704422,-0.534654438495636,True
1710807515,fk_qslstm,ema,test,1000250,9,0.2265911102294922,-0.29184019565582275,-0.2929334044456482,True
1710807515,fk_qslstm,ema,test,1000250,10,0.4158365726470947,0.016029782593250275,0.011193901300430298,True
1710807515,fk_qslstm,ema,test,1000250,11,0.5083160400390625,0.3178134560585022,0.31076931953430176,True
1710807515,fk_qslstm,ema,test,1000250,12,0.3244338631629944,0.44891107082366943,0.4413432776927948,True
1710807515,fk_qslstm,ema,test,1000250,13,-0.8328343033790588,-0.140571728348732,-0.14464259147644043,True
1710807515,fk_qslstm,ema,test,1000250,14,-0.1158597320318222,-0.18197321891784668,-0.18258345127105713,True
1710807515,fk_qslstm,ema,test,1000250,15,0.42756161093711853,0.11095839738845825,0.10950765013694763,True
1710807515,fk_qslstm,ema,test,1000250,16,0.15394079685211182,0.18113119900226593,0.17970222234725952,True
1710807515,fk_qslstm,ema,test,1000250,17,0.024009142071008682,0.159310445189476,0.15877974033355713,True
1710807515,fk_qslstm,ema,test,1000250,18,-0.15943989157676697,0.03178441524505615,0.03475490212440491,True
1710807515,fk_qslstm,ema,test,1000250,19,0.9536058902740479,0.5975911021232605,0.5988202691078186,True
1710807515,fk_qslstm,ema,test,1000250,20,0.19418126344680786,0.5945816040039062,0.5920970439910889,True
1710807515,fk_qslstm,ema,test,1000250,21,-0.18228980898857117,0.3662914037704468,0.36238205432891846,True
1710807515,fk_qslstm,ema,test,1000250,22,-0.48879748582839966,-0.00024536321870982647,-0.0016015172004699707,True
1710807515,fk_qslstm,ema,test,1000250,23,0.662449836730957,0.39727360010147095,0.39585644006729126,True
1710807515,fk_qslstm,ema,test,1000250,24,0.3218744099140167,0.5109435319900513,0.5098735094070435,True
1710807515,fk_qslstm,ema,test,1000250,25,-0.2073211371898651,0.28436213731765747,0.28424760699272156,True
1710807515,fk_qslstm,ema,test,1000250,26,0.04493573307991028,0.2544511556625366,0.25497931241989136,True
1710807515,fk_qslstm,ema,test,1000250,27,-0.9121644496917725,-0.34373775124549866,-0.339521586894989,True
1710807515,fk_qslstm,ema,test,1000250,28,-0.9331211447715759,-0.8348628878593445,-0.8354116082191467,True
1710807515,fk_qslstm,ema,test,1000250,29,-0.4175735414028168,-0.9184344410896301,-0.9185157418251038,True
1710807515,fk_qslstm,ema,test,1000250,30,0.2035004049539566,-0.612647294998169,-0.6086291670799255,True
1710807515,fk_qslstm,ema,test,1000250,31,0.466869980096817,-0.209995836019516,-0.2063201665878296,True
1710807515,fk_qslstm,ema,test,1000251,0,-0.6267672181129456,-0.3760603070259094,-0.37309378385543823,True
1710807515,fk_qslstm,ema,test,1000251,1,0.759945809841156,0.15511922538280487,0.14679133892059326,True
1710807515,fk_qslstm,ema,test,1000251,2,0.051738470792770386,0.15513846278190613,0.14936493337154388,True
1710807515,fk_qslstm,ema,test,1000251,3,0.8263214826583862,0.6199036836624146,0.6154168844223022,True
1710807515,fk_qslstm,ema,test,1000251,4,-0.6349047422409058,0.11498007923364639,0.11268816888332367,True
1710807515,fk_qslstm,ema,test,1000251,5,0.7832292318344116,0.5619215965270996,0.5598076581954956,True
1710807515,fk_qslstm,ema,test,1000251,6,-0.9290564656257629,-0.10789661109447479,-0.10259747505187988,True
1710807515,fk_qslstm,ema,test,1000251,7,0.49122917652130127,0.20842021703720093,0.20966452360153198,True
1710807515,fk_qslstm,ema,test,1000251,8,0.12661030888557434,0.24270236492156982,0.24583756923675537,True
1710807515,fk_qslstm,ema,test,1000251,9,-0.1519487500190735,0.10299263894557953,0.10901731252670288,True
1710807515,fk_qslstm,ema,test,1000251,10,-0.9614837169647217,-0.49449610710144043,-0.4869265556335449,True
1710807515,fk_qslstm,ema,test,1000251,11,0.511324942111969,-0.08880192786455154,-0.08139920234680176,True
1710807515,fk_qslstm,ema,test,1000251,12,-0.008949733339250088,-0.07641138136386871,-0.06668823957443237,True
1710807515,fk_qslstm,ema,test,1000251,13,-0.16501453518867493,-0.1601378172636032,-0.14931172132492065,True
1710807515,fk_qslstm,ema,test,1000251,14,0.3917461633682251,0.10693744570016861,0.11255303025245667,True
1710807515,fk_qslstm,ema,test,1000251,15,-0.7783774733543396,-0.3814765512943268,-0.3762078285217285,True
1710807515,fk_qslstm,ema,test,1000251,16,-0.6441836357116699,-0.6916913986206055,-0.6925980448722839,True
1710807515,fk_qslstm,ema,test,1000251,17,0.837817370891571,-0.050662703812122345,-0.048350781202316284,True
1710807515,fk_qslstm,ema,test,1000251,18,0.6563369035720825,0.3532719910144806,0.3531544804573059,True
1710807515,fk_qslstm,ema,test,1000251,19,0.36653462052345276,0.5025383830070496,0.4998752772808075,True
1710807515,fk_qslstm,ema,test,1000251,20,-0.32999736070632935,0.20403225719928741,0.202652245759964,True
1710807515,fk_qslstm,ema,test,1000251,21,0.37687796354293823,0.38935258984565735,0.38626012206077576,True
1710807515,fk_qslstm,ema,test,1000251,22,-0.4030587375164032,0.06964682042598724,0.07115906476974487,True
1710807515,fk_qslstm,ema,test,1000251,23,-0.3732708692550659,-0.1682450771331787,-0.163460373878479,True
1710807515,fk_qslstm,ema,test,1000251,24,-0.4203942120075226,-0.386832594871521,-0.37976890802383423,True
1710807515,fk_qslstm,ema,test,1000251,25,-0.6100694537162781,-0.6755077242851257,-0.6719228029251099,True
1710807515,fk_qslstm,ema,test,1000251,26,-0.7579649090766907,-0.995185136795044,-0.9961331486701965,True
1710807515,fk_qslstm,ema,test,1000251,27,0.46657779812812805,-0.5162014365196228,-0.5133587718009949,True
1710807515,fk_qslstm,ema,test,1000251,28,-0.2871316075325012,-0.5852401256561279,-0.5832594037055969,True
1710807515,fk_qslstm,ema,test,1000251,29,0.6748776435852051,-0.06326550990343094,-0.06214088201522827,True
1710807515,fk_qslstm,ema,test,1000251,30,0.8230433464050293,0.4432135820388794,0.4418168365955353,True
1710807515,fk_qslstm,ema,test,1000251,31,0.032214608043432236,0.3738996386528015,0.37047725915908813,True
1710807515,fk_qslstm,ema,test,1000252,0,-0.7548553943634033,-0.4529132544994354,-0.44788163900375366,True
1710807515,fk_qslstm,ema,test,1000252,1,-0.874943196773529,-0.8872964978218079,-0.894801676273346,True
1710807515,fk_qslstm,ema,test,1000252,2,0.606245756149292,-0.34608978033065796,-0.35014235973358154,True
1710807515,fk_qslstm,ema,test,1000252,3,0.3444822132587433,-0.07018249481916428,-0.07123354077339172,True
1710807515,fk_qslstm,ema,test,1000252,4,0.447157084941864,0.2121482640504837,0.21018290519714355,True
1710807515,fk_qslstm,ema,test,1000252,5,-0.5921602845191956,-0.18557757139205933,-0.18259504437446594,True
1710807515,fk_qslstm,ema,test,1000252,6,0.4770514667034149,0.13776881992816925,0.13805942237377167,True
1710807515,fk_qslstm,ema,test,1000252,7,-0.23897799849510193,-0.033171746879816055,-0.02658611536026001,True
1710807515,fk_qslstm,ema,test,1000252,8,0.9728935360908508,0.557198703289032,0.5590775012969971,True
1710807515,fk_qslstm,ema,test,1000252,9,0.8925766944885254,0.9813050031661987,0.9870847463607788,True
1710807515,fk_qslstm,ema,test,1000252,10,-0.3057660758495331,0.6015843749046326,0.5991343259811401,True
1710807515,fk_qslstm,ema,test,1000252,11,0.050576310604810715,0.5116132497787476,0.5056223273277283,True
1710807515,fk_qslstm,ema,test,1000252,12,-0.10167068243026733,0.3482882082462311,0.34331125020980835,True
1710807515,fk_qslstm,ema,test,1000252,13,-0.23086558282375336,0.14011122286319733,0.13905060291290283,True
1710807515,fk_qslstm,ema,test,1000252,14,-0.4044761657714844,-0.13059672713279724,-0.1271149218082428,True
1710807515,fk_qslstm,ema,test,1000252,15,-0.4391807019710541,-0.3679858148097992,-0.3622739911079407,True
1710807515,fk_qslstm,ema,test,1000252,16,0.4774472117424011,-0.00792031642049551,-0.004816234111785889,True
1710807515,fk_qslstm,ema,test,1000252,17,-0.011880253441631794,-0.013464405201375484,-0.009211957454681396,True
1710807515,fk_qslstm,ema,test,1000252,18,0.34967881441116333,0.19903576374053955,0.19846215844154358,True
1710807515,fk_qslstm,ema,test,1000252,19,0.966770350933075,0.7392908334732056,0.739829957485199,True
1710807515,fk_qslstm,ema,test,1000252,20,-0.8211679458618164,0.09873190522193909,0.09626904129981995,True
1710807515,fk_qslstm,ema,test,1000252,21,0.18113873898983002,0.18766877055168152,0.1811904013156891,True
1710807515,fk_qslstm,ema,test,1000252,22,0.3323872685432434,0.34956738352775574,0.34357649087905884,True
1710807515,fk_qslstm,ema,test,1000252,23,-0.42689603567123413,0.023516273126006126,0.021922320127487183,True
1710807515,fk_qslstm,ema,test,1000252,24,-0.8363497257232666,-0.48299679160118103,-0.4860958456993103,True
1710807515,fk_qslstm,ema,test,1000252,25,0.903164803981781,0.15550145506858826,0.1516004204750061,True
1710807515,fk_qslstm,ema,test,1000252,26,-0.15740294754505157,0.02995939739048481,0.03147444128990173,True
1710807515,fk_qslstm,ema,test,1000252,27,0.8033646941184998,0.5059863328933716,0.505406379699707,True
1710807515,fk_qslstm,ema,test,1000252,28,-0.7981463670730591,-0.07409875839948654,-0.07292234897613525,True
1710807515,fk_qslstm,ema,test,1000252,29,-0.5327160358428955,-0.378908634185791,-0.37944573163986206,True
1710807515,fk_qslstm,ema,test,1000252,30,0.558864176273346,0.03219158574938774,0.03104308247566223,True
1710807515,fk_qslstm,ema,test,1000252,31,0.012809892185032368,0.03343920409679413,0.0345228910446167,True
1710807515,fk_qslstm,ema,test,1000253,0,0.8465102314949036,0.5079061388969421,0.5005348920822144,True
1710807515,fk_qslstm,ema,test,1000253,1,-0.1948794573545456,0.2893972396850586,0.29668840765953064,True
1710807515,fk_qslstm,ema,test,1000253,2,-0.7625149488449097,-0.22599118947982788,-0.22484856843948364,True
1710807515,fk_qslstm,ema,test,1000253,3,0.18966898322105408,-0.06699156016111374,-0.07006943225860596,True
1710807515,fk_qslstm,ema,test,1000253,4,-0.10455606877803802,-0.11632689088582993,-0.11599066853523254,True
1710807515,fk_qslstm,ema,test,1000253,5,-0.11173111200332642,-0.16010017693042755,-0.15799778699874878,True
1710807515,fk_qslstm,ema,test,1000253,6,0.28182581067085266,0.04101534187793732,0.039600640535354614,True
1710807515,fk_qslstm,ema,test,1000253,7,-0.5238134860992432,-0.28147584199905396,-0.2807338237762451,True
1710807515,fk_qslstm,ema,test,1000253,8,0.9109470248222351,0.32138755917549133,0.3166373670101166,True
1710807515,fk_qslstm,ema,test,1000253,9,-0.41934871673583984,0.005500802304595709,0.00445064902305603,True
1710807515,fk_qslstm,ema,test,1000253,10,-0.26743587851524353,-0.15606088936328888,-0.15589642524719238,True
1710807515,fk_qslstm,ema,test,1000253,11,0.7433083653450012,0.3211362957954407,0.3190261125564575,True
1710807515,fk_qslstm,ema,test,1000253,12,-0.8286240696907043,-0.24026541411876678,-0.2392767071723938,True
1710807515,fk_qslstm,ema,test,1000253,13,-0.986224353313446,-0.7839469313621521,-0.7867831587791443,True
1710807515,fk_qslstm,ema,test,1000253,14,-0.6567592024803162,-1.0212130546569824,-1.026273488998413,True
1710807515,fk_qslstm,ema,test,1000253,15,0.6361161470413208,-0.4353007674217224,-0.4312724471092224,True
1710807515,fk_qslstm,ema,test,1000253,16,-0.9688019752502441,-0.9295217990875244,-0.9282788634300232,True
1710807515,fk_qslstm,ema,test,1000253,17,-0.3400014042854309,-0.947618305683136,-0.9505303502082825,True
1710807515,fk_qslstm,ema,test,1000253,18,0.6863451600074768,-0.3462875187397003,-0.33970195055007935,True
1710807515,fk_qslstm,ema,test,1000253,19,0.6510254144668579,0.1135852187871933,0.11713200807571411,True
1710807515,fk_qslstm,ema,test,1000253,20,0.15658386051654816,0.18481849133968353,0.1870897114276886,True
1710807515,fk_qslstm,ema,test,1000253,21,-0.1657819002866745,0.04838564619421959,0.05355989933013916,True
1710807515,fk_qslstm,ema,test,1000253,22,0.12597382068634033,0.11429281532764435,0.11854015290737152,True
1710807515,fk_qslstm,ema,test,1000253,23,-0.8518238663673401,-0.4196600615978241,-0.41497355699539185,True
1710807515,fk_qslstm,ema,test,1000253,24,0.9713807106018066,0.2471003532409668,0.2455514669418335,True
1710807515,fk_qslstm,ema,test,1000253,25,0.013805445283651352,0.20596355199813843,0.2061200886964798,True
1710807515,fk_qslstm,ema,test,1000253,26,0.29404953122138977,0.3412005603313446,0.33823299407958984,True
1710807515,fk_qslstm,ema,test,1000253,27,-0.2930375039577484,0.0971379429101944,0.09818805754184723,True
1710807515,fk_qslstm,ema,test,1000253,28,-0.7335765361785889,-0.36243557929992676,-0.3620525598526001,True
1710807515,fk_qslstm,ema,test,1000253,29,0.8680474162101746,0.2308799922466278,0.22909283638000488,True
1710807515,fk_qslstm,ema,test,1000253,30,0.22370395064353943,0.3189263641834259,0.316842645406723,True
1710807515,fk_qslstm,ema,test,1000253,31,-0.9236158132553101,-0.2990283966064453,-0.29750847816467285,True
1710807515,fk_qslstm,ema,test,1000254,0,0.5003933310508728,0.3002359867095947,0.2998823821544647,True
1710807515,fk_qslstm,ema,test,1000254,1,-0.8252125382423401,-0.2549387216567993,-0.23991429805755615,True
1710807515,fk_qslstm,ema,test,1000254,2,0.14682883024215698,-0.1158536896109581,-0.11376005411148071,True
1710807515,fk_qslstm,ema,test,1000254,3,-0.8617581725120544,-0.6097378730773926,-0.6102362275123596,True
1710807515,fk_qslstm,ema,test,1000254,4,0.7356694936752319,-0.04638860374689102,-0.04607149958610535,True
1710807515,fk_qslstm,ema,test,1000254,5,-0.1633109748363495,-0.135097473859787,-0.13010507822036743,True
1710807515,fk_qslstm,ema,test,1000254,6,-0.3623351454734802,-0.32547906041145325,-0.319847047328949,True
1710807515,fk_qslstm,ema,test,1000254,7,0.5868262052536011,0.09171245992183685,0.09353749454021454,True
1710807515,fk_qslstm,ema,test,1000254,8,0.04038915038108826,0.0976034551858902,0.09981288015842438,True
1710807515,fk_qslstm,ema,test,1000254,9,-0.32162216305732727,-0.11489053070545197,-0.11033150553703308,True
1710807515,fk_qslstm,ema,test,1000254,10,0.11506665498018265,-0.022872434929013252,-0.020022690296173096,True
1710807515,fk_qslstm,ema,test,1000254,11,-0.13087649643421173,-0.09682384133338928,-0.091397225856781,True
1710807515,fk_qslstm,ema,test,1000254,12,-0.8735504746437073,-0.6015893816947937,-0.599332869052887,True
1710807515,fk_qslstm,ema,test,1000254,13,0.896055281162262,0.05636170133948326,0.05712762475013733,True
1710807515,fk_qslstm,ema,test,1000254,14,0.5518189072608948,0.3761806786060333,0.37500327825546265,True
1710807515,fk_qslstm,ema,test,1000254,15,0.39181751012802124,0.5360350608825684,0.5329010486602783,True
1710807515,fk_qslstm,ema,test,1000254,16,0.8220282196998596,0.9220449924468994,0.9252583384513855,True
1710807515,fk_qslstm,ema,test,1000254,17,0.28223878145217896,0.9069792628288269,0.9082973599433899,True
1710807515,fk_qslstm,ema,test,1000254,18,0.4872983396053314,1.0179623365402222,1.0215890407562256,True
1710807515,fk_qslstm,ema,test,1000254,19,-0.22765004634857178,0.6777799129486084,0.6770743131637573,True
1710807515,fk_qslstm,ema,test,1000254,20,0.8312233686447144,1.0409579277038574,1.047335147857666,True
1710807515,fk_qslstm,ema,test,1000254,21,0.5706125497817993,1.1751338243484497,1.1802632808685303,True
1710807515,fk_qslstm,ema,test,1000254,22,-0.36273571848869324,0.7224656939506531,0.7247675061225891,True
1710807515,fk_qslstm,ema,test,1000254,23,0.7539772987365723,1.030358910560608,1.0398409366607666,True
1710807515,fk_qslstm,ema,test,1000254,24,-0.5721855759620667,0.48097577691078186,0.4804895222187042,True
1710807515,fk_qslstm,ema,test,1000254,25,-0.8135514855384827,-0.10335028171539307,-0.106757253408432,True
1710807515,fk_qslstm,ema,test,1000254,26,-0.15843921899795532,-0.17774374783039093,-0.17746371030807495,True
1710807515,fk_qslstm,ema,test,1000254,27,0.6068575978279114,0.22191953659057617,0.2207445204257965,True
1710807515,fk_qslstm,ema,test,1000254,28,-0.20248070359230042,0.05604720860719681,0.05843178927898407,True
1710807515,fk_qslstm,ema,test,1000254,29,-0.3474828600883484,-0.1636519432067871,-0.15926969051361084,True
1710807515,fk_qslstm,ema,test,1000254,30,-0.4633612334728241,-0.40893828868865967,-0.40400946140289307,True
1710807515,fk_qslstm,ema,test,1000254,31,-0.19329050183296204,-0.4431249499320984,-0.4365849494934082,True
1710807515,fk_qslstm,ema,test,1000255,0,-0.7618646025657654,-0.45711877942085266,-0.45190948247909546,True
1710807515,fk_qslstm,ema,test,1000255,1,0.19541199505329132,-0.24844782054424286,-0.2548976540565491,True
1710807515,fk_qslstm,ema,test,1000255,2,-0.32100701332092285,-0.3913624584674835,-0.39557212591171265,True
1710807515,fk_qslstm,ema,test,1000255,3,-0.5284581780433655,-0.6301648616790771,-0.6351702809333801,True
1710807515,fk_qslstm,ema,test,1000255,4,0.5164871215820312,-0.19423964619636536,-0.19415715336799622,True
1710807515,fk_qslstm,ema,test,1000255,5,0.9686514735221863,0.425799161195755,0.4210681617259979,True
1710807515,fk_qslstm,ema,test,1000255,6,0.9508903622627258,0.9111735224723816,0.9095736145973206,True
1710807515,fk_qslstm,ema,test,1000255,7,-0.8744770884513855,0.20425260066986084,0.20100098848342896,True
1710807515,fk_qslstm,ema,test,1000255,8,0.6025499105453491,0.5249320268630981,0.5197978019714355,True
1710807515,fk_qslstm,ema,test,1000255,9,-0.6530166864395142,0.02813558280467987,0.025489091873168945,True
1710807515,fk_qslstm,ema,test,1000255,10,0.5190083980560303,0.33391350507736206,0.328570157289505,True
1710807515,fk_qslstm,ema,test,1000255,11,0.20421919226646423,0.38966232538223267,0.3857085108757019,True
1710807515,fk_qslstm,ema,test,1000255,12,-0.06602709740400314,0.2721135914325714,0.27015551924705505,True
1710807515,fk_qslstm,ema,test,1000255,13,-0.5661671161651611,-0.12200940400362015,-0.12092205882072449,True
1710807515,fk_qslstm,ema,test,1000255,14,-0.7131662368774414,-0.5255072712898254,-0.5268105864524841,True
1710807515,fk_qslstm,ema,test,1000255,15,0.5993529558181763,-0.06079404428601265,-0.060269564390182495,True
1710807515,fk_qslstm,ema,test,1000255,16,0.94471275806427,0.5181924104690552,0.5161359906196594,True
1710807515,fk_qslstm,ema,test,1000255,17,-0.5114997029304504,0.10765410959720612,0.10480256378650665,True
1710807515,fk_qslstm,ema,test,1000255,18,-0.6605052947998047,-0.3101798892021179,-0.3148196339607239,True
1710807515,fk_qslstm,ema,test,1000255,19,0.446058452129364,0.019491152837872505,0.013468623161315918,True
1710807515,fk_qslstm,ema,test,1000255,20,0.0808107778429985,0.0640793889760971,0.060132041573524475,True
1710807515,fk_qslstm,ema,test,1000255,21,0.22668126225471497,0.18727226555347443,0.18154434859752655,True
1710807515,fk_qslstm,ema,test,1000255,22,-0.7169874906539917,-0.2803747057914734,-0.2840595841407776,True
1710807515,fk_qslstm,ema,test,1000255,23,0.5499582290649414,0.10567519068717957,0.09963423013687134,True
1710807515,fk_qslstm,ema,test,1000255,24,0.878740668296814,0.6117845177650452,0.6082918643951416,True
1710807515,fk_qslstm,ema,test,1000255,25,0.294524610042572,0.6661424040794373,0.6605154275894165,True
1710807515,fk_qslstm,ema,test,1000255,26,-0.6763855814933777,0.12708255648612976,0.11964009702205658,True
1710807515,fk_qslstm,ema,test,1000255,27,0.37337827682495117,0.3256930112838745,0.3167279064655304,True
1710807515,fk_qslstm,ema,test,1000255,28,0.9533200860023499,0.8325464725494385,0.830464780330658,True
1710807515,fk_qslstm,ema,test,1000255,29,-0.429191529750824,0.40852224826812744,0.4006957411766052,True
1710807515,fk_qslstm,ema,test,1000255,30,0.9670891165733337,0.9070712924003601,0.9035069942474365,True
1710807515,fk_qslstm,ema,test,1000255,31,0.1356746107339859,0.8070617914199829,0.7997695207595825,True
1710807515,fk_qslstm,ema,test,1000256,0,-0.13798940181732178,-0.08279364556074142,-0.08113700151443481,True
1710807515,fk_qslstm,ema,test,1000256,1,-0.5730500221252441,-0.4100649356842041,-0.40822774171829224,True
1710807515,fk_qslstm,ema,test,1000256,2,-0.8103570342063904,-0.8142662048339844,-0.8260141015052795,True
1710807515,fk_qslstm,ema,test,1000256,3,0.22612708806991577,-0.5157366991043091,-0.5233455300331116,True
1710807515,fk_qslstm,ema,test,1000256,4,-0.8002512454986572,-0.8927401304244995,-0.9037699103355408,True
1710807515,fk_qslstm,ema,test,1000256,5,-0.38647767901420593,-0.9460787177085876,-0.9579358696937561,True
1710807515,fk_qslstm,ema,test,1000256,6,0.3009578585624695,-0.5762882232666016,-0.5818665623664856,True
1710807515,fk_qslstm,ema,test,1000256,7,-0.08650259673595428,-0.5129321217536926,-0.5153634548187256,True
1710807515,fk_qslstm,ema,test,1000256,8,-0.639245331287384,-0.7938929200172424,-0.800403892993927,True
1710807515,fk_qslstm,ema,test,1000256,9,-0.633362889289856,-1.0151320695877075,-1.0242855548858643,True
1710807515,fk_qslstm,ema,test,1000256,10,-0.5984862446784973,-1.1711974143981934,-1.1795189380645752,True
1710807515,fk_qslstm,ema,test,1000256,11,0.3766167461872101,-0.7109878659248352,-0.7177487015724182,True
1710807515,fk_qslstm,ema,test,1000256,12,-0.12572038173675537,-0.6442224979400635,-0.6502698659896851,True
1710807515,fk_qslstm,ema,test,1000256,13,-0.7257429957389832,-0.9508237838745117,-0.9611946940422058,True
1710807515,fk_qslstm,ema,test,1000256,14,-0.7244176864624023,-1.1953096389770508,-1.2038464546203613,True
1710807515,fk_qslstm,ema,test,1000256,15,0.886417806148529,-0.4243970215320587,-0.4241483807563782,True
1710807515,fk_qslstm,ema,test,1000256,16,-0.8017243146896362,-0.8205522298812866,-0.8270536065101624,True
1710807515,fk_qslstm,ema,test,1000256,17,-0.272103875875473,-0.8197041153907776,-0.8277121186256409,True
1710807515,fk_qslstm,ema,test,1000256,18,-0.9187549352645874,-1.2070162296295166,-1.208920955657959,True
1710807515,fk_qslstm,ema,test,1000256,19,0.4039262533187866,-0.7232572436332703,-0.7245073914527893,True
1710807515,fk_qslstm,ema,test,1000256,20,0.676241934299469,-0.17286063730716705,-0.17177623510360718,True
1710807515,fk_qslstm,ema,test,1000256,21,0.04361659288406372,-0.11211855709552765,-0.10877078771591187,True
1710807515,fk_qslstm,ema,test,1000256,22,0.7486422657966614,0.3594905138015747,0.35999611020088196,True
1710807515,fk_qslstm,ema,test,1000256,23,-0.3759837746620178,0.06200214475393295,0.06666028499603271,True
1710807515,fk_qslstm,ema,test,1000256,24,-0.41566920280456543,-0.1997998058795929,-0.19374528527259827,True
1710807515,fk_qslstm,ema,test,1000256,25,-0.46917805075645447,-0.441346675157547,-0.4346749186515808,True
1710807515,fk_qslstm,ema,test,1000256,26,-0.8745743036270142,-0.8778219223022461,-0.8761330246925354,True
1710807515,fk_qslstm,ema,test,1000256,27,0.5374276041984558,-0.3798009753227234,-0.3737694025039673,True
1710807515,fk_qslstm,ema,test,1000256,28,-0.3012391924858093,-0.4845843017101288,-0.4780774712562561,True
1710807515,fk_qslstm,ema,test,1000256,29,0.07717515528202057,-0.3413623571395874,-0.3366619944572449,True
1710807515,fk_qslstm,ema,test,1000256,30,0.9165264964103699,0.27682602405548096,0.27522435784339905,True
1710807515,fk_qslstm,ema,test,1000256,31,-0.7597517371177673,-0.2343902289867401,-0.23430746793746948,True
1710807515,fk_qslstm,ema,test,1000257,0,0.11018402874469757,0.06611041724681854,0.06662517786026001,True
1710807515,fk_qslstm,ema,test,1000257,1,0.29547473788261414,0.23017318546772003,0.22727292776107788,True
1710807515,fk_qslstm,ema,test,1000257,2,0.9130600094795227,0.7319745421409607,0.72481369972229,True
1710807515,fk_qslstm,ema,test,1000257,3,-0.312359482049942,0.39816394448280334,0.3897859454154968,True
1710807515,fk_qslstm,ema,test,1000257,4,0.9868046045303345,0.9106138944625854,0.9061417579650879,True
1710807515,fk_qslstm,ema,test,1000257,5,-0.41124069690704346,0.48174670338630676,0.4709085524082184,True
1710807515,fk_qslstm,ema,test,1000257,6,-0.7906535267829895,-0.08899474143981934,-0.09997117519378662,True
1710807515,fk_qslstm,ema,test,1000257,7,0.9492368102073669,0.4983462691307068,0.4863831698894501,True
1710807515,fk_qslstm,ema,test,1000257,8,-0.33375269174575806,0.19842541217803955,0.19002526998519897,True
1710807515,fk_qslstm,ema,test,1000257,9,-0.7608889937400818,-0.29779303073883057,-0.3060876727104187,True
1710807515,fk_qslstm,ema,test,1000257,10,0.7665586471557617,0.2217007726430893,0.21322792768478394,True
1710807515,fk_qslstm,ema,test,1000257,11,0.9388156533241272,0.7406499981880188,0.7366326451301575,True
1710807515,fk_qslstm,ema,test,1000257,12,0.9980297088623047,1.1913378238677979,1.1852929592132568,True
1710807515,fk_qslstm,ema,test,1000257,13,-0.06234341487288475,0.9156642556190491,0.9069238305091858,True
1710807515,fk_qslstm,ema,test,1000257,14,-0.28501197695732117,0.5615242123603821,0.5481979250907898,True
1710807515,fk_qslstm,ema,test,1000257,15,-0.19080521166324615,0.3347362279891968,0.3208087682723999,True
1710807515,fk_qslstm,ema,test,1000257,16,0.08351270854473114,0.31789660453796387,0.30579420924186707,True
1710807515,fk_qslstm,ema,test,1000257,17,0.8845351338386536,0.7850383520126343,0.7805861234664917,True
1710807515,fk_qslstm,ema,test,1000257,18,-0.3475141227245331,0.419522225856781,0.41102153062820435,True
1710807515,fk_qslstm,ema,test,1000257,19,0.9719998240470886,0.9188176989555359,0.9150377511978149,True
1710807515,fk_qslstm,ema,test,1000257,20,-0.5320302248001099,0.41583600640296936,0.40459686517715454,True
1710807515,fk_qslstm,ema,test,1000257,21,-0.37597891688346863,0.10708145052194595,0.09654614329338074,True
1710807515,fk_qslstm,ema,test,1000257,22,-0.8570973873138428,-0.4285932779312134,-0.437255859375,True
1710807515,fk_qslstm,ema,test,1000257,23,0.5318091511726379,-0.023789122700691223,-0.031019002199172974,True
1710807515,fk_qslstm,ema,test,1000257,24,0.23303797841072083,0.1207914873957634,0.11421534419059753,True
1710807515,fk_qslstm,ema,test,1000257,25,0.8953675627708435,0.6338537335395813,0.6283411979675293,True
1710807515,fk_qslstm,ema,test,1000257,26,0.12838232517242432,0.5841123461723328,0.5760393142700195,True
1710807515,fk_qslstm,ema,test,1000257,27,-0.054924655705690384,0.4343351125717163,0.4255783259868622,True
1710807515,fk_qslstm,ema,test,1000257,28,0.19397397339344025,0.4638524651527405,0.45594704151153564,True
1710807515,fk_qslstm,ema,test,1000257,29,0.0899004116654396,0.4250222146511078,0.41909536719322205,True
1710807515,fk_qslstm,ema,test,1000257,30,0.8043600916862488,0.8226338028907776,0.8243841528892517,True
1710807515,fk_qslstm,ema,test,1000257,31,-0.33968284726142883,0.45429736375808716,0.4524712860584259,True
1710807515,fk_qslstm,ema,test,1000258,0,0.6042113900184631,0.3625268340110779,0.36143264174461365,True
1710807515,fk_qslstm,ema,test,1000258,1,-0.24394670128822327,0.14365343749523163,0.15617874264717102,True
1710807515,fk_qslstm,ema,test,1000258,2,-0.17705115675926208,0.008692057803273201,0.014634370803833008,True
1710807515,fk_qslstm,ema,test,1000258,3,-0.16311167180538177,-0.09091335535049438,-0.08416381478309631,True
1710807515,fk_qslstm,ema,test,1000258,4,-0.45249849557876587,-0.3442297875881195,-0.3367995023727417,True
1710807515,fk_qslstm,ema,test,1000258,5,0.5984850525856018,0.08370719105005264,0.08706575632095337,True
1710807515,fk_qslstm,ema,test,1000258,6,0.10193172097206116,0.12812478840351105,0.13057973980903625,True
1710807515,fk_qslstm,ema,test,1000258,7,-0.23377858102321625,-0.03776732087135315,-0.033337146043777466,True
1710807515,fk_qslstm,ema,test,1000258,8,0.36039483547210693,0.1860230416059494,0.18623211979866028,True
1710807515,fk_qslstm,ema,test,1000258,9,-0.7302546501159668,-0.28933432698249817,-0.2878071069717407,True
1710807515,fk_qslstm,ema,test,1000258,10,-0.338469535112381,-0.4345491826534271,-0.43230563402175903,True
1710807515,fk_qslstm,ema,test,1000258,11,-0.10693510621786118,-0.41180041432380676,-0.4065902829170227,True
1710807515,fk_qslstm,ema,test,1000258,12,0.7643139362335205,0.12914805114269257,0.13122186064720154,True
1710807515,fk_qslstm,ema,test,1000258,13,0.492622971534729,0.39889222383499146,0.3979508876800537,True
1710807515,fk_qslstm,ema,test,1000258,14,-0.3518497049808502,0.10800394415855408,0.10840095579624176,True
1710807515,fk_qslstm,ema,test,1000258,15,-0.06075877323746681,0.049947891384363174,0.05098116397857666,True
1710807515,fk_qslstm,ema,test,1000258,16,0.5005147457122803,0.340267151594162,0.339573472738266,True
1710807515,fk_qslstm,ema,test,1000258,17,-0.7493114471435547,-0.17737314105033875,-0.1759180724620819,True
1710807515,fk_qslstm,ema,test,1000258,18,0.5693800449371338,0.19972950220108032,0.19739563763141632,True
1710807515,fk_qslstm,ema,test,1000258,19,0.41921693086624146,0.4113137722015381,0.40912926197052,True
1710807515,fk_qslstm,ema,test,1000258,20,-0.7364525198936462,-0.11282049119472504,-0.11331570148468018,True
1710807515,fk_qslstm,ema,test,1000258,21,-0.5129192471504211,-0.39800792932510376,-0.398528516292572,True
1710807515,fk_qslstm,ema,test,1000258,22,0.5251079201698303,-0.00334159005433321,-0.003863126039505005,True
1710807515,fk_qslstm,ema,test,1000258,23,0.9589459896087646,0.5726943016052246,0.5702919960021973,True
1710807515,fk_qslstm,ema,test,1000258,24,-0.2647828757762909,0.29928573966026306,0.2948216199874878,True
1710807515,fk_qslstm,ema,test,1000258,25,0.6841369867324829,0.6499108076095581,0.64701247215271,True
1710807515,fk_qslstm,ema,test,1000258,26,0.4121983051300049,0.7672476172447205,0.7658722996711731,True
1710807515,fk_qslstm,ema,test,1000258,27,-0.8619867563247681,0.09660602360963821,0.0952378660440445,True
1710807515,fk_qslstm,ema,test,1000258,28,0.3872697651386261,0.30964669585227966,0.3059716820716858,True
1710807515,fk_qslstm,ema,test,1000258,29,0.08593962341547012,0.29928112030029297,0.29864194989204407,True
1710807515,fk_qslstm,ema,test,1000258,30,0.6324180960655212,0.6188757419586182,0.6210383176803589,True
1710807515,fk_qslstm,ema,test,1000258,31,-0.3774924576282501,0.26860514283180237,0.2709352672100067,True
1710807515,fk_qslstm,ema,test,1000259,0,-0.553093671798706,-0.33185622096061707,-0.3293599486351013,True
1710807515,fk_qslstm,ema,test,1000259,1,0.5508536100387573,0.06502721458673477,0.0564192533493042,True
1710807515,fk_qslstm,ema,test,1000259,2,-0.5936830043792725,-0.3041880428791046,-0.31030499935150146,True
1710807515,fk_qslstm,ema,test,1000259,3,-0.8834286332130432,-0.7734076380729675,-0.7850493788719177,True
1710807515,fk_qslstm,ema,test,1000259,4,-0.5131005048751831,-0.926586389541626,-0.9383535981178284,True
1710807515,fk_qslstm,ema,test,1000259,5,0.8670976161956787,-0.22101055085659027,-0.22032183408737183,True
1710807515,fk_qslstm,ema,test,1000259,6,-0.6167923808097839,-0.5468838810920715,-0.5460540652275085,True
1710807515,fk_qslstm,ema,test,1000259,7,0.16994836926460266,-0.3355380594730377,-0.3353120684623718,True
1710807515,fk_qslstm,ema,test,1000259,8,0.31329214572906494,-0.08045516163110733,-0.08160680532455444,True
1710807515,fk_qslstm,ema,test,1000259,9,-0.3730740547180176,-0.28820857405662537,-0.28610140085220337,True
1710807515,fk_qslstm,ema,test,1000259,10,0.7506633996963501,0.219831183552742,0.21838264167308807,True
1710807515,fk_qslstm,ema,test,1000259,11,-0.2891733944416046,0.002360902726650238,0.005406469106674194,True
1710807515,fk_qslstm,ema,test,1000259,12,0.29555949568748474,0.17922443151474,0.17749077081680298,True
1710807515,fk_qslstm,ema,test,1000259,13,-0.5391302108764648,-0.18009859323501587,-0.17863476276397705,True
1710807515,fk_qslstm,ema,test,1000259,14,0.5589353442192078,0.19128234684467316,0.18890011310577393,True
1710807515,fk_qslstm,ema,test,1000259,15,-0.19276568293571472,0.037366464734077454,0.039691656827926636,True
1710807515,fk_qslstm,ema,test,1000259,16,-0.6552566289901733,-0.36326080560684204,-0.362088143825531,True
1710807515,fk_qslstm,ema,test,1000259,17,0.5472967028617859,0.037769388407468796,0.03651595115661621,True
1710807515,fk_qslstm,ema,test,1000259,18,0.1279488354921341,0.10698480904102325,0.10607530176639557,True
1710807515,fk_qslstm,ema,test,1000259,19,-0.09997139871120453,0.025605009868741035,0.02654796838760376,True
1710807515,fk_qslstm,ema,test,1000259,20,0.4944826662540436,0.3171736001968384,0.3152376115322113,True
1710807515,fk_qslstm,ema,test,1000259,21,0.6215432286262512,0.6266648173332214,0.6271997690200806,True
1710807515,fk_qslstm,ema,test,1000259,22,0.3808826804161072,0.7298614382743835,0.7302564382553101,True
1710807515,fk_qslstm,ema,test,1000259,23,0.580328106880188,0.9320860505104065,0.9363429546356201,True
1710807515,fk_qslstm,ema,test,1000259,24,-0.4436666965484619,0.47946882247924805,0.4782702326774597,True
1710807515,fk_qslstm,ema,test,1000259,25,0.6872086524963379,0.7959002256393433,0.7997521162033081,True
1710807515,fk_qslstm,ema,test,1000259,26,0.14729827642440796,0.7250991463661194,0.7270363569259644,True
1710807515,fk_qslstm,ema,test,1000259,27,0.741767168045044,1.025139570236206,1.0325907468795776,True
1710807515,fk_qslstm,ema,test,1000259,28,-0.6228330731391907,0.4464118480682373,0.4471677243709564,True
1710807515,fk_qslstm,ema,test,1000259,29,-0.20877663791179657,0.23186349868774414,0.23217076063156128,True
1710807515,fk_qslstm,ema,test,1000259,30,0.945508599281311,0.7527959942817688,0.7572715878486633,True
1710807515,fk_qslstm,ema,test,1000259,31,0.21864238381385803,0.7334222197532654,0.733726978302002,True
1710807515,fk_qslstm,ema,test,1000260,0,0.6926712989807129,0.41560277342796326,0.4131532311439514,True
1710807515,fk_qslstm,ema,test,1000260,1,0.18577440083026886,0.44394686818122864,0.4498506784439087,True
1710807515,fk_qslstm,ema,test,1000260,2,-0.5451136827468872,0.028089266270399094,0.029003828763961792,True
1710807515,fk_qslstm,ema,test,1000260,3,0.918701171875,0.5736920833587646,0.5709717273712158,True
1710807515,fk_qslstm,ema,test,1000260,4,0.8151571750640869,0.9480479955673218,0.9512131810188293,True
1710807515,fk_qslstm,ema,test,1000260,5,-0.8778179883956909,0.2317476123571396,0.23239687085151672,True
1710807515,fk_qslstm,ema,test,1000260,6,-0.7060760855674744,-0.2382475584745407,-0.24030107259750366,True
1710807515,fk_qslstm,ema,test,1000260,7,-0.1292279064655304,-0.26813480257987976,-0.266144335269928,True
1710807515,fk_qslstm,ema,test,1000260,8,-0.5330848693847656,-0.5343587398529053,-0.53190016746521,True
1710807515,fk_qslstm,ema,test,1000260,9,0.859584391117096,0.0882636308670044,0.08870424330234528,True
1710807515,fk_qslstm,ema,test,1000260,10,-0.8797680735588074,-0.4572499394416809,-0.4545171856880188,True
1710807515,fk_qslstm,ema,test,1000260,11,0.7584563493728638,0.0892738401889801,0.08796507120132446,True
1710807515,fk_qslstm,ema,test,1000260,12,0.4756382405757904,0.3568020164966583,0.35388121008872986,True
1710807515,fk_qslstm,ema,test,1000260,13,-0.8442192077636719,-0.2210898995399475,-0.22160768508911133,True
1710807515,fk_qslstm,ema,test,1000260,14,0.13220205903053284,-0.09755069017410278,-0.09920576214790344,True
1710807515,fk_qslstm,ema,test,1000260,15,0.6753864288330078,0.3271913230419159,0.32499679923057556,True
1710807515,fk_qslstm,ema,test,1000260,16,0.7000967860221863,0.6818111538887024,0.6830272674560547,True
1710807515,fk_qslstm,ema,test,1000260,17,-0.4167330265045166,0.29540908336639404,0.2941577136516571,True
1710807515,fk_qslstm,ema,test,1000260,18,-0.7011173367500305,-0.1843431293964386,-0.18629419803619385,True
1710807515,fk_qslstm,ema,test,1000260,19,-0.5853065848350525,-0.4986584484577179,-0.5008655190467834,True
1710807515,fk_qslstm,ema,test,1000260,20,0.5118739008903503,-0.09180242568254471,-0.09263554215431213,True
1710807515,fk_qslstm,ema,test,1000260,21,0.4964796006679535,0.22444581985473633,0.22114108502864838,True
1710807515,fk_qslstm,ema,test,1000260,22,-0.04371542111039162,0.15332740545272827,0.15151441097259521,True
1710807515,fk_qslstm,ema,test,1000260,23,0.6862967610359192,0.5344399809837341,0.532970666885376,True
1710807515,fk_qslstm,ema,test,1000260,24,-0.30350008606910706,0.2454519420862198,0.24518170952796936,True
1710807515,fk_qslstm,ema,test,1000260,25,-0.3056129515171051,0.012993776239454746,0.015181005001068115,True
1710807515,fk_qslstm,ema,test,1000260,26,0.4555440843105316,0.2837214767932892,0.28383201360702515,True
1710807515,fk_qslstm,ema,test,1000260,27,0.8568026423454285,0.7410587668418884,0.7458096146583557,True
1710807515,fk_qslstm,ema,test,1000260,28,0.8893107771873474,1.1264334917068481,1.1323999166488647,True
1710807515,fk_qslstm,ema,test,1000260,29,-0.7647354006767273,0.4423055350780487,0.44291234016418457,True
1710807515,fk_qslstm,ema,test,1000260,30,-0.4365931451320648,0.09188853949308395,0.09044337272644043,True
1710807515,fk_qslstm,ema,test,1000260,31,0.4829467236995697,0.363278865814209,0.3603890538215637,True
1710807515,fk_qslstm,ema,test,1000261,0,0.5217564702033997,0.3130538761615753,0.31260111927986145,True
1710807515,fk_qslstm,ema,test,1000261,1,-0.9435194134712219,-0.315668523311615,-0.29632657766342163,True
1710807515,fk_qslstm,ema,test,1000261,2,-0.5619413256645203,-0.5896996259689331,-0.5852094292640686,True
1710807515,fk_qslstm,ema,test,1000261,3,0.772254467010498,-0.008407027460634708,-0.004151761531829834,True
1710807515,fk_qslstm,ema,test,1000261,4,-0.25166770815849304,-0.1577262431383133,-0.14922159910202026,True
1710807515,fk_qslstm,ema,test,1000261,5,0.6249195337295532,0.24877072870731354,0.2514186203479767,True
1710807515,fk_qslstm,ema,test,1000261,6,0.07263043522834778,0.2425948530435562,0.24492976069450378,True
1710807515,fk_qslstm,ema,test,1000261,7,-0.8238645195960999,-0.3002428412437439,-0.2977551817893982,True
1710807515,fk_qslstm,ema,test,1000261,8,-0.89949631690979,-0.7798920273780823,-0.782954752445221,True
1710807515,fk_qslstm,ema,test,1000261,9,0.6895946264266968,-0.2101568728685379,-0.2058442234992981,True
1710807515,fk_qslstm,ema,test,1000261,10,-0.7324958443641663,-0.6076230406761169,-0.6055455803871155,True
1710807515,fk_qslstm,ema,test,1000261,11,-0.6236792802810669,-0.8603059649467468,-0.8651279807090759,True
1710807515,fk_qslstm,ema,test,1000261,12,-0.3076012432575226,-0.8728055357933044,-0.8768648505210876,True
1710807515,fk_qslstm,ema,test,1000261,13,-0.5459878444671631,-1.0258371829986572,-1.0314998626708984,True
1710807515,fk_qslstm,ema,test,1000261,14,-0.6511908769607544,-1.2113842964172363,-1.2160792350769043,True
1710807515,fk_qslstm,ema,test,1000261,15,-0.09484900534152985,-1.0260168313980103,-1.035187005996704,True
1710807515,fk_qslstm,ema,test,1000261,16,-0.6965932250022888,-1.2387694120407104,-1.24790620803833,True
1710807515,fk_qslstm,ema,test,1000261,17,-0.9024158120155334,-1.5324649810791016,-1.5131568908691406,True
1710807515,fk_qslstm,ema,test,1000261,18,-0.8705541491508484,-1.7483044862747192,-1.6846773624420166,True
1710807515,fk_qslstm,ema,test,1000261,19,0.8998537659645081,-0.8587313294410706,-0.8673234581947327,True
1710807515,fk_qslstm,ema,test,1000261,20,0.07008132338523865,-0.6449362635612488,-0.6663171648979187,True
1710807515,fk_qslstm,ema,test,1000261,21,-0.3495841324329376,-0.7256994843482971,-0.7403437495231628,True
1710807515,fk_qslstm,ema,test,1000261,22,0.6737054586410522,-0.17633631825447083,-0.1735926866531372,True
1710807515,fk_qslstm,ema,test,1000261,23,0.6728787422180176,0.26265817880630493,0.26777175068855286,True
1710807515,fk_qslstm,ema,test,1000261,24,0.7609106302261353,0.666672945022583,0.6744993925094604,True
1710807515,fk_qslstm,ema,test,1000261,25,-0.602645754814148,0.17175090312957764,0.1787402480840683,True
1710807515,fk_qslstm,ema,test,1000261,26,0.15019235014915466,0.22751612961292267,0.23222458362579346,True
1710807515,fk_qslstm,ema,test,1000261,27,0.24120421707630157,0.3267354369163513,0.3317398428916931,True
1710807515,fk_qslstm,ema,test,1000261,28,0.36913231015205383,0.4828677177429199,0.48731881380081177,True
1710807515,fk_qslstm,ema,test,1000261,29,0.9042713046073914,0.9288569688796997,0.9386438727378845,True
1710807515,fk_qslstm,ema,test,1000261,30,0.9812356233596802,1.33182692527771,1.3279612064361572,True
1710807515,fk_qslstm,ema,test,1000261,31,-0.5978718400001526,0.7067384719848633,0.7064279317855835,True
1710807515,fk_qslstm,ema,test,1000262,0,-0.6351017355918884,-0.38106104731559753,-0.37801575660705566,True
1710807515,fk_qslstm,ema,test,1000262,1,0.3642406463623047,-0.0863044485449791,-0.0944775938987732,True
1710807515,fk_qslstm,ema,test,1000262,2,0.4314808249473572,0.18984493613243103,0.17829197645187378,True
1710807515,fk_qslstm,ema,test,1000262,3,-0.5373161435127258,-0.17051374912261963,-0.17502844333648682,True
1710807515,fk_qslstm,ema,test,1000262,4,-0.5537407398223877,-0.46865543723106384,-0.47255462408065796,True
1710807515,fk_qslstm,ema,test,1000262,5,0.3355883061885834,-0.17357137799263,-0.17521190643310547,True
1710807515,fk_qslstm,ema,test,1000262,6,0.7872338891029358,0.3334832191467285,0.3305976092815399,True
1710807515,fk_qslstm,ema,test,1000262,7,-0.26078084111213684,0.11031807959079742,0.11095497012138367,True
1710807515,fk_qslstm,ema,test,1000262,8,-0.20896781980991364,-0.03712622821331024,-0.034362345933914185,True
1710807515,fk_qslstm,ema,test,1000262,9,0.8840628862380981,0.5007367730140686,0.5018349885940552,True
1710807515,fk_qslstm,ema,test,1000262,10,-0.8381402492523193,-0.10229472815990448,-0.09926575422286987,True
1710807515,fk_qslstm,ema,test,1000262,11,0.0735383927822113,-0.03771274909377098,-0.03718298673629761,True
1710807515,fk_qslstm,ema,test,1000262,12,0.8034981489181519,0.45192867517471313,0.4522358179092407,True
1710807515,fk_qslstm,ema,test,1000262,13,-0.08197667449712753,0.31235694885253906,0.3125556409358978,True
1710807515,fk_qslstm,ema,test,1000262,14,-0.36519452929496765,0.03076883964240551,0.03292727470397949,True
1710807515,fk_qslstm,ema,test,1000262,15,0.5839783549308777,0.37500208616256714,0.3754192590713501,True
1710807515,fk_qslstm,ema,test,1000262,16,-0.48434165120124817,0.00939667597413063,0.013229906558990479,True
1710807515,fk_qslstm,ema,test,1000262,17,-0.9552193880081177,-0.5656142830848694,-0.5631592869758606,True
1710807515,fk_qslstm,ema,test,1000262,18,0.7465909123420715,-0.004536868073046207,6.252527236938477e-05,True
1710807515,fk_qslstm,ema,test,1000262,19,-0.5158278942108154,-0.31312623620033264,-0.3048970103263855,True
1710807515,fk_qslstm,ema,test,1000262,20,0.28620630502700806,-0.07877720892429352,-0.07536181807518005,True
1710807515,fk_qslstm,ema,test,1000262,21,-0.05210083723068237,-0.09428226947784424,-0.08908864855766296,True
1710807515,fk_qslstm,ema,test,1000262,22,-0.23893901705741882,-0.2187892198562622,-0.21178865432739258,True
1710807515,fk_qslstm,ema,test,1000262,23,0.12985634803771973,-0.09711756557226181,-0.09242755174636841,True
1710807515,fk_qslstm,ema,test,1000262,24,0.5235587358474731,0.2364412099123001,0.23669037222862244,True
1710807515,fk_qslstm,ema,test,1000262,25,-0.2791057229042053,0.021689528599381447,0.0250052809715271,True
1710807515,fk_qslstm,ema,test,1000262,26,-0.5501732230186462,-0.31275230646133423,-0.30982452630996704,True
1710807515,fk_qslstm,ema,test,1000262,27,0.9454845786094666,0.31708890199661255,0.3143121302127838,True
1710807515,fk_qslstm,ema,test,1000262,28,-0.7953715920448303,-0.22355183959007263,-0.22345304489135742,True
1710807515,fk_qslstm,ema,test,1000262,29,-0.46257176995277405,-0.456384539604187,-0.4584009051322937,True
1710807515,fk_qslstm,ema,test,1000262,30,-0.1643609255552292,-0.46372416615486145,-0.462402880191803,True
1710807515,fk_qslstm,ema,test,1000262,31,-0.45914360880851746,-0.6464654803276062,-0.6457120776176453,True
1710807515,fk_qslstm,ema,test,1000263,0,-0.601067304611206,-0.36064037680625916,-0.35788047313690186,True
1710807515,fk_qslstm,ema,test,1000263,1,0.24933472275733948,-0.13891147077083588,-0.146479070186615,True
1710807515,fk_qslstm,ema,test,1000263,2,-0.027724089100956917,-0.12776362895965576,-0.13373017311096191,True
1710807515,fk_qslstm,ema,test,1000263,3,0.6866657137870789,0.3097885251045227,0.3031946122646332,True
1710807515,fk_qslstm,ema,test,1000263,4,-0.9253708720207214,-0.3073916733264923,-0.30608242750167847,True
1710807515,fk_qslstm,ema,test,1000263,5,0.15782122313976288,-0.15122061967849731,-0.1499551236629486,True
1710807515,fk_qslstm,ema,test,1000263,6,-0.022900395095348358,-0.13471673429012299,-0.12937909364700317,True
1710807515,fk_qslstm,ema,test,1000263,7,0.45209217071533203,0.1634819209575653,0.1651318073272705,True
1710807515,fk_qslstm,ema,test,1000263,8,0.23726658523082733,0.27314549684524536,0.27321016788482666,True
1710807515,fk_qslstm,ema,test,1000263,9,0.4488648474216461,0.4878352880477905,0.4868568480014801,True
1710807515,fk_qslstm,ema,test,1000263,10,0.3439041078090668,0.5966107249259949,0.5956388115882874,True
1710807515,fk_qslstm,ema,test,1000263,11,-0.42259684205055237,0.22373045980930328,0.22327867150306702,True
1710807515,fk_qslstm,ema,test,1000263,12,-0.8684766888618469,-0.3421016335487366,-0.34184515476226807,True
1710807515,fk_qslstm,ema,test,1000263,13,-0.12316390126943588,-0.3475796580314636,-0.34263837337493896,True
1710807515,fk_qslstm,ema,test,1000263,14,0.29236388206481934,-0.1026453971862793,-0.09797325730323792,True
1710807515,fk_qslstm,ema,test,1000263,15,0.6177406311035156,0.28852808475494385,0.28990474343299866,True
1710807515,fk_qslstm,ema,test,1000263,16,-0.6687768697738647,-0.17044368386268616,-0.16753077507019043,True
1710807515,fk_qslstm,ema,test,1000263,17,0.1517229974269867,-0.04532114416360855,-0.045330822467803955,True
1710807515,fk_qslstm,ema,test,1000263,18,-0.8646901249885559,-0.5550709962844849,-0.5553950071334839,True
1710807515,fk_qslstm,ema,test,1000263,19,0.39052435755729675,-0.20974218845367432,-0.2105516791343689,True
1710807515,fk_qslstm,ema,test,1000263,20,-0.3313879668712616,-0.3666265308856964,-0.36372750997543335,True
1710807515,fk_qslstm,ema,test,1000263,21,0.36583685874938965,-0.07379910349845886,-0.07474511861801147,True
1710807515,fk_qslstm,ema,test,1000263,22,-0.4799122214317322,-0.3469865918159485,-0.3457123637199402,True
1710807515,fk_qslstm,ema,test,1000263,23,0.705298900604248,0.14559006690979004,0.14308634400367737,True
1710807515,fk_qslstm,ema,test,1000263,24,-0.6722617149353027,-0.28688499331474304,-0.286914587020874,True
1710807515,fk_qslstm,ema,test,1000263,25,-0.6865049004554749,-0.6414109468460083,-0.6473693251609802,True
1710807515,fk_qslstm,ema,test,1000263,26,-0.7384922504425049,-0.9562240839004517,-0.9655007719993591,True
1710807515,fk_qslstm,ema,test,1000263,27,0.31520047783851624,-0.575859010219574,-0.581097424030304,True
1710807515,fk_qslstm,ema,test,1000263,28,0.3184574842453003,-0.26961269974708557,-0.27562737464904785,True
1710807515,fk_qslstm,ema,test,1000263,29,0.3191911578178406,-0.024175483733415604,-0.03294229507446289,True
1710807515,fk_qslstm,ema,test,1000263,30,0.3469775319099426,0.18884612619876862,0.17788153886795044,True
1710807515,fk_qslstm,ema,test,1000263,31,0.7160482406616211,0.5807058215141296,0.5724344253540039,True
1710807515,fk_qslstm,ema,test,1000264,0,0.8875971436500549,0.5325583219528198,0.5231533646583557,True
1710807515,fk_qslstm,ema,test,1000264,1,-0.8764224648475647,-0.09980683028697968,-0.08529087901115417,True
1710807515,fk_qslstm,ema,test,1000264,2,0.9853147864341736,0.5113434195518494,0.5085651874542236,True
1710807515,fk_qslstm,ema,test,1000264,3,-0.9108365178108215,-0.1374271959066391,-0.13634774088859558,True
1710807515,fk_qslstm,ema,test,1000264,4,-0.7773275375366211,-0.5763382911682129,-0.5823409557342529,True
1710807515,fk_qslstm,ema,test,1000264,5,0.9361202716827393,0.10060154646635056,0.09384021162986755,True
1710807515,fk_qslstm,ema,test,1000264,6,-0.6504599452018738,-0.30979475378990173,-0.31266558170318604,True
1710807515,fk_qslstm,ema,test,1000264,7,0.4317462146282196,0.011211943812668324,0.003784269094467163,True
1710807515,fk_qslstm,ema,test,1000264,8,0.12739329040050507,0.08540552854537964,0.07910043001174927,True
1710807515,fk_qslstm,ema,test,1000264,9,-0.480516254901886,-0.21998533606529236,-0.2229229211807251,True
1710807515,fk_qslstm,ema,test,1000264,10,-0.20607934892177582,-0.2996358871459961,-0.299625039100647,True
1710807515,fk_qslstm,ema,test,1000264,11,0.07144887000322342,-0.19683937728405,-0.1960005760192871,True
1710807515,fk_qslstm,ema,test,1000264,12,-0.8716532588005066,-0.6804634928703308,-0.6825886368751526,True
1710807515,fk_qslstm,ema,test,1000264,13,-0.4491296112537384,-0.8138485550880432,-0.8184463381767273,True
1710807515,fk_qslstm,ema,test,1000264,14,0.30067911744117737,-0.4706713855266571,-0.4720267057418823,True
1710807515,fk_qslstm,ema,test,1000264,15,0.017678529024124146,-0.3659299910068512,-0.3668174147605896,True
1710807515,fk_qslstm,ema,test,1000264,16,-0.05551163852214813,-0.3260509669780731,-0.32634615898132324,True
1710807515,fk_qslstm,ema,test,1000264,17,0.3487533628940582,-0.0515887551009655,-0.055522650480270386,True
1710807515,fk_qslstm,ema,test,1000264,18,-0.41670042276382446,-0.2912912666797638,-0.2922237515449524,True
1710807515,fk_qslstm,ema,test,1000264,19,-0.07043704390525818,-0.275295227766037,-0.27552396059036255,True
1710807515,fk_qslstm,ema,test,1000264,20,0.1736738085746765,-0.11603190004825592,-0.11780574917793274,True
1710807515,fk_qslstm,ema,test,1000264,21,0.10147427022457123,-0.03194095566868782,-0.03483054041862488,True
1710807515,fk_qslstm,ema,test,1000264,22,-0.6469922065734863,-0.4137480854988098,-0.417072594165802,True
1710807515,fk_qslstm,ema,test,1000264,23,-0.9248911738395691,-0.8859331607818604,-0.8929057717323303,True
1710807515,fk_qslstm,ema,test,1000264,24,-0.9597201943397522,-1.2845786809921265,-1.2798008918762207,True
1710807515,fk_qslstm,ema,test,1000264,25,-0.17542630434036255,-1.1329187154769897,-1.1354331970214844,True
1710807515,fk_qslstm,ema,test,1000264,26,-0.6936284899711609,-1.3225120306015015,-1.3246405124664307,True
1710807515,fk_qslstm,ema,test,1000264,27,-0.46025681495666504,-1.334163784980774,-1.3397548198699951,True
1710807515,fk_qslstm,ema,test,1000264,28,0.005940616596490145,-1.063766598701477,-1.0808825492858887,True
1710807515,fk_qslstm,ema,test,1000264,29,-0.7793627977371216,-1.3186309337615967,-1.3315465450286865,True
1710807515,fk_qslstm,ema,test,1000264,30,0.8269056081771851,-0.5587614178657532,-0.5633081793785095,True
1710807515,fk_qslstm,ema,test,1000264,31,0.14554807543754578,-0.35968029499053955,-0.35945427417755127,True
1710807515,fk_qslstm,ema,test,1000265,0,0.3950355350971222,0.2370213121175766,0.23692694306373596,True
1710807515,fk_qslstm,ema,test,1000265,1,-0.1114591658115387,0.12274155020713806,0.1313883364200592,True
1710807515,fk_qslstm,ema,test,1000265,2,0.8221161365509033,0.5914629101753235,0.5918131470680237,True
1710807515,fk_qslstm,ema,test,1000265,3,0.08442644029855728,0.5238261818885803,0.52168208360672,True
1710807515,fk_qslstm,ema,test,1000265,4,-0.8669990301132202,-0.10113844275474548,-0.10166564583778381,True
1710807515,fk_qslstm,ema,test,1000265,5,-0.6699557900428772,-0.4828842282295227,-0.4856613874435425,True
1710807515,fk_qslstm,ema,test,1000265,6,0.19214995205402374,-0.2710174024105072,-0.27059733867645264,True
1710807515,fk_qslstm,ema,test,1000265,7,-0.6073155403137207,-0.5812032222747803,-0.5815135836601257,True
1710807515,fk_qslstm,ema,test,1000265,8,-0.9789351224899292,-1.0523236989974976,-1.052699327468872,True
1710807515,fk_qslstm,ema,test,1000265,9,-0.4534797668457031,-1.113946795463562,-1.1157405376434326,True
1710807515,fk_qslstm,ema,test,1000265,10,0.5052550435066223,-0.5880044102668762,-0.5858985781669617,True
1710807515,fk_qslstm,ema,test,1000265,11,0.35342732071876526,-0.25834712386131287,-0.25784415006637573,True
1710807515,fk_qslstm,ema,test,1000265,12,-0.12506480515003204,-0.28171658515930176,-0.27880847454071045,True
1710807515,fk_qslstm,ema,test,1000265,13,-0.5987790822982788,-0.5846407413482666,-0.5844454169273376,True
1710807515,fk_qslstm,ema,test,1000265,14,0.7157750129699707,-0.03824756294488907,-0.0370478630065918,True
1710807515,fk_qslstm,ema,test,1000265,15,0.11914748698472977,0.040890440344810486,0.04198393225669861,True
1710807515,fk_qslstm,ema,test,1000265,16,0.7374032735824585,0.475154310464859,0.4740626811981201,True
1710807515,fk_qslstm,ema,test,1000265,17,0.686392605304718,0.7919589877128601,0.7951245307922363,True
1710807515,fk_qslstm,ema,test,1000265,18,-0.9340876340866089,0.07311464101076126,0.0787101536989212,True
1710807515,fk_qslstm,ema,test,1000265,19,0.4788459241390228,0.3457992672920227,0.3470282256603241,True
1710807515,fk_qslstm,ema,test,1000265,20,0.5985602736473083,0.6357755661010742,0.6406282782554626,True
1710807515,fk_qslstm,ema,test,1000265,21,0.02281852625310421,0.5223115682601929,0.5249074697494507,True
1710807515,fk_qslstm,ema,test,1000265,22,0.8063065409660339,0.9016332030296326,0.9101697206497192,True
1710807515,fk_qslstm,ema,test,1000265,23,-0.48126983642578125,0.43254464864730835,0.43467986583709717,True
1710807515,fk_qslstm,ema,test,1000265,24,-0.35178807377815247,0.13496287167072296,0.13703519105911255,True
1710807515,fk_qslstm,ema,test,1000265,25,-0.3754028081893921,-0.11727137863636017,-0.11094316840171814,True
1710807515,fk_qslstm,ema,test,1000265,26,0.14017099142074585,-0.009714513085782528,-0.003835916519165039,True
1710807515,fk_qslstm,ema,test,1000265,27,-0.744318425655365,-0.4543626606464386,-0.4496140480041504,True
1710807515,fk_qslstm,ema,test,1000265,28,0.39999356865882874,-0.1234939768910408,-0.12145090103149414,True
1710807515,fk_qslstm,ema,test,1000265,29,-0.8908212184906006,-0.6332879066467285,-0.6322959661483765,True
1710807515,fk_qslstm,ema,test,1000265,30,-0.9005783200263977,-1.0469772815704346,-1.049900770187378,True
1710807515,fk_qslstm,ema,test,1000265,31,-0.28898945450782776,-1.0109754800796509,-1.01491379737854,True
1710807515,fk_qslstm,ema,test,1000266,0,0.2950403690338135,0.1770242154598236,0.17705261707305908,True
1710807515,fk_qslstm,ema,test,1000266,1,0.9759823083877563,0.7272087335586548,0.7263809442520142,True
1710807515,fk_qslstm,ema,test,1000266,2,-0.23592807352542877,0.44021016359329224,0.43177276849746704,True
1710807515,fk_qslstm,ema,test,1000266,3,0.35172295570373535,0.563201904296875,0.5532209873199463,True
1710807515,fk_qslstm,ema,test,1000266,4,-0.7709486484527588,-0.01200768630951643,-0.019290030002593994,True
1710807515,fk_qslstm,ema,test,1000266,5,0.30489954352378845,0.1733335703611374,0.1650269627571106,True
1710807515,fk_qslstm,ema,test,1000266,6,0.4205237329006195,0.39098110795021057,0.3846270740032196,True
1710807515,fk_qslstm,ema,test,1000266,7,0.007182235363870859,0.31709420680999756,0.31291937828063965,True
1710807515,fk_qslstm,ema,test,1000266,8,-0.8598223924636841,-0.26221808791160583,-0.26333534717559814,True
1710807515,fk_qslstm,ema,test,1000266,9,0.3986646831035614,0.029424354434013367,0.027328431606292725,True
1710807515,fk_qslstm,ema,test,1000266,10,0.7877633571624756,0.49619749188423157,0.49595192074775696,True
1710807515,fk_qslstm,ema,test,1000266,11,0.9952922463417053,0.9941333532333374,0.9968488812446594,True
1710807515,fk_qslstm,ema,test,1000266,12,-0.6643039584159851,0.39672428369522095,0.390377938747406,True
1710807515,fk_qslstm,ema,test,1000266,13,0.620995044708252,0.6899764537811279,0.6850999593734741,True
1710807515,fk_qslstm,ema,test,1000266,14,-0.5447537302970886,0.2251289039850235,0.2190951108932495,True
1710807515,fk_qslstm,ema,test,1000266,15,0.7270447015762329,0.6163299679756165,0.6123965382575989,True
1710807515,fk_qslstm,ema,test,1000266,16,0.1440000832080841,0.5794640183448792,0.5752227306365967,True
1710807515,fk_qslstm,ema,test,1000266,17,0.8824832439422607,0.9930611252784729,0.9954342842102051,True
1710807515,fk_qslstm,ema,test,1000266,18,-0.8966455459594727,0.25646156072616577,0.2585224211215973,True
1710807515,fk_qslstm,ema,test,1000266,19,0.1098165363073349,0.27105915546417236,0.2705518901348114,True
1710807515,fk_qslstm,ema,test,1000266,20,-0.2392444759607315,0.07330065220594406,0.07792308926582336,True
1710807515,fk_qslstm,ema,test,1000266,21,-0.20014680922031403,-0.061447568237781525,-0.053495556116104126,True
1710807515,fk_qslstm,ema,test,1000266,22,0.6029859185218811,0.3126335144042969,0.3178824484348297,True
1710807515,fk_qslstm,ema,test,1000266,23,0.5336861610412598,0.5703185200691223,0.5755754113197327,True
1710807515,fk_qslstm,ema,test,1000266,24,0.29168805480003357,0.6312676668167114,0.6342807412147522,True
1710807515,fk_qslstm,ema,test,1000266,25,0.2850193679332733,0.6760257482528687,0.6778033971786499,True
1710807515,fk_qslstm,ema,test,1000266,26,-0.5912701487541199,0.18605852127075195,0.18604983389377594,True
1710807515,fk_qslstm,ema,test,1000266,27,-0.2719520330429077,-0.01432440523058176,-0.010601043701171875,True
1710807515,fk_qslstm,ema,test,1000266,28,0.080338254570961,0.03674342855811119,0.04237523674964905,True
1710807515,fk_qslstm,ema,test,1000266,29,-0.3013358414173126,-0.15140675008296967,-0.14156031608581543,True
1710807515,fk_qslstm,ema,test,1000266,30,0.8262687921524048,0.37463587522506714,0.3806791305541992,True
1710807515,fk_qslstm,ema,test,1000266,31,0.46163418889045715,0.5766892433166504,0.5813474655151367,True
1710807515,fk_qslstm,ema,test,1000267,0,0.2975093126296997,0.17850558459758759,0.17853054404258728,True
1710807515,fk_qslstm,ema,test,1000267,1,0.23773758113384247,0.28544700145721436,0.2862003445625305,True
1710807515,fk_qslstm,ema,test,1000267,2,0.9643429517745972,0.8069633841514587,0.802873969078064,True
1710807515,fk_qslstm,ema,test,1000267,3,-0.07810968160629272,0.5987049341201782,0.5903186798095703,True
1710807515,fk_qslstm,ema,test,1000267,4,0.7676892280578613,0.9395774602890015,0.9382630586624146,True
1710807515,fk_qslstm,ema,test,1000267,5,0.8838316202163696,1.2819609642028809,1.2767395973205566,True
1710807515,fk_qslstm,ema,test,1000267,6,-0.4560369849205017,0.7519465684890747,0.7479907274246216,True
1710807515,fk_qslstm,ema,test,1000267,7,0.9127945899963379,1.1492340564727783,1.1524567604064941,True
1710807515,fk_qslstm,ema,test,1000267,8,0.7436122894287109,1.3655545711517334,1.3579823970794678,True
1710807515,fk_qslstm,ema,test,1000267,9,-0.9598913192749023,0.5165088772773743,0.5294803380966187,True
1710807515,fk_qslstm,ema,test,1000267,10,0.06923017650842667,0.45474523305892944,0.46295496821403503,True
1710807515,fk_qslstm,ema,test,1000267,11,-0.4103472828865051,0.11758781224489212,0.12214034795761108,True
1710807515,fk_qslstm,ema,test,1000267,12,-0.41488751769065857,-0.15486225485801697,-0.1502501368522644,True
1710807515,fk_qslstm,ema,test,1000267,13,-0.008644595742225647,-0.12907655537128448,-0.12446010112762451,True
1710807515,fk_qslstm,ema,test,1000267,14,0.1330060213804245,-0.023457635194063187,-0.020948052406311035,True
1710807515,fk_qslstm,ema,test,1000267,15,-0.16026534140110016,-0.114925317466259,-0.11070084571838379,True
1710807515,fk_qslstm,ema,test,1000267,16,0.28496062755584717,0.07903611660003662,0.07870402932167053,True
1710807515,fk_qslstm,ema,test,1000267,17,-0.9259018898010254,-0.4923122525215149,-0.49097907543182373,True
1710807515,fk_qslstm,ema,test,1000267,18,-0.3866671919822693,-0.6258501410484314,-0.6256480813026428,True
1710807515,fk_qslstm,ema,test,1000267,19,0.8160871267318726,-0.011027833446860313,-0.00879448652267456,True
1710807515,fk_qslstm,ema,test,1000267,20,0.8774002194404602,0.5176178216934204,0.5177320241928101,True
1710807515,fk_qslstm,ema,test,1000267,21,0.9289382696151733,0.9714572429656982,0.9745314121246338,True
1710807515,fk_qslstm,ema,test,1000267,22,-0.31409239768981934,0.5887103080749512,0.5832756757736206,True
1710807515,fk_qslstm,ema,test,1000267,23,-0.08905773609876633,0.41753363609313965,0.40905502438545227,True
1710807515,fk_qslstm,ema,test,1000267,24,0.7184019684791565,0.7650681138038635,0.7635111212730408,True
1710807515,fk_qslstm,ema,test,1000267,25,-0.6567497849464417,0.21800458431243896,0.2130594551563263,True
1710807515,fk_qslstm,ema,test,1000267,26,-0.3049357831478119,-0.008557790890336037,-0.011058777570724487,True
1710807515,fk_qslstm,ema,test,1000267,27,0.31198421120643616,0.18034429848194122,0.17735326290130615,True
1710807515,fk_qslstm,ema,test,1000267,28,-0.8610027432441711,-0.37232622504234314,-0.37238889932632446,True
1710807515,fk_qslstm,ema,test,1000267,29,-0.5090165138244629,-0.6032708883285522,-0.6050829291343689,True
1710807515,fk_qslstm,ema,test,1000267,30,-0.7928006649017334,-0.958297073841095,-0.9631114602088928,True
1710807515,fk_qslstm,ema,test,1000267,31,0.5852141380310059,-0.4155091941356659,-0.4132564663887024,True
1710807515,fk_qslstm,ema,test,1000268,0,0.5140911340713501,0.308454692363739,0.308040052652359,True
1710807515,fk_qslstm,ema,test,1000268,1,0.5865986943244934,0.5987229943275452,0.6041110157966614,True
1710807515,fk_qslstm,ema,test,1000268,2,-0.566545307636261,0.1390511840581894,0.1388363242149353,True
1710807515,fk_qslstm,ema,test,1000268,3,0.9491764307022095,0.6807467937469482,0.6781147122383118,True
1710807515,fk_qslstm,ema,test,1000268,4,-0.040377866476774216,0.5203707218170166,0.5146830677986145,True
1710807515,fk_qslstm,ema,test,1000268,5,0.13043341040611267,0.49455663561820984,0.48722362518310547,True
1710807515,fk_qslstm,ema,test,1000268,6,0.30136898159980774,0.5764666795730591,0.5703384876251221,True
1710807515,fk_qslstm,ema,test,1000268,7,0.7855215668678284,0.9324862957000732,0.9346120953559875,True
1710807515,fk_qslstm,ema,test,1000268,8,0.3354979455471039,0.9472877979278564,0.9491434693336487,True
1710807515,fk_qslstm,ema,test,1000268,9,0.4346211850643158,1.018602967262268,1.0223822593688965,True
1710807515,fk_qslstm,ema,test,1000268,10,-0.8875730037689209,0.28233855962753296,0.28585726022720337,True
1710807515,fk_qslstm,ema,test,1000268,11,-0.5291571021080017,-0.09162338823080063,-0.08766669034957886,True
1710807515,fk_qslstm,ema,test,1000268,12,0.707746148109436,0.35134899616241455,0.35498863458633423,True
1710807515,fk_qslstm,ema,test,1000268,13,-0.7353379130363464,-0.1601235419511795,-0.1541844606399536,True
1710807515,fk_qslstm,ema,test,1000268,14,0.3849601745605469,0.10287725925445557,0.10359294712543488,True
1710807515,fk_qslstm,ema,test,1000268,15,0.8272196054458618,0.5786336064338684,0.5810742378234863,True
1710807515,fk_qslstm,ema,test,1000268,16,-0.7597928047180176,0.0070311762392520905,0.008840113878250122,True
1710807515,fk_qslstm,ema,test,1000268,17,0.6060025691986084,0.36922648549079895,0.3669149875640869,True
1710807515,fk_qslstm,ema,test,1000268,18,-0.2769293487071991,0.12922357022762299,0.13175100088119507,True
1710807515,fk_qslstm,ema,test,1000268,19,-0.9509493708610535,-0.46719077229499817,-0.46369296312332153,True
1710807515,fk_qslstm,ema,test,1000268,20,-0.13669897615909576,-0.4557719826698303,-0.4491780400276184,True
1710807515,fk_qslstm,ema,test,1000268,21,0.8505322933197021,0.1457017958164215,0.1506437361240387,True
1710807515,fk_qslstm,ema,test,1000268,22,0.9698380827903748,0.6984642744064331,0.7022684812545776,True
1710807515,fk_qslstm,ema,test,1000268,23,-0.3160257339477539,0.36915600299835205,0.3669038712978363,True
1710807515,fk_qslstm,ema,test,1000268,24,-0.19944122433662415,0.17566005885601044,0.1730024367570877,True
1710807515,fk_qslstm,ema,test,1000268,25,0.5819216966629028,0.48968106508255005,0.4877545237541199,True
1710807515,fk_qslstm,ema,test,1000268,26,-0.7424801588058472,-0.05374325066804886,-0.0538402795791626,True
1710807515,fk_qslstm,ema,test,1000268,27,0.7996702194213867,0.4368075132369995,0.4344288110733032,True
1710807515,fk_qslstm,ema,test,1000268,28,-0.025280073285102844,0.3342779576778412,0.3335716426372528,True
1710807515,fk_qslstm,ema,test,1000268,29,-0.16938571631908417,0.16579094529151917,0.16691264510154724,True
1710807515,fk_qslstm,ema,test,1000268,30,-0.1180211678147316,0.06182005628943443,0.06605830788612366,True
1710807515,fk_qslstm,ema,test,1000268,31,0.14901289343833923,0.13886378705501556,0.14256176352500916,True
1710807515,fk_qslstm,ema,test,1000269,0,0.34091633558273315,0.20454978942871094,0.20452100038528442,True
1710807515,fk_qslstm,ema,test,1000269,1,-0.33925971388816833,-0.03991599753499031,-0.02922418713569641,True
1710807515,fk_qslstm,ema,test,1000269,2,0.17822767794132233,0.07500381022691727,0.07473260164260864,True
1710807515,fk_qslstm,ema,test,1000269,3,0.004670880734920502,0.06280557811260223,0.06354543566703796,True
1710807515,fk_qslstm,ema,test,1000269,4,-0.6146281361579895,-0.31853240728378296,-0.3171154260635376,True
1710807515,fk_qslstm,ema,test,1000269,5,0.35983091592788696,-0.03892737999558449,-0.04017791152000427,True
1710807515,fk_qslstm,ema,test,1000269,6,-0.8672722578048706,-0.5515052676200867,-0.5524652004241943,True
1710807515,fk_qslstm,ema,test,1000269,7,-0.3078959286212921,-0.625941812992096,-0.6269632577896118,True
1710807515,fk_qslstm,ema,test,1000269,8,0.791106641292572,-0.02608945220708847,-0.024588167667388916,True
1710807515,fk_qslstm,ema,test,1000269,9,-0.3549281060695648,-0.23382842540740967,-0.22828513383865356,True
1710807515,fk_qslstm,ema,test,1000269,10,0.22476790845394135,-0.052201997488737106,-0.05146077275276184,True
1710807515,fk_qslstm,ema,test,1000269,11,-0.11140629649162292,-0.10860537737607956,-0.1055113673210144,True
1710807515,fk_qslstm,ema,test,1000269,12,0.36535027623176575,0.13232587277889252,0.13080309331417084,True
1710807515,fk_qslstm,ema,test,1000269,13,0.2740894854068756,0.27031436562538147,0.2666570842266083,True
1710807515,fk_qslstm,ema,test,1000269,14,0.8500692844390869,0.7262930870056152,0.7263637781143188,True
1710807515,fk_qslstm,ema,test,1000269,15,0.8784577250480652,1.1081091165542603,1.1111531257629395,True
1710807515,fk_qslstm,ema,test,1000269,16,0.24424861371517181,1.033036470413208,1.033954381942749,True
1710807515,fk_qslstm,ema,test,1000269,17,-0.08681125938892365,0.77434241771698,0.7722623348236084,True
1710807515,fk_qslstm,ema,test,1000269,18,0.9356010556221008,1.1808345317840576,1.1819958686828613,True
1710807515,fk_qslstm,ema,test,1000269,19,0.05940217897295952,0.9803089499473572,0.9789326786994934,True
1710807515,fk_qslstm,ema,test,1000269,20,0.5263321399688721,1.1000463962554932,1.1025826930999756,True
1710807515,fk_qslstm,ema,test,1000269,21,-0.4501744508743286,0.6099324822425842,0.6051101088523865,True
1710807515,fk_qslstm,ema,test,1000269,22,0.3326874375343323,0.6875584721565247,0.6817870736122131,True
1710807515,fk_qslstm,ema,test,1000269,23,-0.12654593586921692,0.4741192162036896,0.4664921164512634,True
1710807515,fk_qslstm,ema,test,1000269,24,-0.6998316049575806,-0.04060359299182892,-0.04779335856437683,True
1710807515,fk_qslstm,ema,test,1000269,25,0.06249238923192024,0.005012558773159981,2.586841583251953e-05,True
1710807515,fk_qslstm,ema,test,1000269,26,-0.8997901082038879,-0.535863995552063,-0.5386682152748108,True
1710807515,fk_qslstm,ema,test,1000269,27,-0.24630038440227509,-0.5764714479446411,-0.576800525188446,True
1710807515,fk_qslstm,ema,test,1000269,28,-0.27914783358573914,-0.6286658644676208,-0.6261225342750549,True
1710807515,fk_qslstm,ema,test,1000269,29,0.8843743205070496,0.0276919174939394,0.02957436442375183,True
1710807515,fk_qslstm,ema,test,1000269,30,-0.9483765363693237,-0.5468723773956299,-0.5421916246414185,True
1710807515,fk_qslstm,ema,test,1000269,31,-0.9600487947463989,-1.0135271549224854,-1.0137238502502441,True
1710807515,fk_qslstm,ema,test,1000270,0,0.5285772681236267,0.317146360874176,0.31665730476379395,True
1710807515,fk_qslstm,ema,test,1000270,1,0.5997578501701355,0.61357182264328,0.6194159984588623,True
1710807515,fk_qslstm,ema,test,1000270,2,0.4777557849884033,0.777510941028595,0.779024600982666,True
1710807515,fk_qslstm,ema,test,1000270,3,-0.2958831787109375,0.444478839635849,0.4419327974319458,True
1710807515,fk_qslstm,ema,test,1000270,4,-0.8942887783050537,-0.18099020421504974,-0.18166911602020264,True
1710807515,fk_qslstm,ema,test,1000270,5,0.8602117896080017,0.37133491039276123,0.3694571852684021,True
1710807515,fk_qslstm,ema,test,1000270,6,0.6772983074188232,0.7034469246864319,0.7064402103424072,True
1710807515,fk_qslstm,ema,test,1000270,7,0.319776713848114,0.754623532295227,0.7561215162277222,True
1710807515,fk_qslstm,ema,test,1000270,8,0.6897737383842468,1.0175631046295166,1.02378511428833,True
1710807515,fk_qslstm,ema,test,1000270,9,-0.40716004371643066,0.569754421710968,0.5701340436935425,True
1710807515,fk_qslstm,ema,test,1000270,10,-0.8560068011283875,-0.0578005276620388,-0.05793190002441406,True
1710807515,fk_qslstm,ema,test,1000270,11,0.1309906542301178,0.0323539674282074,0.0330042839050293,True
1710807515,fk_qslstm,ema,test,1000270,12,0.590329647064209,0.3800809681415558,0.38127249479293823,True
1710807515,fk_qslstm,ema,test,1000270,13,0.09487976133823395,0.3609926104545593,0.36179620027542114,True
1710807515,fk_qslstm,ema,test,1000270,14,-0.4637417495250702,0.01054905541241169,0.013608992099761963,True
1710807515,fk_qslstm,ema,test,1000270,15,-0.9532536268234253,-0.563512921333313,-0.5609246492385864,True
1710807515,fk_qslstm,ema,test,1000270,16,-0.1613757312297821,-0.5476357936859131,-0.5414447784423828,True
1710807515,fk_qslstm,ema,test,1000270,17,0.8596160411834717,0.07766098529100418,0.08340899646282196,True
1710807515,fk_qslstm,ema,test,1000270,18,-0.8638224005699158,-0.4561646580696106,-0.4493212103843689,True
1710807515,fk_qslstm,ema,test,1000270,19,-0.6462423801422119,-0.7526772022247314,-0.7539741396903992,True
1710807515,fk_qslstm,ema,test,1000270,20,0.6580227613449097,-0.20732809603214264,-0.20350104570388794,True
1710807515,fk_qslstm,ema,test,1000270,21,-0.006416583899408579,-0.16971242427825928,-0.1646268665790558,True
1710807515,fk_qslstm,ema,test,1000270,22,0.32657575607299805,0.060175519436597824,0.06002280116081238,True
1710807515,fk_qslstm,ema,test,1000270,23,0.7973778247833252,0.5265671014785767,0.5259674787521362,True
1710807515,fk_qslstm,ema,test,1000270,24,-0.47087886929512024,0.1387263685464859,0.13817739486694336,True
1710807515,fk_qslstm,ema,test,1000270,25,0.720130980014801,0.5430596470832825,0.5415412187576294,True
1710807515,fk_qslstm,ema,test,1000270,26,0.09723922610282898,0.4927912652492523,0.4905245900154114,True
1710807515,fk_qslstm,ema,test,1000270,27,0.1845838874578476,0.5049833655357361,0.5014506578445435,True
1710807515,fk_qslstm,ema,test,1000270,28,0.5679436326026917,0.7447528839111328,0.7457131147384644,True
1710807515,fk_qslstm,ema,test,1000270,29,-0.5615735650062561,0.2588581442832947,0.257610946893692,True
1710807515,fk_qslstm,ema,test,1000270,30,-0.8057202100753784,-0.2763456106185913,-0.2778741717338562,True
1710807515,fk_qslstm,ema,test,1000270,31,-0.7133307456970215,-0.649074912071228,-0.6533122062683105,True
1710807515,fk_qslstm,ema,test,1000271,0,0.34726834297180176,0.20836099982261658,0.2083248347043991,True
1710807515,fk_qslstm,ema,test,1000271,1,0.41672268509864807,0.4167224168777466,0.4172693192958832,True
1710807515,fk_qslstm,ema,test,1000271,2,0.0751776397228241,0.3784845173358917,0.3731541931629181,True
1710807515,fk_qslstm,ema,test,1000271,3,0.22063712775707245,0.43516987562179565,0.4292463958263397,True
1710807515,fk_qslstm,ema,test,1000271,4,0.9663557410240173,0.9279493689537048,0.9279623627662659,True
1710807515,fk_qslstm,ema,test,1000271,5,-0.09875746816396713,0.6831049919128418,0.6776902675628662,True
1710807515,fk_qslstm,ema,test,1000271,6,-0.24233616888523102,0.401082307100296,0.39386823773384094,True
1710807515,fk_qslstm,ema,test,1000271,7,0.70325767993927,0.7428204417228699,0.7420423030853271,True
1710807515,fk_qslstm,ema,test,1000271,8,0.49721384048461914,0.8925846815109253,0.8951171040534973,True
1710807515,fk_qslstm,ema,test,1000271,9,0.05740780383348465,0.7485123872756958,0.7481591701507568,True
1710807515,fk_qslstm,ema,test,1000271,10,0.014992538839578629,0.6078054308891296,0.6054729223251343,True
1710807515,fk_qslstm,ema,test,1000271,11,-0.8378996849060059,-0.01649545691907406,-0.017477452754974365,True
1710807515,fk_qslstm,ema,test,1000271,12,0.1728191077709198,0.09049509465694427,0.09016495943069458,True
1710807515,fk_qslstm,ema,test,1000271,13,-0.3054248094558716,-0.11085881292819977,-0.10422062873840332,True
1710807515,fk_qslstm,ema,test,1000271,14,0.8745008111000061,0.43601343035697937,0.439725786447525,True
1710807515,fk_qslstm,ema,test,1000271,15,0.027233343571424484,0.3651507496833801,0.3674788177013397,True
1710807515,fk_qslstm,ema,test,1000271,16,0.23603059351444244,0.43373894691467285,0.433316707611084,True
1710807515,fk_qslstm,ema,test,1000271,17,-0.34917378425598145,0.13748688995838165,0.13981297612190247,True
1710807515,fk_qslstm,ema,test,1000271,18,0.41979384422302246,0.3618658185005188,0.3622359037399292,True
1710807515,fk_qslstm,ema,test,1000271,19,0.6014677882194519,0.6503733396530151,0.6541998982429504,True
1710807515,fk_qslstm,ema,test,1000271,20,0.613251805305481,0.8882497549057007,0.895916223526001,True
1710807515,fk_qslstm,ema,test,1000271,21,0.31457793712615967,0.8993465304374695,0.9057400226593018,True
1710807515,fk_qslstm,ema,test,1000271,22,0.3578469157218933,0.9341853857040405,0.9407454133033752,True
1710807515,fk_qslstm,ema,test,1000271,23,0.19289110600948334,0.863083004951477,0.8681347966194153,True
1710807515,fk_qslstm,ema,test,1000271,24,0.6295004487037659,1.0681666135787964,1.0770293474197388,True
1710807515,fk_qslstm,ema,test,1000271,25,0.7575566172599792,1.3090672492980957,1.3112738132476807,True
1710807515,fk_qslstm,ema,test,1000271,26,-0.9185695648193359,0.4961121082305908,0.5125013589859009,True
1710807515,fk_qslstm,ema,test,1000271,27,-0.37609973549842834,0.17122982442378998,0.1849440634250641,True
1710807515,fk_qslstm,ema,test,1000271,28,-0.17261242866516113,0.03341640532016754,0.0465599000453949,True
1710807515,fk_qslstm,ema,test,1000271,29,-0.5081409811973572,-0.2781514525413513,-0.26523905992507935,True
1710807515,fk_qslstm,ema,test,1000271,30,0.03506781905889511,-0.20148047804832458,-0.1904403567314148,True
1710807515,fk_qslstm,ema,test,1000271,31,-0.2775401175022125,-0.3277084529399872,-0.3157058358192444,True
1710807515,fk_qslstm,ema,test,1000272,0,-0.1239384114742279,-0.07436304539442062,-0.07276532053947449,True
1710807515,fk_qslstm,ema,test,1000272,1,-0.06888148933649063,-0.10081933438777924,-0.09940698742866516,True
1710807515,fk_qslstm,ema,test,1000272,2,0.33365610241889954,0.11953819543123245,0.11267074942588806,True
1710807515,fk_qslstm,ema,test,1000272,3,-0.4930345416069031,-0.20019015669822693,-0.20170313119888306,True
1710807515,fk_qslstm,ema,test,1000272,4,-0.006005351897329092,-0.16375534236431122,-0.16340720653533936,True
1710807515,fk_qslstm,ema,test,1000272,5,-0.58748459815979,-0.4834950268268585,-0.48261183500289917,True
1710807515,fk_qslstm,ema,test,1000272,6,0.9667156934738159,0.19323337078094482,0.18890610337257385,True
1710807515,fk_qslstm,ema,test,1000272,7,0.5226975083351135,0.46820521354675293,0.4631730914115906,True
1710807515,fk_qslstm,ema,test,1000272,8,-0.33574727177619934,0.1731158196926117,0.1694922000169754,True
1710807515,fk_qslstm,ema,test,1000272,9,0.6419828534126282,0.5236823558807373,0.5200849771499634,True
1710807515,fk_qslstm,ema,test,1000272,10,0.6238173246383667,0.793236255645752,0.7949174642562866,True
1710807515,fk_qslstm,ema,test,1000272,11,-0.5279064774513245,0.31784510612487793,0.3152124881744385,True
1710807515,fk_qslstm,ema,test,1000272,12,-0.8576427698135376,-0.2603095769882202,-0.26276272535324097,True
1710807515,fk_qslstm,ema,test,1000272,13,0.6294621229171753,0.16942961513996124,0.16712705790996552,True
1710807515,fk_qslstm,ema,test,1000272,14,-0.882235050201416,-0.3937973380088806,-0.39129042625427246,True
1710807515,fk_qslstm,ema,test,1000272,15,-0.3361544907093048,-0.516730546951294,-0.5140615105628967,True
1710807515,fk_qslstm,ema,test,1000272,16,-0.8546169400215149,-0.926154613494873,-0.9270454049110413,True
1710807515,fk_qslstm,ema,test,1000272,17,0.9213103652000427,-0.1881374716758728,-0.183524489402771,True
1710807515,fk_qslstm,ema,test,1000272,18,-0.6734780073165894,-0.5545967817306519,-0.5520678162574768,True
1710807515,fk_qslstm,ema,test,1000272,19,0.9042455554008484,0.0988699197769165,0.0970025360584259,True
1710807515,fk_qslstm,ema,test,1000272,20,-0.08832535892724991,0.02610071934759617,0.027885377407073975,True
1710807515,fk_qslstm,ema,test,1000272,21,-0.619635820388794,-0.35090091824531555,-0.3503860831260681,True
1710807515,fk_qslstm,ema,test,1000272,22,-0.2499028891324997,-0.43066245317459106,-0.42837321758270264,True
1710807515,fk_qslstm,ema,test,1000272,23,0.6693737506866455,0.0570942759513855,0.05801422894001007,True
1710807515,fk_qslstm,ema,test,1000272,24,-0.8430272340774536,-0.4601409137248993,-0.45836037397384644,True
1710807515,fk_qslstm,ema,test,1000272,25,0.5741050243377686,-0.023649726063013077,-0.025303125381469727,True
1710807515,fk_qslstm,ema,test,1000272,26,0.5185001492500305,0.29218029975891113,0.2884714603424072,True
1710807515,fk_qslstm,ema,test,1000272,27,0.6799058318138123,0.6416877508163452,0.6400342583656311,True
1710807515,fk_qslstm,ema,test,1000272,28,-0.6629270315170288,0.11559399962425232,0.11274585127830505,True
1710807515,fk_qslstm,ema,test,1000272,29,-0.4697301983833313,-0.18936291337013245,-0.19086551666259766,True
1710807515,fk_qslstm,ema,test,1000272,30,-0.6323056817054749,-0.530873715877533,-0.5328124165534973,True
1710807515,fk_qslstm,ema,test,1000272,31,-0.8903590440750122,-0.9589143991470337,-0.9635055661201477,True
1710807515,fk_qslstm,ema,test,1000273,0,0.8988112807273865,0.5392867922782898,0.5292658805847168,True
1710807515,fk_qslstm,ema,test,1000273,1,-0.9120051860809326,-0.11577370017766953,-0.10008633136749268,True
1710807515,fk_qslstm,ema,test,1000273,2,-0.6835185289382935,-0.5027300715446472,-0.500093400478363,True
1710807515,fk_qslstm,ema,test,1000273,3,-0.025230739265680313,-0.4173225164413452,-0.41573959589004517,True
1710807515,fk_qslstm,ema,test,1000273,4,0.331900417804718,-0.13471774756908417,-0.1358848512172699,True
1710807515,fk_qslstm,ema,test,1000273,5,-0.4731379747390747,-0.3916569948196411,-0.3917251229286194,True
1710807515,fk_qslstm,ema,test,1000273,6,-0.657231330871582,-0.7076643705368042,-0.7128673195838928,True
1710807515,fk_qslstm,ema,test,1000273,7,0.5618672966957092,-0.22901111841201782,-0.2314664125442505,True
1710807515,fk_qslstm,ema,test,1000273,8,-0.132481187582016,-0.26269760727882385,-0.26245594024658203,True
1710807515,fk_qslstm,ema,test,1000273,9,-0.16234226524829865,-0.307563453912735,-0.3064758777618408,True
1710807515,fk_qslstm,ema,test,1000273,10,-0.057995133101940155,-0.28084784746170044,-0.2788700461387634,True
1710807515,fk_qslstm,ema,test,1000273,11,-0.32993146777153015,-0.4226371645927429,-0.4195019006729126,True
1710807515,fk_qslstm,ema,test,1000273,12,-0.4040696918964386,-0.5805515050888062,-0.578339159488678,True
1710807515,fk_qslstm,ema,test,1000273,13,-0.3694816529750824,-0.6861302256584167,-0.6847009062767029,True
1710807515,fk_qslstm,ema,test,1000273,14,-0.41399890184402466,-0.7973034977912903,-0.7975099682807922,True
1710807515,fk_qslstm,ema,test,1000273,15,0.8599772453308105,-0.12185648083686829,-0.11928319931030273,True
1710807515,fk_qslstm,ema,test,1000273,16,-0.8782587051391602,-0.6244403719902039,-0.6233651041984558,True
1710807515,fk_qslstm,ema,test,1000273,17,0.962380051612854,0.07787572592496872,0.07325604557991028,True
1710807515,fk_qslstm,ema,test,1000273,18,0.4993494749069214,0.36191028356552124,0.3554927110671997,True
1710807515,fk_qslstm,ema,test,1000273,19,-0.6303957104682922,-0.08870919793844223,-0.09319084882736206,True
1710807515,fk_qslstm,ema,test,1000273,20,-0.7069879770278931,-0.49516016244888306,-0.5025786757469177,True
1710807515,fk_qslstm,ema,test,1000273,21,0.07655587047338486,-0.3501946032047272,-0.35401129722595215,True
1710807515,fk_qslstm,ema,test,1000273,22,0.6860795021057129,0.1314920336008072,0.1266925036907196,True
1710807515,fk_qslstm,ema,test,1000273,23,-0.20493608713150024,-0.017768029123544693,-0.01808905601501465,True
1710807515,fk_qslstm,ema,test,1000273,24,0.15171824395656586,0.07681652158498764,0.07403524219989777,True
1710807515,fk_qslstm,ema,test,1000273,25,-0.04458598792552948,0.0347016267478466,0.034301966428756714,True
1710807515,fk_qslstm,ema,test,1000273,26,-0.916042149066925,-0.5218639969825745,-0.5219544172286987,True
1710807515,fk_qslstm,ema,test,1000273,27,0.7847526669502258,0.05336039140820503,0.05339843034744263,True
1710807515,fk_qslstm,ema,test,1000273,28,-0.0733029693365097,-0.0012934701517224312,0.00262606143951416,True
1710807515,fk_qslstm,ema,test,1000273,29,-0.9502499103546143,-0.5711847543716431,-0.5682298541069031,True
1710807515,fk_qslstm,ema,test,1000273,30,0.005729546770453453,-0.453510046005249,-0.4490993618965149,True
1710807515,fk_qslstm,ema,test,1000273,31,-0.4400010108947754,-0.6268086433410645,-0.6224671602249146,True
1710807515,fk_qslstm,ema,test,1000274,0,-0.5537440776824951,-0.33224645256996155,-0.32974761724472046,True
1710807515,fk_qslstm,ema,test,1000274,1,-0.8402081727981567,-0.7699220776557922,-0.7771028876304626,True
1710807515,fk_qslstm,ema,test,1000274,2,-0.8035590052604675,-1.0980730056762695,-1.115283489227295,True
1710807515,fk_qslstm,ema,test,1000274,3,0.7376492619514465,-0.43586888909339905,-0.43885338306427,True
1710807515,fk_qslstm,ema,test,1000274,4,0.35013216733932495,-0.13861581683158875,-0.13907739520072937,True
1710807515,fk_qslstm,ema,test,1000274,5,0.648574709892273,0.27825218439102173,0.27671971917152405,True
1710807515,fk_qslstm,ema,test,1000274,6,-0.8199505805969238,-0.26936858892440796,-0.26627081632614136,True
1710807515,fk_qslstm,ema,test,1000274,7,-0.3609011173248291,-0.43203553557395935,-0.42789000272750854,True
1710807515,fk_qslstm,ema,test,1000274,8,0.2894565761089325,-0.17195449769496918,-0.16685980558395386,True
1710807515,fk_qslstm,ema,test,1000274,9,0.37037184834480286,0.08465951681137085,0.0865570455789566,True
1710807515,fk_qslstm,ema,test,1000274,10,0.5745605826377869,0.4124639332294464,0.41220802068710327,True
1710807515,fk_qslstm,ema,test,1000274,11,0.9147968292236328,0.8788492679595947,0.8832128643989563,True
1710807515,fk_qslstm,ema,test,1000274,12,0.8696092963218689,1.224845051765442,1.2259187698364258,True
1710807515,fk_qslstm,ema,test,1000274,13,-0.2010490447282791,0.859246551990509,0.8591752052307129,True
1710807515,fk_qslstm,ema,test,1000274,14,0.19888781011104584,0.8067299723625183,0.8059694170951843,True
1710807515,fk_qslstm,ema,test,1000274,15,0.5177076458930969,0.9560085535049438,0.9584352374076843,True
1710807515,fk_qslstm,ema,test,1000274,16,-0.05704118683934212,0.7305821180343628,0.7281835675239563,True
1710807515,fk_qslstm,ema,test,1000274,17,0.18091264367103577,0.6930132508277893,0.6887995004653931,True
1710807515,fk_qslstm,ema,test,1000274,18,0.40985941886901855,0.8003262877464294,0.7985807061195374,True
1710807515,fk_qslstm,ema,test,1000274,19,-0.19130899012088776,0.5254756212234497,0.521389365196228,True
1710807515,fk_qslstm,ema,test,1000274,20,-0.12321611493825912,0.3464508354663849,0.34339070320129395,True
1710807515,fk_qslstm,ema,test,1000274,21,-0.19887253642082214,0.1578371375799179,0.1593267172574997,True
1710807515,fk_qslstm,ema,test,1000274,22,0.9314032196998596,0.6851116418838501,0.6891127228736877,True
1710807515,fk_qslstm,ema,test,1000274,23,0.20058517158031464,0.6684404015541077,0.6689009070396423,True
1710807515,fk_qslstm,ema,test,1000274,24,-0.3278570771217346,0.3380380868911743,0.3361722528934479,True
1710807515,fk_qslstm,ema,test,1000274,25,0.3470929265022278,0.47868621349334717,0.4761967658996582,True
1710807515,fk_qslstm,ema,test,1000274,26,-0.8247233629226685,-0.11188503354787827,-0.11086565256118774,True
1710807515,fk_qslstm,ema,test,1000274,27,-0.603036642074585,-0.4513300061225891,-0.4514961838722229,True
1710807515,fk_qslstm,ema,test,1000274,28,0.2125856727361679,-0.23351261019706726,-0.2312414050102234,True
1710807515,fk_qslstm,ema,test,1000274,29,0.34030893445014954,0.017375269904732704,0.01746782660484314,True
1710807515,fk_qslstm,ema,test,1000274,30,-0.44739675521850586,-0.25453782081604004,-0.2515801787376404,True
1710807515,fk_qslstm,ema,test,1000274,31,-0.3216167688369751,-0.39660030603408813,-0.3926771283149719,True
1710807515,fk_qslstm,ema,test,1000275,0,0.513242244720459,0.3079453408718109,0.30753475427627563,True
1710807515,fk_qslstm,ema,test,1000275,1,0.2252642661333084,0.38151484727859497,0.3860883414745331,True
1710807515,fk_qslstm,ema,test,1000275,2,-0.5964064598083496,-0.05263199284672737,-0.05228433012962341,True
1710807515,fk_qslstm,ema,test,1000275,3,-0.4862942695617676,-0.3338821530342102,-0.33386701345443726,True
1710807515,fk_qslstm,ema,test,1000275,4,0.7259964346885681,0.1684921383857727,0.1672179102897644,True
1710807515,fk_qslstm,ema,test,1000275,5,0.4675532579421997,0.41532567143440247,0.413137286901474,True
1710807515,fk_qslstm,ema,test,1000275,6,0.16490790247917175,0.43120527267456055,0.4273889362812042,True
1710807515,fk_qslstm,ema,test,1000275,7,0.2433139681816101,0.49095261096954346,0.48655733466148376,True
1710807515,fk_qslstm,ema,test,1000275,8,-0.1056852787733078,0.32935091853141785,0.3270394802093506,True
1710807515,fk_qslstm,ema,test,1000275,9,-0.18220525979995728,0.1541575789451599,0.1557338982820511,True
1710807515,fk_qslstm,ema,test,1000275,10,-0.7666231989860535,-0.3366478681564331,-0.33423835039138794,True
1710807515,fk_qslstm,ema,test,1000275,11,0.9143157005310059,0.27927112579345703,0.2784503996372223,True
1710807515,fk_qslstm,ema,test,1000275,12,-0.33536070585250854,0.02220046892762184,0.026583492755889893,True
1710807515,fk_qslstm,ema,test,1000275,13,0.68760746717453,0.43032488226890564,0.43144989013671875,True
1710807515,fk_qslstm,ema,test,1000275,14,0.834159791469574,0.8447557687759399,0.8515071272850037,True
1710807515,fk_qslstm,ema,test,1000275,15,-0.9764444828033447,0.08993792533874512,0.10046379268169403,True
1710807515,fk_qslstm,ema,test,1000275,16,-0.8400068283081055,-0.43205374479293823,-0.42643338441848755,True
1710807515,fk_qslstm,ema,test,1000275,17,0.6193451881408691,0.025964122265577316,0.03150606155395508,True
1710807515,fk_qslstm,ema,test,1000275,18,-0.10273329168558121,-0.04086867719888687,-0.0314195454120636,True
1710807515,fk_qslstm,ema,test,1000275,19,-0.6487719416618347,-0.4219581186771393,-0.41523438692092896,True
1710807515,fk_qslstm,ema,test,1000275,20,-0.27327632904052734,-0.5015323162078857,-0.49432605504989624,True
1710807515,fk_qslstm,ema,test,1000275,21,-0.12162823230028152,-0.4742027819156647,-0.46530377864837646,True
1710807515,fk_qslstm,ema,test,1000275,22,0.9145529866218567,0.16936956346035004,0.17241862416267395,True
1710807515,fk_qslstm,ema,test,1000275,23,0.3275480568408966,0.332024484872818,0.3309289515018463,True
1710807515,fk_qslstm,ema,test,1000275,24,0.28065982460975647,0.4340154826641083,0.4297219514846802,True
1710807515,fk_qslstm,ema,test,1000275,25,-0.17741690576076508,0.24076224863529205,0.23830872774124146,True
1710807515,fk_qslstm,ema,test,1000275,26,-0.14966876804828644,0.10280853509902954,0.10350432991981506,True
1710807515,fk_qslstm,ema,test,1000275,27,-0.9278419613838196,-0.47445833683013916,-0.471973717212677,True
1710807515,fk_qslstm,ema,test,1000275,28,0.2160029113292694,-0.24996492266654968,-0.2465004324913025,True
1710807515,fk_qslstm,ema,test,1000275,29,0.7936303019523621,0.27620622515678406,0.2774997353553772,True
1710807515,fk_qslstm,ema,test,1000275,30,-0.13178899884223938,0.14189158380031586,0.1451920121908188,True
1710807515,fk_qslstm,ema,test,1000275,31,0.29893049597740173,0.2928715646266937,0.29222992062568665,True
1710807515,fk_qslstm,ema,test,1000276,0,0.40291789174079895,0.24175073206424713,0.2416452169418335,True
1710807515,fk_qslstm,ema,test,1000276,1,-0.5867440104484558,-0.15864580869674683,-0.14688336849212646,True
1710807515,fk_qslstm,ema,test,1000276,2,-0.7235766649246216,-0.5610626339912415,-0.5624254941940308,True
1710807515,fk_qslstm,ema,test,1000276,3,-0.37632647156715393,-0.6746460199356079,-0.6772584915161133,True
1710807515,fk_qslstm,ema,test,1000276,4,0.08759880810976028,-0.48715752363204956,-0.4868355393409729,True
1710807515,fk_qslstm,ema,test,1000276,5,0.34713849425315857,-0.18144291639328003,-0.18272966146469116,True
1710807515,fk_qslstm,ema,test,1000276,6,-0.2164045125246048,-0.2749970257282257,-0.2736390233039856,True
1710807515,fk_qslstm,ema,test,1000276,7,0.010042475536465645,-0.21397213637828827,-0.21290689706802368,True
1710807515,fk_qslstm,ema,test,1000276,8,0.6525138020515442,0.22033056616783142,0.21771502494812012,True
1710807515,fk_qslstm,ema,test,1000276,9,0.6024714708328247,0.537747323513031,0.5352371335029602,True
1710807515,fk_qslstm,ema,test,1000276,10,0.060948919504880905,0.46676722168922424,0.46228307485580444,True
1710807515,fk_qslstm,ema,test,1000276,11,0.8864390850067139,0.9052772521972656,0.9069892168045044,True
1710807515,fk_qslstm,ema,test,1000276,12,-0.9321529865264893,0.16492998600006104,0.16828656196594238,True
1710807515,fk_qslstm,ema,test,1000276,13,-0.8390747904777527,-0.3715008795261383,-0.3710253834724426,True
1710807515,fk_qslstm,ema,test,1000276,14,0.3141269087791443,-0.10872457176446915,-0.10769283771514893,True
1710807515,fk_qslstm,ema,test,1000276,15,0.037079472094774246,-0.06473197042942047,-0.061277151107788086,True
1710807515,fk_qslstm,ema,test,1000276,16,0.7448660731315613,0.3951340615749359,0.3960537314414978,True
1710807515,fk_qslstm,ema,test,1000276,17,0.8559779524803162,0.8296940326690674,0.8352833986282349,True
1710807515,fk_qslstm,ema,test,1000276,18,-0.4320807456970215,0.40450677275657654,0.40291228890419006,True
1710807515,fk_qslstm,ema,test,1000276,19,-0.5214203000068665,0.010753229260444641,0.008078306913375854,True
1710807515,fk_qslstm,ema,test,1000276,20,-0.9587783813476562,-0.566664457321167,-0.5684453845024109,True
1710807515,fk_qslstm,ema,test,1000276,21,0.6957641839981079,-0.03587304800748825,-0.03431260585784912,True
1710807515,fk_qslstm,ema,test,1000276,22,0.2362300455570221,0.11303958296775818,0.11396229267120361,True
1710807515,fk_qslstm,ema,test,1000276,23,-0.022965455427765846,0.076652392745018,0.0782814621925354,True
1710807515,fk_qslstm,ema,test,1000276,24,-0.6407476663589478,-0.3231266736984253,-0.32118159532546997,True
1710807515,fk_qslstm,ema,test,1000276,25,-0.05374350771307945,-0.2907474637031555,-0.28726011514663696,True
1710807515,fk_qslstm,ema,test,1000276,26,0.13876602053642273,-0.14933834969997406,-0.14622533321380615,True
1710807515,fk_qslstm,ema,test,1000276,27,-0.8654625415802002,-0.6387482285499573,-0.6387033462524414,True
1710807515,fk_qslstm,ema,test,1000276,28,-0.7498037815093994,-0.9608808159828186,-0.9667556881904602,True
1710807515,fk_qslstm,ema,test,1000276,29,-0.14458021521568298,-0.8554527759552002,-0.8601945042610168,True
1710807515,fk_qslstm,ema,test,1000276,30,-0.2714056372642517,-0.8472055792808533,-0.8516352772712708,True
1710807515,fk_qslstm,ema,test,1000276,31,-0.46141043305397034,-0.9546107649803162,-0.9606061577796936,True
1710807515,fk_qslstm,ema,test,1000277,0,0.2748906910419464,0.1649344116449356,0.16499300301074982,True
1710807515,fk_qslstm,ema,test,1000277,1,0.2657766044139862,0.29141348600387573,0.29142430424690247,True
1710807515,fk_qslstm,ema,test,1000277,2,0.0603996105492115,0.26937055587768555,0.2640201449394226,True
1710807515,fk_qslstm,ema,test,1000277,3,-0.9764996767044067,-0.37040334939956665,-0.36966532468795776,True
1710807515,fk_qslstm,ema,test,1000277,4,0.32579129934310913,-0.10084791481494904,-0.10027772188186646,True
1710807515,fk_qslstm,ema,test,1000277,5,0.9931259751319885,0.515197217464447,0.5120074152946472,True
1710807515,fk_qslstm,ema,test,1000277,6,0.5601577758789062,0.7482524514198303,0.746138870716095,True
1710807515,fk_qslstm,ema,test,1000277,7,-0.43242478370666504,0.33914709091186523,0.33393576741218567,True
1710807515,fk_qslstm,ema,test,1000277,8,-0.5287572741508484,-0.04593668133020401,-0.049820661544799805,True
1710807515,fk_qslstm,ema,test,1000277,9,0.08020113408565521,0.011371336877346039,0.009464442729949951,True
1710807515,fk_qslstm,ema,test,1000277,10,0.33187830448150635,0.20822405815124512,0.20550991594791412,True
1710807515,fk_qslstm,ema,test,1000277,11,0.8697023987770081,0.6884006857872009,0.6889358758926392,True
1710807515,fk_qslstm,ema,test,1000277,12,-0.04977354407310486,0.5208564400672913,0.5176778435707092,True
1710807515,fk_qslstm,ema,test,1000277,13,0.8260143995285034,0.9122937917709351,0.9152819514274597,True
1710807515,fk_qslstm,ema,test,1000277,14,0.28700244426727295,0.9020364880561829,0.9033389091491699,True
1710807515,fk_qslstm,ema,test,1000277,15,-0.7569815516471863,0.2674402594566345,0.26350003480911255,True
1710807515,fk_qslstm,ema,test,1000277,16,0.3581661880016327,0.4288519322872162,0.42340824007987976,True
1710807515,fk_qslstm,ema,test,1000277,17,0.8630785346031189,0.8609286546707153,0.864115297794342,True
1710807515,fk_qslstm,ema,test,1000277,18,0.600757360458374,1.0491973161697388,1.054053783416748,True
1710807515,fk_qslstm,ema,test,1000277,19,-0.8806486129760742,0.31096869707107544,0.31514015793800354,True
1710807515,fk_qslstm,ema,test,1000277,20,0.9302223920822144,0.806908369064331,0.8136826753616333,True
1710807515,fk_qslstm,ema,test,1000277,21,-0.3569291830062866,0.43136918544769287,0.43181049823760986,True
1710807515,fk_qslstm,ema,test,1000277,22,0.9718653559684753,0.9282145500183105,0.931824266910553,True
1710807515,fk_qslstm,ema,test,1000277,23,-0.57854825258255,0.3954426944255829,0.3898394703865051,True
1710807515,fk_qslstm,ema,test,1000277,24,-0.19528192281723022,0.19918498396873474,0.19280114769935608,True
1710807515,fk_qslstm,ema,test,1000277,25,-0.8431118130683899,-0.3465190827846527,-0.3506771922111511,True
1710807515,fk_qslstm,ema,test,1000277,26,0.9180627465248108,0.2736223638057709,0.2668880522251129,True
1710807515,fk_qslstm,ema,test,1000277,27,-0.0432894341647625,0.19292424619197845,0.1895439624786377,True
1710807515,fk_qslstm,ema,test,1000277,28,-0.25146448612213135,0.003460698528215289,0.0030210912227630615,True
1710807515,fk_qslstm,ema,test,1000277,29,0.2724495232105255,0.16623826324939728,0.16362550854682922,True
1710807515,fk_qslstm,ema,test,1000277,30,0.825252890586853,0.6281423568725586,0.6283890604972839,True
1710807515,fk_qslstm,ema,test,1000277,31,0.6262902617454529,0.8782880306243896,0.8820236325263977,True
1710807515,fk_qslstm,ema,test,1000278,0,-0.8945349454879761,-0.5367209911346436,-0.5263540148735046,True
1710807515,fk_qslstm,ema,test,1000278,1,0.5946064591407776,-0.07261291146278381,-0.07369586825370789,True
1710807515,fk_qslstm,ema,test,1000278,2,0.2464790791273117,0.08979711681604385,0.08787290751934052,True
1710807515,fk_qslstm,ema,test,1000278,3,-0.7908439636230469,-0.40266868472099304,-0.40352195501327515,True
1710807515,fk_qslstm,ema,test,1000278,4,0.48985037207603455,-0.02822471223771572,-0.028471440076828003,True
1710807515,fk_qslstm,ema,test,1000278,5,0.23753786087036133,0.11994294822216034,0.12104752659797668,True
1710807515,fk_qslstm,ema,test,1000278,6,0.6887760758399963,0.5092200040817261,0.510562539100647,True
1710807515,fk_qslstm,ema,test,1000278,7,-0.6713109016418457,0.004589446820318699,0.00732046365737915,True
1710807515,fk_qslstm,ema,test,1000278,8,0.6592819094657898,0.3992407023906708,0.3991563618183136,True
1710807515,fk_qslstm,ema,test,1000278,9,0.6250523924827576,0.6944239735603333,0.6986746788024902,True
1710807515,fk_qslstm,ema,test,1000278,10,-0.4130425453186035,0.30771365761756897,0.30947867035865784,True
1710807515,fk_qslstm,ema,test,1000278,11,0.5214318633079529,0.5590300559997559,0.5602866411209106,True
1710807515,fk_qslstm,ema,test,1000278,12,0.40788400173187256,0.6919544339179993,0.6949724555015564,True
1710807515,fk_qslstm,ema,test,1000278,13,0.04034929722547531,0.5777730941772461,0.5788707733154297,True
1710807515,fk_qslstm,ema,test,1000278,14,0.07344159483909607,0.5062834620475769,0.5067895650863647,True
1710807515,fk_qslstm,ema,test,1000278,15,-0.8150594234466553,-0.08400890231132507,-0.08128705620765686,True
1710807515,fk_qslstm,ema,test,1000278,16,0.8754525184631348,0.45806437730789185,0.4594804644584656,True
1710807515,fk_qslstm,ema,test,1000278,17,0.3956477642059326,0.603840172290802,0.606160044670105,True
1710807515,fk_qslstm,ema,test,1000278,18,-0.05341688543558121,0.4510219991207123,0.45193418860435486,True
1710807515,fk_qslstm,ema,test,1000278,19,-0.8160690069198608,-0.12882381677627563,-0.12657198309898376,True
1710807515,fk_qslstm,ema,test,1000278,20,-0.7166723012924194,-0.5330623984336853,-0.5337539315223694,True
1710807515,fk_qslstm,ema,test,1000278,21,-0.9639011025428772,-1.0047905445098877,-1.005570650100708,True
1710807515,fk_qslstm,ema,test,1000278,22,0.14281003177165985,-0.7181464433670044,-0.7157288193702698,True
1710807515,fk_qslstm,ema,test,1000278,23,-0.13961978256702423,-0.6582890152931213,-0.6551375389099121,True
1710807515,fk_qslstm,ema,test,1000278,24,-0.6621138453483582,-0.9238995313644409,-0.9261572957038879,True
1710807515,fk_qslstm,ema,test,1000278,25,0.7614811658859253,-0.282230943441391,-0.27663248777389526,True
1710807515,fk_qslstm,ema,test,1000278,26,0.7498785853385925,0.224142387509346,0.22560913860797882,True
1710807515,fk_qslstm,ema,test,1000278,27,-0.38027581572532654,-0.048851583153009415,-0.04402652382850647,True
1710807515,fk_qslstm,ema,test,1000278,28,0.5301713347434998,0.2790215313434601,0.278888463973999,True
1710807515,fk_qslstm,ema,test,1000278,29,0.07654473930597305,0.26914405822753906,0.26970505714416504,True
1710807515,fk_qslstm,ema,test,1000278,30,-0.1783090978860855,0.10832978785037994,0.111477792263031,True
1710807515,fk_qslstm,ema,test,1000278,31,-0.8894104957580566,-0.4469824731349945,-0.4436948895454407,True
1710807515,fk_qslstm,ema,test,1000279,0,0.39716339111328125,0.23829804360866547,0.23820078372955322,True
1710807515,fk_qslstm,ema,test,1000279,1,0.42355719208717346,0.44477275013923645,0.4464071989059448,True
1710807515,fk_qslstm,ema,test,1000279,2,-0.5221300721168518,0.04254014417529106,0.041170716285705566,True
1710807515,fk_qslstm,ema,test,1000279,3,-0.6566957235336304,-0.3599853217601776,-0.36309659481048584,True
1710807515,fk_qslstm,ema,test,1000279,4,-0.08913791924715042,-0.34147101640701294,-0.34087568521499634,True
1710807515,fk_qslstm,ema,test,1000279,5,-0.6240503191947937,-0.6476069688796997,-0.6487286686897278,True
1710807515,fk_qslstm,ema,test,1000279,6,-0.8714305758476257,-1.04094398021698,-1.0446529388427734,True
1710807515,fk_qslstm,ema,test,1000279,7,-0.9765400886535645,-1.4186792373657227,-1.4003221988677979,True
1710807515,fk_qslstm,ema,test,1000279,8,-0.13640378415584564,-1.2167856693267822,-1.214261531829834,True
1710807515,fk_qslstm,ema,test,1000279,9,0.7819927930831909,-0.5042328238487244,-0.5013763904571533,True
1710807515,fk_qslstm,ema,test,1000279,10,0.8972345590591431,0.13495446741580963,0.13418817520141602,True
1710807515,fk_qslstm,ema,test,1000279,11,0.7065435647964478,0.5318897366523743,0.5322465300559998,True
1710807515,fk_qslstm,ema,test,1000279,12,-0.9998549222946167,-0.174401193857193,-0.16301262378692627,True
1710807515,fk_qslstm,ema,test,1000279,13,0.7461742758750916,0.30818361043930054,0.31596702337265015,True
1710807515,fk_qslstm,ema,test,1000279,14,0.039016567170619965,0.2699568271636963,0.27995315194129944,True
1710807515,fk_qslstm,ema,test,1000279,15,0.837740957736969,0.7186100482940674,0.7303370237350464,True
1710807515,fk_qslstm,ema,test,1000279,16,-0.2745715379714966,0.410145103931427,0.4177760183811188,True
1710807515,fk_qslstm,ema,test,1000279,17,0.83050936460495,0.8264216780662537,0.8375417590141296,True
1710807515,fk_qslstm,ema,test,1000279,18,0.5701832175254822,1.0032472610473633,1.0153300762176514,True
1710807515,fk_qslstm,ema,test,1000279,19,0.38162341713905334,1.031571865081787,1.0423460006713867,True
1710807515,fk_qslstm,ema,test,1000279,20,-0.5847476124763489,0.47440892457962036,0.47759297490119934,True
1710807515,fk_qslstm,ema,test,1000279,21,-0.07861431688070297,0.33235853910446167,0.3335130512714386,True
1710807515,fk_qslstm,ema,test,1000279,22,0.6079481244087219,0.6306557059288025,0.6353513598442078,True
1710807515,fk_qslstm,ema,test,1000279,23,-0.8624853491783142,-0.012966656126081944,-0.006971895694732666,True
1710807515,fk_qslstm,ema,test,1000279,24,0.019213976338505745,0.001155060133896768,0.006606936454772949,True
1710807515,fk_qslstm,ema,test,1000279,25,-0.34985437989234924,-0.20898857712745667,-0.19865626096725464,True
1710807515,fk_qslstm,ema,test,1000279,26,-0.8559419512748718,-0.6807560324668884,-0.6756047606468201,True
1710807515,fk_qslstm,ema,test,1000279,27,-0.5977084636688232,-0.9032298922538757,-0.9026892781257629,True
1710807515,fk_qslstm,ema,test,1000279,28,-0.5362100601196289,-1.0443099737167358,-1.0455799102783203,True
1710807515,fk_qslstm,ema,test,1000279,29,-0.47296714782714844,-1.1192282438278198,-1.1221253871917725,True
1710807515,fk_qslstm,ema,test,1000279,30,-0.8983185291290283,-1.4343737363815308,-1.419386863708496,True
1710807515,fk_qslstm,ema,test,1000279,31,0.27712467312812805,-0.9812241792678833,-0.9848023056983948,True
1710807515,fk_qslstm,ema,test,1000280,0,0.06388228386640549,0.03832937031984329,0.03904092311859131,True
1710807515,fk_qslstm,ema,test,1000280,1,-0.5507566332817078,-0.29979047179222107,-0.2941799759864807,True
1710807515,fk_qslstm,ema,test,1000280,2,-0.039017580449581146,-0.2632429301738739,-0.2646252512931824,True
1710807515,fk_qslstm,ema,test,1000280,3,-0.7028195858001709,-0.6322860717773438,-0.636754035949707,True
1710807515,fk_qslstm,ema,test,1000280,4,0.3824370503425598,-0.27636662125587463,-0.2794719338417053,True
1710807515,fk_qslstm,ema,test,1000280,5,-0.4475611448287964,-0.48962998390197754,-0.49064379930496216,True
1710807515,fk_qslstm,ema,test,1000280,6,-0.3295314908027649,-0.589422881603241,-0.5902564525604248,True
1710807515,fk_qslstm,ema,test,1000280,7,-0.33674338459968567,-0.6735843420028687,-0.6734750866889954,True
1710807515,fk_qslstm,ema,test,1000280,8,0.024733299389481544,-0.5240274667739868,-0.5223954319953918,True
1710807515,fk_qslstm,ema,test,1000280,9,0.3678746223449707,-0.1984972208738327,-0.19933730363845825,True
1710807515,fk_qslstm,ema,test,1000280,10,-0.38665029406547546,-0.3907879590988159,-0.3902910351753235,True
1710807515,fk_qslstm,ema,test,1000280,11,0.7830367684364319,0.1571916937828064,0.15381726622581482,True
1710807515,fk_qslstm,ema,test,1000280,12,-0.5873959064483643,-0.22668419778347015,-0.22693562507629395,True
1710807515,fk_qslstm,ema,test,1000280,13,0.34897685050964355,0.028038756921887398,0.02235257625579834,True
1710807515,fk_qslstm,ema,test,1000280,14,0.9737454652786255,0.606678307056427,0.5996493101119995,True
1710807515,fk_qslstm,ema,test,1000280,15,-0.325208455324173,0.2902175784111023,0.2810896933078766,True
1710807515,fk_qslstm,ema,test,1000280,16,0.04322250932455063,0.25810757279396057,0.24803364276885986,True
1710807515,fk_qslstm,ema,test,1000280,17,-0.6503207683563232,-0.18370641767978668,-0.1902613341808319,True
1710807515,fk_qslstm,ema,test,1000280,18,0.013758561573922634,-0.13871000707149506,-0.14282894134521484,True
1710807515,fk_qslstm,ema,test,1000280,19,-0.34209293127059937,-0.31622377038002014,-0.31534719467163086,True
1710807515,fk_qslstm,ema,test,1000280,20,0.8524248003959656,0.2584758698940277,0.25585615634918213,True
1710807515,fk_qslstm,ema,test,1000280,21,0.9873426556587219,0.7991862893104553,0.7984464764595032,True
1710807515,fk_qslstm,ema,test,1000280,22,0.8905948400497437,1.1737059354782104,1.1719274520874023,True
1710807515,fk_qslstm,ema,test,1000280,23,0.5591572523117065,1.2744591236114502,1.2688764333724976,True
1710807515,fk_qslstm,ema,test,1000280,24,0.23143385350704193,1.1584275960922241,1.1580133438110352,True
1710807515,fk_qslstm,ema,test,1000280,25,-0.1923055648803711,0.8113587498664856,0.8106493353843689,True
1710807515,fk_qslstm,ema,test,1000280,26,0.11507385969161987,0.7181313037872314,0.7134115695953369,True
1710807515,fk_qslstm,ema,test,1000280,27,0.3512977659702301,0.7852836847305298,0.7801805138587952,True
1710807515,fk_qslstm,ema,test,1000280,28,-0.6814670562744141,0.21934673190116882,0.20880870521068573,True
1710807515,fk_qslstm,ema,test,1000280,29,0.6664360165596008,0.5753390192985535,0.5669597387313843,True
1710807515,fk_qslstm,ema,test,1000280,30,0.5717834830284119,0.803341269493103,0.801032304763794,True
1710807515,fk_qslstm,ema,test,1000280,31,0.9414121508598328,1.2075203657150269,1.2051562070846558,True
1710807515,fk_qslstm,ema,test,1000281,0,-0.9217987656593323,-0.5530792474746704,-0.5411483645439148,True
1710807515,fk_qslstm,ema,test,1000281,1,0.3872123658657074,-0.21013596653938293,-0.21188890933990479,True
1710807515,fk_qslstm,ema,test,1000281,2,-0.06979728490114212,-0.20998714864253998,-0.20842844247817993,True
1710807515,fk_qslstm,ema,test,1000281,3,-0.8115590214729309,-0.6549251675605774,-0.6577498316764832,True
1710807515,fk_qslstm,ema,test,1000281,4,0.599385142326355,-0.16430902481079102,-0.1617664098739624,True
1710807515,fk_qslstm,ema,test,1000281,5,0.22745950520038605,0.005028483923524618,0.008270084857940674,True
1710807515,fk_qslstm,ema,test,1000281,6,0.4841323792934418,0.29450222849845886,0.2945822775363922,True
1710807515,fk_qslstm,ema,test,1000281,7,-0.46346038579940796,-0.042474448680877686,-0.03823336958885193,True
1710807515,fk_qslstm,ema,test,1000281,8,-0.4857860505580902,-0.32545119524002075,-0.320637583732605,True
1710807515,fk_qslstm,ema,test,1000281,9,0.922320544719696,0.29303136467933655,0.293545663356781,True
1710807515,fk_qslstm,ema,test,1000281,10,-0.36628544330596924,0.01465381495654583,0.018883049488067627,True
1710807515,fk_qslstm,ema,test,1000281,11,0.11649256199598312,0.08161858469247818,0.08248336613178253,True
1710807515,fk_qslstm,ema,test,1000281,12,-0.87359619140625,-0.458862841129303,-0.45739954710006714,True
1710807515,fk_qslstm,ema,test,1000281,13,0.05755103379487991,-0.33255964517593384,-0.3303433060646057,True
1710807515,fk_qslstm,ema,test,1000281,14,0.5673633217811584,0.07437027245759964,0.07430846989154816,True
1710807515,fk_qslstm,ema,test,1000281,15,0.42021194100379944,0.31162336468696594,0.30862316489219666,True
1710807515,fk_qslstm,ema,test,1000281,16,-0.2503167986869812,0.09910862147808075,0.09909816086292267,True
1710807515,fk_qslstm,ema,test,1000281,17,-0.18865446746349335,-0.03390578180551529,-0.03115135431289673,True
1710807515,fk_qslstm,ema,test,1000281,18,0.15795938670635223,0.06765101104974747,0.06945592164993286,True
1710807515,fk_qslstm,ema,test,1000281,19,-0.4442523717880249,-0.21243062615394592,-0.20730262994766235,True
1710807515,fk_qslstm,ema,test,1000281,20,-0.5188615322113037,-0.4812614321708679,-0.4774104952812195,True
1710807515,fk_qslstm,ema,test,1000281,21,-0.007497121579945087,-0.3895074129104614,-0.3843666911125183,True
1710807515,fk_qslstm,ema,test,1000281,22,-0.8646664619445801,-0.8304058313369751,-0.8299733996391296,True
1710807515,fk_qslstm,ema,test,1000281,23,0.6477562785148621,-0.2756708562374115,-0.27181798219680786,True
1710807515,fk_qslstm,ema,test,1000281,24,-0.3787214457988739,-0.4477695822715759,-0.44296735525131226,True
1710807515,fk_qslstm,ema,test,1000281,25,0.24500969052314758,-0.21120984852313995,-0.21021723747253418,True
1710807515,fk_qslstm,ema,test,1000281,26,0.772952675819397,0.2948037385940552,0.2920536398887634,True
1710807515,fk_qslstm,ema,test,1000281,27,-0.15164050459861755,0.1448586881160736,0.14406245946884155,True
1710807515,fk_qslstm,ema,test,1000281,28,-0.2525276839733124,-0.03562965616583824,-0.03431028127670288,True
1710807515,fk_qslstm,ema,test,1000281,29,-0.8889049887657166,-0.5618467330932617,-0.5620508790016174,True
1710807515,fk_qslstm,ema,test,1000281,30,0.5505547523498535,-0.119144506752491,-0.11856481432914734,True
1710807515,fk_qslstm,ema,test,1000281,31,-0.38479378819465637,-0.32619187235832214,-0.3215717673301697,True
1710807515,fk_qslstm,ema,test,1000282,0,-0.5956910848617554,-0.3574146628379822,-0.354691743850708,True
1710807515,fk_qslstm,ema,test,1000282,1,0.9868786931037903,0.306195467710495,0.2915288507938385,True
1710807515,fk_qslstm,ema,test,1000282,2,0.4551323354244232,0.5180357694625854,0.5035290122032166,True
1710807515,fk_qslstm,ema,test,1000282,3,0.5336765050888062,0.734634518623352,0.724900484085083,True
1710807515,fk_qslstm,ema,test,1000282,4,0.46265125274658203,0.8652983903884888,0.8605359196662903,True
1710807515,fk_qslstm,ema,test,1000282,5,-0.911733865737915,0.14519838988780975,0.14510919153690338,True
1710807515,fk_qslstm,ema,test,1000282,6,0.6537280082702637,0.5083955526351929,0.5094165205955505,True
1710807515,fk_qslstm,ema,test,1000282,7,0.12765929102897644,0.4833120107650757,0.48596611618995667,True
1710807515,fk_qslstm,ema,test,1000282,8,0.3655208945274353,0.6059621572494507,0.6088520884513855,True
1710807515,fk_qslstm,ema,test,1000282,9,-0.02151496522128582,0.47186073660850525,0.47473815083503723,True
1710807515,fk_qslstm,ema,test,1000282,10,-0.10584236681461334,0.31398317217826843,0.31843101978302,True
1710807515,fk_qslstm,ema,test,1000282,11,0.05024835467338562,0.2813355326652527,0.2871878445148468,True
1710807515,fk_qslstm,ema,test,1000282,12,-0.0715591087937355,0.18213297426700592,0.19078630208969116,True
1710807515,fk_qslstm,ema,test,1000282,13,0.32272976636886597,0.33934423327445984,0.3462277054786682,True
1710807515,fk_qslstm,ema,test,1000282,14,0.5150315761566162,0.5804943442344666,0.5881073474884033,True
1710807515,fk_qslstm,ema,test,1000282,15,0.3400540053844452,0.6684278845787048,0.6751015186309814,True
1710807515,fk_qslstm,ema,test,1000282,16,0.2241721898317337,0.6692456007003784,0.6741718053817749,True
1710807515,fk_qslstm,ema,test,1000282,17,0.3643527626991272,0.7540081739425659,0.7595031261444092,True
1710807515,fk_qslstm,ema,test,1000282,18,0.5672104954719543,0.9435328245162964,0.9528605341911316,True
1710807515,fk_qslstm,ema,test,1000282,19,-0.09133554250001907,0.7000249028205872,0.7057499885559082,True
1710807515,fk_qslstm,ema,test,1000282,20,0.36247584223747253,0.7775054574012756,0.7838348746299744,True
1710807515,fk_qslstm,ema,test,1000282,21,-0.16704459488391876,0.5217776298522949,0.5255003571510315,True
1710807515,fk_qslstm,ema,test,1000282,22,-0.05477549135684967,0.3845568001270294,0.3881407082080841,True
1710807515,fk_qslstm,ema,test,1000282,23,-0.5934290289878845,-0.04841199889779091,-0.04259166121482849,True
1710807515,fk_qslstm,ema,test,1000282,24,0.47117048501968384,0.24397268891334534,0.24759769439697266,True
1710807515,fk_qslstm,ema,test,1000282,25,0.027647854760289192,0.21176685392856598,0.21760159730911255,True
1710807515,fk_qslstm,ema,test,1000282,26,0.9427550435066223,0.7350665330886841,0.7419257760047913,True
1710807515,fk_qslstm,ema,test,1000282,27,-0.3969578742980957,0.3498784899711609,0.35128501057624817,True
1710807515,fk_qslstm,ema,test,1000282,28,0.1688644140958786,0.3812214434146881,0.3792823255062103,True
1710807515,fk_qslstm,ema,test,1000282,29,0.6019934415817261,0.6661732196807861,0.6682265996932983,True
1710807515,fk_qslstm,ema,test,1000282,30,-0.7503440976142883,0.08273210376501083,0.08398553729057312,True
1710807515,fk_qslstm,ema,test,1000282,31,0.07190760225057602,0.10933024436235428,0.10992059111595154,True
1710807515,fk_qslstm,ema,test,1000283,0,-0.1107567548751831,-0.06645405292510986,-0.06491374969482422,True
1710807515,fk_qslstm,ema,test,1000283,1,0.31602948904037476,0.13645446300506592,0.13102391362190247,True
1710807515,fk_qslstm,ema,test,1000283,2,0.21224622428417206,0.23651130497455597,0.22642415761947632,True
1710807515,fk_qslstm,ema,test,1000283,3,-0.1327361911535263,0.10956732928752899,0.10512953996658325,True
1710807515,fk_qslstm,ema,test,1000283,4,0.10130807757377625,0.1484387069940567,0.14583593606948853,True
1710807515,fk_qslstm,ema,test,1000283,5,0.8750463724136353,0.6437788009643555,0.6441365480422974,True
1710807515,fk_qslstm,ema,test,1000283,6,0.6495582461357117,0.9047579765319824,0.9091383218765259,True
1710807515,fk_qslstm,ema,test,1000283,7,-0.9271067976951599,0.16754230856895447,0.17346763610839844,True
1710807515,fk_qslstm,ema,test,1000283,8,0.7315855622291565,0.5729851722717285,0.5782548189163208,True
1710807515,fk_qslstm,ema,test,1000283,9,0.005440092645585537,0.4616521894931793,0.4662126898765564,True
1710807515,fk_qslstm,ema,test,1000283,10,0.01115441508591175,0.3760144114494324,0.3793303072452545,True
1710807515,fk_qslstm,ema,test,1000283,11,-0.3540630340576172,0.08837371319532394,0.09484516084194183,True
1710807515,fk_qslstm,ema,test,1000283,12,0.8530759811401367,0.5825445652008057,0.58955979347229,True
1710807515,fk_qslstm,ema,test,1000283,13,-0.5130029320716858,0.1582338958978653,0.16399748623371124,True
1710807515,fk_qslstm,ema,test,1000283,14,-0.7748451828956604,-0.3383199870586395,-0.33554917573928833,True
1710807515,fk_qslstm,ema,test,1000283,15,0.21634641289710999,-0.14084814488887787,-0.13826313614845276,True
1710807515,fk_qslstm,ema,test,1000283,16,0.8770816922187805,0.41357049345970154,0.4139226973056793,True
1710807515,fk_qslstm,ema,test,1000283,17,-0.9762179255485535,-0.2548743486404419,-0.24716776609420776,True
1710807515,fk_qslstm,ema,test,1000283,18,-0.27630385756492615,-0.36968180537223816,-0.3624698519706726,True
1710807515,fk_qslstm,ema,test,1000283,19,-0.9801449775695801,-0.8838324546813965,-0.8783236145973206,True
1710807515,fk_qslstm,ema,test,1000283,20,0.7246195673942566,-0.27229419350624084,-0.2606244683265686,True
1710807515,fk_qslstm,ema,test,1000283,21,-0.3870621919631958,-0.45007267594337463,-0.4379555583000183,True
1710807515,fk_qslstm,ema,test,1000283,22,0.608512818813324,0.005049568135291338,0.01218193769454956,True
1710807515,fk_qslstm,ema,test,1000283,23,-0.0983528271317482,-0.05497204139828682,-0.04602783918380737,True
1710807515,fk_qslstm,ema,test,1000283,24,-0.6671848893165588,-0.44428855180740356,-0.4389037489891052,True
1710807515,fk_qslstm,ema,test,1000283,25,0.8573604822158813,0.158985435962677,0.1605248749256134,True
1710807515,fk_qslstm,ema,test,1000283,26,0.9223937392234802,0.6806246042251587,0.683035135269165,True
1710807515,fk_qslstm,ema,test,1000283,27,-0.16423602402210236,0.44595804810523987,0.4429043233394623,True
1710807515,fk_qslstm,ema,test,1000283,28,-0.08444064110517502,0.30610206723213196,0.3017234802246094,True
1710807515,fk_qslstm,ema,test,1000283,29,0.05322956666350365,0.2768193781375885,0.27355414628982544,True
1710807515,fk_qslstm,ema,test,1000283,30,-0.5096776485443115,-0.0843510776758194,-0.08366703987121582,True
1710807515,fk_qslstm,ema,test,1000283,31,0.8566470146179199,0.44650736451148987,0.4456455409526825,True
1710807515,fk_qslstm,ema,test,1000284,0,0.703916072845459,0.4223496615886688,0.4196629822254181,True
1710807515,fk_qslstm,ema,test,1000284,1,-0.07048237323760986,0.29559028148651123,0.30492737889289856,True
1710807515,fk_qslstm,ema,test,1000284,2,0.8283183574676514,0.7334632277488708,0.7382405996322632,True
1710807515,fk_qslstm,ema,test,1000284,3,-0.7454056143760681,0.13952721655368805,0.13989514112472534,True
1710807515,fk_qslstm,ema,test,1000284,4,-0.8616563081741333,-0.4053719937801361,-0.40822792053222656,True
1710807515,fk_qslstm,ema,test,1000284,5,-0.4051676392555237,-0.567398190498352,-0.5683514475822449,True
1710807515,fk_qslstm,ema,test,1000284,6,0.42934802174568176,-0.19630973041057587,-0.19556942582130432,True
1710807515,fk_qslstm,ema,test,1000284,7,0.9664503931999207,0.4228224456310272,0.4175574481487274,True
1710807515,fk_qslstm,ema,test,1000284,8,0.7399862408638,0.7822496891021729,0.7801685929298401,True
1710807515,fk_qslstm,ema,test,1000284,9,-0.15581852197647095,0.5323086380958557,0.5257542133331299,True
1710807515,fk_qslstm,ema,test,1000284,10,-0.7070250511169434,0.0016318775014951825,-0.00608333945274353,True
1710807515,fk_qslstm,ema,test,1000284,11,0.35133078694343567,0.2121039628982544,0.20320570468902588,True
1710807515,fk_qslstm,ema,test,1000284,12,-0.21788880228996277,0.03894989565014839,0.037037014961242676,True
1710807515,fk_qslstm,ema,test,1000284,13,-0.21653228998184204,-0.09875946491956711,-0.09662029147148132,True
1710807515,fk_qslstm,ema,test,1000284,14,-0.7081409096717834,-0.5038921236991882,-0.5034363269805908,True
1710807515,fk_qslstm,ema,test,1000284,15,0.8442423343658447,0.10343170911073685,0.10266576707363129,True
1710807515,fk_qslstm,ema,test,1000284,16,-0.23763230443000793,-0.059834014624357224,-0.055697888135910034,True
1710807515,fk_qslstm,ema,test,1000284,17,-0.7948760986328125,-0.5247928500175476,-0.5249972343444824,True
1710807515,fk_qslstm,ema,test,1000284,18,0.6852728128433228,-0.008670624345541,-0.009183615446090698,True
1710807515,fk_qslstm,ema,test,1000284,19,-0.7885016202926636,-0.4800374507904053,-0.47976380586624146,True
1710807515,fk_qslstm,ema,test,1000284,20,0.03993407264351845,-0.36006951332092285,-0.3606117367744446,True
1710807515,fk_qslstm,ema,test,1000284,21,-0.8758047223091125,-0.8135384917259216,-0.8173797726631165,True
1710807515,fk_qslstm,ema,test,1000284,22,0.1346064805984497,-0.5700668692588806,-0.5726563334465027,True
1710807515,fk_qslstm,ema,test,1000284,23,0.3336242735385895,-0.25587892532348633,-0.2589426636695862,True
1710807515,fk_qslstm,ema,test,1000284,24,0.8046733736991882,0.2781008780002594,0.27134135365486145,True
1710807515,fk_qslstm,ema,test,1000284,25,-0.6831841468811035,-0.18742980062961578,-0.19125422835350037,True
1710807515,fk_qslstm,ema,test,1000284,26,0.5201393365859985,0.16213977336883545,0.15370315313339233,True
1710807515,fk_qslstm,ema,test,1000284,27,-0.9712482690811157,-0.4530371129512787,-0.4542689919471741,True
1710807515,fk_qslstm,ema,test,1000284,28,0.27973172068595886,-0.19459067285060883,-0.1966497302055359,True
1710807515,fk_qslstm,ema,test,1000284,29,0.14845822751522064,-0.0665976032614708,-0.06782263517379761,True
1710807515,fk_qslstm,ema,test,1000284,30,-0.3042105436325073,-0.23580440878868103,-0.2334979772567749,True
1710807515,fk_qslstm,ema,test,1000284,31,-0.016908753663301468,-0.19878877699375153,-0.1958126425743103,True
1710807515,fk_qslstm,ema,test,1000285,0,0.006807265337556601,0.004084358923137188,0.005064249038696289,True
1710807515,fk_qslstm,ema,test,1000285,1,0.882623016834259,0.5328413248062134,0.5264498591423035,True
1710807515,fk_qslstm,ema,test,1000285,2,0.1508898288011551,0.516806960105896,0.506070077419281,True
1710807515,fk_qslstm,ema,test,1000285,3,0.23393408954143524,0.5538060069084167,0.5435278415679932,True
1710807515,fk_qslstm,ema,test,1000285,4,-0.9901799559593201,-0.15106315910816193,-0.15087944269180298,True
1710807515,fk_qslstm,ema,test,1000285,5,-0.5499436259269714,-0.45081669092178345,-0.44990092515945435,True
1710807515,fk_qslstm,ema,test,1000285,6,-0.10186190158128738,-0.42177051305770874,-0.4152255654335022,True
1710807515,fk_qslstm,ema,test,1000285,7,-0.41890251636505127,-0.5887579321861267,-0.5813151001930237,True
1710807515,fk_qslstm,ema,test,1000285,8,-0.4241977035999298,-0.7255249619483948,-0.719963014125824,True
1710807515,fk_qslstm,ema,test,1000285,9,-0.7937331199645996,-1.0566598176956177,-1.0547940731048584,True
1710807515,fk_qslstm,ema,test,1000285,10,0.39894095063209534,-0.6059632897377014,-0.6026839017868042,True
1710807515,fk_qslstm,ema,test,1000285,11,-0.856593668460846,-0.9987268447875977,-1.0017733573913574,True
1710807515,fk_qslstm,ema,test,1000285,12,0.577660083770752,-0.45238539576530457,-0.45107346773147583,True
1710807515,fk_qslstm,ema,test,1000285,13,0.31746551394462585,-0.17142900824546814,-0.17249959707260132,True
1710807515,fk_qslstm,ema,test,1000285,14,0.41228190064430237,0.11022593080997467,0.10523629188537598,True
1710807515,fk_qslstm,ema,test,1000285,15,-0.44010263681411743,-0.17588084936141968,-0.17624551057815552,True
1710807515,fk_qslstm,ema,test,1000285,16,-0.48430073261260986,-0.4312851130962372,-0.4314565062522888,True
1710807515,fk_qslstm,ema,test,1000285,17,0.6744142770767212,0.059620458632707596,0.05872082710266113,True
1710807515,fk_qslstm,ema,test,1000285,18,0.7254524827003479,0.4829678535461426,0.48207420110702515,True
1710807515,fk_qslstm,ema,test,1000285,19,0.21741096675395966,0.5168208479881287,0.5132904052734375,True
1710807515,fk_qslstm,ema,test,1000285,20,-0.03919798508286476,0.3899379074573517,0.3858049809932709,True
1710807515,fk_qslstm,ema,test,1000285,21,0.2556077539920807,0.46531498432159424,0.4611527621746063,True
1710807515,fk_qslstm,ema,test,1000285,22,-0.8905777335166931,-0.16209466755390167,-0.16131415963172913,True
1710807515,fk_qslstm,ema,test,1000285,23,0.38541358709335327,0.10157240927219391,0.10070064663887024,True
1710807515,fk_qslstm,ema,test,1000285,24,0.9543592929840088,0.6538735032081604,0.6546967625617981,True
1710807515,fk_qslstm,ema,test,1000285,25,-0.7066733241081238,0.09909480810165405,0.09749644994735718,True
1710807515,fk_qslstm,ema,test,1000285,26,-0.364633709192276,-0.13950437307357788,-0.13977167010307312,True
1710807515,fk_qslstm,ema,test,1000285,27,0.775177538394928,0.35350301861763,0.3525201976299286,True
1710807515,fk_qslstm,ema,test,1000285,28,-0.03704477846622467,0.260575532913208,0.26101839542388916,True
1710807515,fk_qslstm,ema,test,1000285,29,-0.6084355711936951,-0.15660090744495392,-0.15545961260795593,True
1710807515,fk_qslstm,ema,test,1000285,30,-0.6392697095870972,-0.5088425278663635,-0.5100037455558777,True
1710807515,fk_qslstm,ema,test,1000285,31,-0.8121492266654968,-0.8943635821342468,-0.8996185660362244,True
1710807515,fk_qslstm,ema,test,1000286,0,-0.8782506585121155,-0.5269504189491272,-0.5174263119697571,True
1710807515,fk_qslstm,ema,test,1000286,1,-0.5568802356719971,-0.755688488483429,-0.7634978890419006,True
1710807515,fk_qslstm,ema,test,1000286,2,-0.004264852497726679,-0.6071097254753113,-0.6162256598472595,True
1710807515,fk_qslstm,ema,test,1000286,3,-0.5159541964530945,-0.7952603101730347,-0.8037634491920471,True
1710807515,fk_qslstm,ema,test,1000286,4,-0.08466677367687225,-0.6870083212852478,-0.6899739503860474,True
1710807515,fk_qslstm,ema,test,1000286,5,-0.9797128438949585,-1.1374343633651733,-1.1361067295074463,True
1710807515,fk_qslstm,ema,test,1000286,6,0.41930708289146423,-0.6583632230758667,-0.6539596319198608,True
1710807515,fk_qslstm,ema,test,1000286,7,0.28052788972854614,-0.35837385058403015,-0.35414761304855347,True
1710807515,fk_qslstm,ema,test,1000286,8,-0.003931401763111353,-0.2890579104423523,-0.2834480404853821,True
1710807515,fk_qslstm,ema,test,1000286,9,0.2635274827480316,-0.07312984764575958,-0.06988486647605896,True
1710807515,fk_qslstm,ema,test,1000286,10,0.13662020862102509,0.023468244820833206,0.025704175233840942,True
1710807515,fk_qslstm,ema,test,1000286,11,0.012493768706917763,0.026270857080817223,0.02903592586517334,True
1710807515,fk_qslstm,ema,test,1000286,12,-0.9614766836166382,-0.5558693408966064,-0.552061140537262,True
1710807515,fk_qslstm,ema,test,1000286,13,0.7368040084838867,-0.0026130524929612875,0.001691192388534546,True
1710807515,fk_qslstm,ema,test,1000286,14,0.4424590468406677,0.26338499784469604,0.26531970500946045,True
1710807515,fk_qslstm,ema,test,1000286,15,-0.8946542143821716,-0.32608455419540405,-0.3217727541923523,True
1710807515,fk_qslstm,ema,test,1000286,16,0.06338348239660263,-0.22283755242824554,-0.2189263105392456,True
1710807515,fk_qslstm,ema,test,1000286,17,0.32799237966537476,0.018525393679738045,0.020566046237945557,True
1710807515,fk_qslstm,ema,test,1000286,18,-0.41535234451293945,-0.23439107835292816,-0.22913408279418945,True
1710807515,fk_qslstm,ema,test,1000286,19,-0.043463028967380524,-0.21359068155288696,-0.20814764499664307,True
1710807515,fk_qslstm,ema,test,1000286,20,-0.1985778510570526,-0.29001927375793457,-0.28236109018325806,True
1710807515,fk_qslstm,ema,test,1000286,21,-0.5749635100364685,-0.5769935250282288,-0.572549045085907,True
1710807515,fk_qslstm,ema,test,1000286,22,0.6195418238639832,-0.08986971527338028,-0.08677539229393005,True
1710807515,fk_qslstm,ema,test,1000286,23,0.2043706476688385,0.050726618617773056,0.0509299635887146,True
1710807515,fk_qslstm,ema,test,1000286,24,0.6184241771697998,0.41163578629493713,0.40859147906303406,True
1710807515,fk_qslstm,ema,test,1000286,25,-0.965933620929718,-0.25025156140327454,-0.24612683057785034,True
1710807515,fk_qslstm,ema,test,1000286,26,-0.011968664824962616,-0.2073824405670166,-0.20333975553512573,True
1710807515,fk_qslstm,ema,test,1000286,27,-0.8141870498657227,-0.6544181704521179,-0.653256356716156,True
1710807515,fk_qslstm,ema,test,1000286,28,0.3058931827545166,-0.33999863266944885,-0.33827710151672363,True
1710807515,fk_qslstm,ema,test,1000286,29,-0.874090850353241,-0.7964534163475037,-0.7984666228294373,True
1710807515,fk_qslstm,ema,test,1000286,30,0.6222092509269714,-0.26383715867996216,-0.26241952180862427,True
1710807515,fk_qslstm,ema,test,1000286,31,-0.6677073836326599,-0.6116941571235657,-0.6127492189407349,True
1710807515,fk_qslstm,ema,test,1000287,0,0.6992282271385193,0.41953691840171814,0.41695114970207214,True
1710807515,fk_qslstm,ema,test,1000287,1,-0.0020061677787452936,0.33442583680152893,0.34270307421684265,True
1710807515,fk_qslstm,ema,test,1000287,2,-0.193008154630661,0.15173578262329102,0.15444862842559814,True
1710807515,fk_qslstm,ema,test,1000287,3,-0.5478677153587341,-0.20733200013637543,-0.20453578233718872,True
1710807515,fk_qslstm,ema,test,1000287,4,0.7765244841575623,0.3000490665435791,0.29971951246261597,True
1710807515,fk_qslstm,ema,test,1000287,5,-0.5944340825080872,-0.11662119626998901,-0.11387190222740173,True
1710807515,fk_qslstm,ema,test,1000287,6,-0.78054279088974,-0.5616226196289062,-0.5643475651741028,True
1710807515,fk_qslstm,ema,test,1000287,7,0.38217073678970337,-0.2199956476688385,-0.221849262714386,True
1710807515,fk_qslstm,ema,test,1000287,8,-0.9375251531600952,-0.7385116219520569,-0.740925133228302,True
1710807515,fk_qslstm,ema,test,1000287,9,-0.10902967303991318,-0.6562270522117615,-0.6580669283866882,True
1710807515,fk_qslstm,ema,test,1000287,10,0.06435823440551758,-0.48636671900749207,-0.48578888177871704,True
1710807515,fk_qslstm,ema,test,1000287,11,-0.7074837684631348,-0.8135836720466614,-0.8182840943336487,True
1710807515,fk_qslstm,ema,test,1000287,12,0.5497342348098755,-0.32102641463279724,-0.32211440801620483,True
1710807515,fk_qslstm,ema,test,1000287,13,-0.9946874380111694,-0.8536335825920105,-0.854608952999115,True
1710807515,fk_qslstm,ema,test,1000287,14,0.6432333588600159,-0.29696688055992126,-0.2939280867576599,True
1710807515,fk_qslstm,ema,test,1000287,15,-0.998231828212738,-0.8365126252174377,-0.8337002396583557,True
1710807515,fk_qslstm,ema,test,1000287,16,0.5792168378829956,-0.3216799795627594,-0.3160225749015808,True
1710807515,fk_qslstm,ema,test,1000287,17,-0.21624992787837982,-0.3870939314365387,-0.3790310025215149,True
1710807515,fk_qslstm,ema,test,1000287,18,0.23081791400909424,-0.17118439078330994,-0.16641905903816223,True
1710807515,fk_qslstm,ema,test,1000287,19,-0.33355429768562317,-0.33708009123802185,-0.33014750480651855,True
1710807515,fk_qslstm,ema,test,1000287,20,0.3949010670185089,-0.03272343799471855,-0.03050529956817627,True
1710807515,fk_qslstm,ema,test,1000287,21,0.34063875675201416,0.1782045066356659,0.1767389178276062,True
1710807515,fk_qslstm,ema,test,1000287,22,0.2770765423774719,0.3088095188140869,0.30474331974983215,True
1710807515,fk_qslstm,ema,test,1000287,23,-0.8271054029464722,-0.24921560287475586,-0.2509217858314514,True
1710807515,fk_qslstm,ema,test,1000287,24,0.8115290403366089,0.28754493594169617,0.2832968831062317,True
1710807515,fk_qslstm,ema,test,1000287,25,-0.8871669769287109,-0.3022642433643341,-0.30041444301605225,True
1710807515,fk_qslstm,ema,test,1000287,26,-0.01588664948940277,-0.25134336948394775,-0.24945342540740967,True
1710807515,fk_qslstm,ema,test,1000287,27,0.6717207431793213,0.20195774734020233,0.20217373967170715,True
1710807515,fk_qslstm,ema,test,1000287,28,-0.618840217590332,-0.20973794162273407,-0.20686286687850952,True
1710807515,fk_qslstm,ema,test,1000287,29,-0.893876850605011,-0.7041164636611938,-0.7069380879402161,True
1710807515,fk_qslstm,ema,test,1000287,30,0.6130819320678711,-0.1954440027475357,-0.19385558366775513,True
1710807515,fk_qslstm,ema,test,1000287,31,-0.3435363173484802,-0.36247700452804565,-0.3572677969932556,True
1710807515,fk_qslstm,ema,test,1000288,0,-0.17217621207237244,-0.10330572724342346,-0.10151639580726624,True
1710807515,fk_qslstm,ema,test,1000288,1,-0.455131471157074,-0.35572347044944763,-0.353288471698761,True
1710807515,fk_qslstm,ema,test,1000288,2,-0.5868593454360962,-0.6366943717002869,-0.6444724202156067,True
1710807515,fk_qslstm,ema,test,1000288,3,-0.7998471856117249,-0.9892638325691223,-1.0008983612060547,True
1710807515,fk_qslstm,ema,test,1000288,4,-0.0900738388299942,-0.8454553484916687,-0.8548077940940857,True
1710807515,fk_qslstm,ema,test,1000288,5,-0.9005082845687866,-1.2166692018508911,-1.2207674980163574,True
1710807515,fk_qslstm,ema,test,1000288,6,-0.6548103094100952,-1.36622154712677,-1.3647775650024414,True
1710807515,fk_qslstm,ema,test,1000288,7,0.23032817244529724,-0.9547803401947021,-0.9662204384803772,True
1710807515,fk_qslstm,ema,test,1000288,8,-0.5473278164863586,-1.0922210216522217,-1.1102659702301025,True
1710807515,fk_qslstm,ema,test,1000288,9,-0.7628245949745178,-1.331471562385559,-1.3409783840179443,True
1710807515,fk_qslstm,ema,test,1000288,10,0.25780782103538513,-0.9104925394058228,-0.9256377816200256,True
1710807515,fk_qslstm,ema,test,1000288,11,-0.6411596536636353,-1.1130897998809814,-1.1325955390930176,True
1710807515,fk_qslstm,ema,test,1000288,12,0.4836236238479614,-0.6002976894378662,-0.6091292500495911,True
1710807515,fk_qslstm,ema,test,1000288,13,-0.19365912675857544,-0.5964336395263672,-0.5996045470237732,True
1710807515,fk_qslstm,ema,test,1000288,14,-0.7984384894371033,-0.9562100172042847,-0.9635087847709656,True
1710807515,fk_qslstm,ema,test,1000288,15,0.82553631067276,-0.26964622735977173,-0.264800488948822,True
1710807515,fk_qslstm,ema,test,1000288,16,-0.23674510419368744,-0.35776403546333313,-0.34854763746261597,True
1710807515,fk_qslstm,ema,test,1000288,17,0.13997392356395721,-0.2022268921136856,-0.19495245814323425,True
1710807515,fk_qslstm,ema,test,1000288,18,-0.8743225932121277,-0.6863750219345093,-0.6829268336296082,True
1710807515,fk_qslstm,ema,test,1000288,19,-0.7041981816291809,-0.9716189503669739,-0.9745381474494934,True
1710807515,fk_qslstm,ema,test,1000288,20,-0.9553009867668152,-1.350475788116455,-1.3384714126586914,True
1710807515,fk_qslstm,ema,test,1000288,21,0.0350998193025589,-1.0593206882476807,-1.0597114562988281,True
1710807515,fk_qslstm,ema,test,1000288,22,0.042614586651325226,-0.8218877911567688,-0.8278631567955017,True
1710807515,fk_qslstm,ema,test,1000288,23,0.47323891520500183,-0.3735668957233429,-0.3737439513206482,True
1710807515,fk_qslstm,ema,test,1000288,24,-0.31064924597740173,-0.4852430522441864,-0.4818364977836609,True
1710807515,fk_qslstm,ema,test,1000288,25,-0.5135274529457092,-0.6963109374046326,-0.6954243779182434,True
1710807515,fk_qslstm,ema,test,1000288,26,-0.16007062792778015,-0.6530911326408386,-0.6497030258178711,True
1710807515,fk_qslstm,ema,test,1000288,27,0.3542591333389282,-0.3099174201488495,-0.305511474609375,True
1710807515,fk_qslstm,ema,test,1000288,28,0.7217775583267212,0.18513260781764984,0.18543781340122223,True
1710807515,fk_qslstm,ema,test,1000288,29,0.6670924425125122,0.5483615398406982,0.5483658313751221,True
1710807515,fk_qslstm,ema,test,1000288,30,-0.9977808594703674,-0.15997926890850067,-0.15151885151863098,True
1710807515,fk_qslstm,ema,test,1000288,31,-0.5807965397834778,-0.47646135091781616,-0.47176384925842285,True
1710807515,fk_qslstm,ema,test,1000289,0,-0.7919877767562866,-0.4751926362514496,-0.4691242575645447,True
1710807515,fk_qslstm,ema,test,1000289,1,-0.19305452704429626,-0.49598681926727295,-0.5009480118751526,True
1710807515,fk_qslstm,ema,test,1000289,2,-0.40598034858703613,-0.6403777003288269,-0.6480168700218201,True
1710807515,fk_qslstm,ema,test,1000289,3,0.9372261762619019,0.0500335656106472,0.04664051532745361,True
1710807515,fk_qslstm,ema,test,1000289,4,-0.6606363654136658,-0.3563549518585205,-0.35478538274765015,True
1710807515,fk_qslstm,ema,test,1000289,5,0.03294253349304199,-0.26531845331192017,-0.26338058710098267,True
1710807515,fk_qslstm,ema,test,1000289,6,-0.5754392743110657,-0.5575183033943176,-0.5557597279548645,True
1710807515,fk_qslstm,ema,test,1000289,7,0.5526641011238098,-0.1144161969423294,-0.11264634132385254,True
1710807515,fk_qslstm,ema,test,1000289,8,-0.8300212621688843,-0.589545726776123,-0.5890809893608093,True
1710807515,fk_qslstm,ema,test,1000289,9,0.8831518888473511,0.05825456976890564,0.056510671973228455,True
1710807515,fk_qslstm,ema,test,1000289,10,0.837434709072113,0.5490644574165344,0.5475577116012573,True
1710807515,fk_qslstm,ema,test,1000289,11,-0.5295001864433289,0.12155146151781082,0.11912490427494049,True
1710807515,fk_qslstm,ema,test,1000289,12,-0.9194819927215576,-0.45444801449775696,-0.4578285813331604,True
1710807515,fk_qslstm,ema,test,1000289,13,0.3098503053188324,-0.17764823138713837,-0.1798821985721588,True
1710807515,fk_qslstm,ema,test,1000289,14,0.06916370242834091,-0.10062035918235779,-0.10066395998001099,True
1710807515,fk_qslstm,ema,test,1000289,15,-0.6908050179481506,-0.49497929215431213,-0.496784508228302,True
1710807515,fk_qslstm,ema,test,1000289,16,0.868892252445221,0.1253519207239151,0.12143650650978088,True
1710807515,fk_qslstm,ema,test,1000289,17,0.4038211405277252,0.34257420897483826,0.3371885120868683,True
1710807515,fk_qslstm,ema,test,1000289,18,-0.08217399567365646,0.22475497424602509,0.22049526870250702,True
1710807515,fk_qslstm,ema,test,1000289,19,-0.29611581563949585,0.0021344926208257675,0.001833111047744751,True
1710807515,fk_qslstm,ema,test,1000289,20,0.8394827246665955,0.5053972005844116,0.5049025416374207,True
1710807515,fk_qslstm,ema,test,1000289,21,-0.06800635159015656,0.3635139763355255,0.36263307929039,True
1710807515,fk_qslstm,ema,test,1000289,22,-0.04867393523454666,0.2616068124771118,0.26065248250961304,True
1710807515,fk_qslstm,ema,test,1000289,23,-0.40623366832733154,-0.03445474058389664,-0.03140363097190857,True
1710807515,fk_qslstm,ema,test,1000289,24,0.5835610032081604,0.32257279753685,0.3236331343650818,True
1710807515,fk_qslstm,ema,test,1000289,25,-0.0937468484044075,0.20181012153625488,0.20550185441970825,True
1710807515,fk_qslstm,ema,test,1000289,26,-0.3237916827201843,-0.03282691165804863,-0.026452958583831787,True
1710807515,fk_qslstm,ema,test,1000289,27,-0.5801122188568115,-0.3743288516998291,-0.3682402968406677,True
1710807515,fk_qslstm,ema,test,1000289,28,-0.9017899036407471,-0.8405370116233826,-0.8393250107765198,True
1710807515,fk_qslstm,ema,test,1000289,29,-0.8701778650283813,-1.1945363283157349,-1.1909937858581543,True
1710807515,fk_qslstm,ema,test,1000289,30,-0.21878863871097565,-1.0869022607803345,-1.0876998901367188,True
1710807515,fk_qslstm,ema,test,1000289,31,0.45397648215293884,-0.5971359014511108,-0.5956879258155823,True
1710807515,fk_qslstm,ema,test,1000290,0,-0.9661821126937866,-0.5797092914581299,-0.5647909641265869,True
1710807515,fk_qslstm,ema,test,1000290,1,0.9243453145027161,0.09083976596593857,0.09250597655773163,True
1710807515,fk_qslstm,ema,test,1000290,2,0.42921069264411926,0.3301982283592224,0.3300268352031708,True
1710807515,fk_qslstm,ema,test,1000290,3,-0.4999556541442871,-0.035814810544252396,-0.03105822205543518,True
1710807515,fk_qslstm,ema,test,1000290,4,0.14694373309612274,0.05951438844203949,0.0642099678516388,True
1710807515,fk_qslstm,ema,test,1000290,5,-0.8809282183647156,-0.4809454381465912,-0.47504156827926636,True
1710807515,fk_qslstm,ema,test,1000290,6,0.6504780650138855,0.005530488211661577,0.011467337608337402,True
1710807515,fk_qslstm,ema,test,1000290,7,0.3279617726802826,0.2012014538049698,0.20569592714309692,True
1710807515,fk_qslstm,ema,test,1000290,8,-0.8240156173706055,-0.33344823122024536,-0.32852429151535034,True
1710807515,fk_qslstm,ema,test,1000290,9,-0.9400759935379028,-0.830804169178009,-0.8315408825874329,True
1710807515,fk_qslstm,ema,test,1000290,10,0.47358614206314087,-0.3804916739463806,-0.37524157762527466,True
1710807515,fk_qslstm,ema,test,1000290,11,0.15556871891021729,-0.21105210483074188,-0.2062680721282959,True
1710807515,fk_qslstm,ema,test,1000290,12,-0.6865400671958923,-0.5807657241821289,-0.5800691246986389,True
1710807515,fk_qslstm,ema,test,1000290,13,-0.16453440487384796,-0.5633332133293152,-0.5617202520370483,True
1710807515,fk_qslstm,ema,test,1000290,14,-0.43672603368759155,-0.712702214717865,-0.711617648601532,True
1710807515,fk_qslstm,ema,test,1000290,15,-0.1628970205783844,-0.6678999662399292,-0.6657326221466064,True
1710807515,fk_qslstm,ema,test,1000290,16,0.9092490077018738,0.011229434050619602,0.01233479380607605,True
1710807515,fk_qslstm,ema,test,1000290,17,-0.45296064019203186,-0.26279282569885254,-0.2587693929672241,True
1710807515,fk_qslstm,ema,test,1000290,18,-0.7474452257156372,-0.6587014198303223,-0.6617254614830017,True
1710807515,fk_qslstm,ema,test,1000290,19,-0.5001131296157837,-0.8270289897918701,-0.8324909806251526,True
1710807515,fk_qslstm,ema,test,1000290,20,-0.486653208732605,-0.953615128993988,-0.9599363207817078,True
1710807515,fk_qslstm,ema,test,1000290,21,0.7121037244796753,-0.3356298804283142,-0.33340954780578613,True
1710807515,fk_qslstm,ema,test,1000290,22,-0.6748008131980896,-0.6733843684196472,-0.6752479672431946,True
1710807515,fk_qslstm,ema,test,1000290,23,-0.5485467910766602,-0.8678355813026428,-0.8752527832984924,True
1710807515,fk_qslstm,ema,test,1000290,24,-0.30250343680381775,-0.8757705688476562,-0.8821044564247131,True
1710807515,fk_qslstm,ema,test,1000290,25,-0.7879834771156311,-1.1734064817428589,-1.1782751083374023,True
1710807515,fk_qslstm,ema,test,1000290,26,0.3050599992275238,-0.7556892037391663,-0.7612702250480652,True
1710807515,fk_qslstm,ema,test,1000290,27,0.10467109084129333,-0.5417487025260925,-0.5471011996269226,True
1710807515,fk_qslstm,ema,test,1000290,28,-0.35965442657470703,-0.6491916179656982,-0.6538583636283875,True
1710807515,fk_qslstm,ema,test,1000290,29,0.9111267328262329,0.027322756126523018,0.02418839931488037,True
1710807515,fk_qslstm,ema,test,1000290,30,-0.14742302894592285,-0.06659561395645142,-0.06476724147796631,True
1710807515,fk_qslstm,ema,test,1000290,31,-0.16774921119213104,-0.15392601490020752,-0.15071547031402588,True
1710807515,fk_qslstm,ema,test,1000291,0,0.1958436518907547,0.11750619113445282,0.11773288249969482,True
1710807515,fk_qslstm,ema,test,1000291,1,-0.8024101257324219,-0.38744109869003296,-0.37970447540283203,True
1710807515,fk_qslstm,ema,test,1000291,2,0.599521279335022,0.0497598834335804,0.04579049348831177,True
1710807515,fk_qslstm,ema,test,1000291,3,-0.8193473815917969,-0.45180049538612366,-0.4536498188972473,True
1710807515,fk_qslstm,ema,test,1000291,4,-0.4268554449081421,-0.6175536513328552,-0.6213522553443909,True
1710807515,fk_qslstm,ema,test,1000291,5,-0.8606621026992798,-1.0104402303695679,-1.0158636569976807,True
1710807515,fk_qslstm,ema,test,1000291,6,0.3328211307525635,-0.6086595058441162,-0.6105313301086426,True
1710807515,fk_qslstm,ema,test,1000291,7,0.9333605766296387,0.07308873534202576,0.06796526908874512,True
1710807515,fk_qslstm,ema,test,1000291,8,0.6849543452262878,0.46944358944892883,0.4637101888656616,True
1710807515,fk_qslstm,ema,test,1000291,9,-0.6033173203468323,0.01356449630111456,0.009875774383544922,True
1710807515,fk_qslstm,ema,test,1000291,10,0.39290887117385864,0.24659693241119385,0.2393496036529541,True
1710807515,fk_qslstm,ema,test,1000291,11,0.1167171448469162,0.2673078179359436,0.26244476437568665,True
1710807515,fk_qslstm,ema,test,1000291,12,-0.2504868805408478,0.06355413794517517,0.06337161362171173,True
1710807515,fk_qslstm,ema,test,1000291,13,0.6178626418113708,0.4215609133243561,0.4209265112876892,True
1710807515,fk_qslstm,ema,test,1000291,14,0.9351392984390259,0.8983322978019714,0.9033187627792358,True
1710807515,fk_qslstm,ema,test,1000291,15,0.34817469120025635,0.927570641040802,0.9296697974205017,True
1710807515,fk_qslstm,ema,test,1000291,16,0.6359491944313049,1.1236259937286377,1.127962350845337,True
1710807515,fk_qslstm,ema,test,1000291,17,0.5420850515365601,1.224151849746704,1.2272814512252808,True
1710807515,fk_qslstm,ema,test,1000291,18,0.10683340579271317,1.0434215068817139,1.0496904850006104,True
1710807515,fk_qslstm,ema,test,1000291,19,-0.8257823586463928,0.3392677903175354,0.34143441915512085,True
1710807515,fk_qslstm,ema,test,1000291,20,0.9133908748626709,0.8194487690925598,0.826055109500885,True
1710807515,fk_qslstm,ema,test,1000291,21,-0.9910027980804443,0.060957346111536026,0.07084633409976959,True
1710807515,fk_qslstm,ema,test,1000291,22,-0.13113920390605927,-0.029917646199464798,-0.021852850914001465,True
1710807515,fk_qslstm,ema,test,1000291,23,0.47679880261421204,0.26214516162872314,0.26695773005485535,True
1710807515,fk_qslstm,ema,test,1000291,24,-0.29907992482185364,0.030268175527453423,0.03797799348831177,True
1710807515,fk_qslstm,ema,test,1000291,25,-0.09866127371788025,-0.03498222306370735,-0.02692943811416626,True
1710807515,fk_qslstm,ema,test,1000291,26,-0.9936749339103699,-0.6241907477378845,-0.6153426766395569,True
1710807515,fk_qslstm,ema,test,1000291,27,-0.1905437409877777,-0.6136788129806519,-0.604066789150238,True
1710807515,fk_qslstm,ema,test,1000291,28,-0.06734771281480789,-0.5313516855239868,-0.5201024413108826,True
1710807515,fk_qslstm,ema,test,1000291,29,0.26340973377227783,-0.26703551411628723,-0.25859659910202026,True
1710807515,fk_qslstm,ema,test,1000291,30,-0.3717345893383026,-0.43666917085647583,-0.4286049008369446,True
1710807515,fk_qslstm,ema,test,1000291,31,-0.3183305561542511,-0.5403336882591248,-0.5335826873779297,True
1710807515,fk_qslstm,ema,test,1000292,0,0.7822451591491699,0.4693470895290375,0.4645055830478668,True
1710807515,fk_qslstm,ema,test,1000292,1,-0.49251964688301086,0.07996587455272675,0.09219717979431152,True
1710807515,fk_qslstm,ema,test,1000292,2,-0.8728027939796448,-0.4597089886665344,-0.4564892053604126,True
1710807515,fk_qslstm,ema,test,1000292,3,0.976750910282135,0.21828335523605347,0.21319374442100525,True
1710807515,fk_qslstm,ema,test,1000292,4,-0.4047885835170746,-0.06824645400047302,-0.06844770908355713,True
1710807515,fk_qslstm,ema,test,1000292,5,0.5298411250114441,0.2633075416088104,0.2577212154865265,True
1710807515,fk_qslstm,ema,test,1000292,6,-0.9881536960601807,-0.382246196269989,-0.37970787286758423,True
1710807515,fk_qslstm,ema,test,1000292,7,-0.17154213786125183,-0.40872225165367126,-0.4047861695289612,True
1710807515,fk_qslstm,ema,test,1000292,8,-0.1294436752796173,-0.4046440124511719,-0.3973820209503174,True
1710807515,fk_qslstm,ema,test,1000292,9,0.259840190410614,-0.1678110808134079,-0.16318809986114502,True
1710807515,fk_qslstm,ema,test,1000292,10,0.40057677030563354,0.10609719157218933,0.1056993305683136,True
1710807515,fk_qslstm,ema,test,1000292,11,0.09471935778856277,0.1417093724012375,0.14020460844039917,True
1710807515,fk_qslstm,ema,test,1000292,12,-0.8238502740859985,-0.3809426724910736,-0.3822900652885437,True
1710807515,fk_qslstm,ema,test,1000292,13,0.8399804830551147,0.19923417270183563,0.19534224271774292,True
1710807515,fk_qslstm,ema,test,1000292,14,-0.4063037931919098,-0.08439493924379349,-0.08231031894683838,True
1710807515,fk_qslstm,ema,test,1000292,15,-0.11330826580524445,-0.13550090789794922,-0.13289332389831543,True
1710807515,fk_qslstm,ema,test,1000292,16,-0.1968703418970108,-0.22652292251586914,-0.2208985686302185,True
1710807515,fk_qslstm,ema,test,1000292,17,0.3118368685245514,0.0058837709948420525,0.0074790120124816895,True
1710807515,fk_qslstm,ema,test,1000292,18,-0.3751935660839081,-0.22040912508964539,-0.21579939126968384,True
1710807515,fk_qslstm,ema,test,1000292,19,-0.8096925020217896,-0.662142813205719,-0.6630308032035828,True
1710807515,fk_qslstm,ema,test,1000292,20,0.5764620304107666,-0.18383704125881195,-0.18319332599639893,True
1710807515,fk_qslstm,ema,test,1000292,21,0.5003055334091187,0.15311367809772491,0.15002036094665527,True
1710807515,fk_qslstm,ema,test,1000292,22,0.4327664375305176,0.382150799036026,0.37627243995666504,True
1710807515,fk_qslstm,ema,test,1000292,23,0.08979909867048264,0.35960009694099426,0.3536238372325897,True
1710807515,fk_qslstm,ema,test,1000292,24,-0.020095737650990486,0.2756226360797882,0.271340548992157,True
1710807515,fk_qslstm,ema,test,1000292,25,0.2998267710208893,0.40039417147636414,0.396231472492218,True
1710807515,fk_qslstm,ema,test,1000292,26,0.4191034138202667,0.5717774033546448,0.5693668723106384,True
1710807515,fk_qslstm,ema,test,1000292,27,-0.783700704574585,-0.012798522599041462,-0.013320952653884888,True
1710807515,fk_qslstm,ema,test,1000292,28,0.3435753881931305,0.19590641558170319,0.19326074421405792,True
1710807515,fk_qslstm,ema,test,1000292,29,0.5615922212600708,0.4936804473400116,0.4936017692089081,True
1710807515,fk_qslstm,ema,test,1000292,30,0.3955645263195038,0.632283091545105,0.6328600645065308,True
1710807515,fk_qslstm,ema,test,1000292,31,0.8223434090614319,0.9992325305938721,1.005860686302185,True
1710807515,fk_qslstm,ema,test,1000293,0,0.9909043312072754,0.5945426225662231,0.5783950090408325,True
1710807515,fk_qslstm,ema,test,1000293,1,0.5695772171020508,0.8173803687095642,0.8151044249534607,True
1710807515,fk_qslstm,ema,test,1000293,2,-0.33713677525520325,0.45162224769592285,0.4432111084461212,True
1710807515,fk_qslstm,ema,test,1000293,3,0.37956374883651733,0.5890360474586487,0.5783680081367493,True
1710807515,fk_qslstm,ema,test,1000293,4,0.6137703657150269,0.839491069316864,0.8352833986282349,True
1710807515,fk_qslstm,ema,test,1000293,5,0.8759745359420776,1.197177529335022,1.1946991682052612,True
1710807515,fk_qslstm,ema,test,1000293,6,0.9096843600273132,1.5035526752471924,1.4737229347229004,True
1710807515,fk_qslstm,ema,test,1000293,7,-0.9562936425209045,0.6290659308433533,0.6414107084274292,True
1710807515,fk_qslstm,ema,test,1000293,8,-0.8547495007514954,-0.009596927091479301,0.0036003291606903076,True
1710807515,fk_qslstm,ema,test,1000293,9,-0.6863788366317749,-0.419504851102829,-0.4125652313232422,True
1710807515,fk_qslstm,ema,test,1000293,10,0.2993994653224945,-0.1559642106294632,-0.15347453951835632,True
1710807515,fk_qslstm,ema,test,1000293,11,0.2480284720659256,0.02404572255909443,0.021971583366394043,True
1710807515,fk_qslstm,ema,test,1000293,12,-0.6392403841018677,-0.3643076717853546,-0.36703187227249146,True
1710807515,fk_qslstm,ema,test,1000293,13,0.39750275015830994,-0.05294448509812355,-0.05964502692222595,True
1710807515,fk_qslstm,ema,test,1000293,14,0.1399017721414566,0.04158547893166542,0.03474026918411255,True
1710807515,fk_qslstm,ema,test,1000293,15,-0.8378670811653137,-0.4694518744945526,-0.47631359100341797,True
1710807515,fk_qslstm,ema,test,1000293,16,-0.6500627994537354,-0.7655991911888123,-0.776703417301178,True
1710807515,fk_qslstm,ema,test,1000293,17,-0.33313310146331787,-0.8123592138290405,-0.8210723996162415,True
1710807515,fk_qslstm,ema,test,1000293,18,0.12235447019338608,-0.576474666595459,-0.5812820792198181,True
1710807515,fk_qslstm,ema,test,1000293,19,-0.05318040773272514,-0.4930879771709442,-0.4959683418273926,True
1710807515,fk_qslstm,ema,test,1000293,20,-0.3252389132976532,-0.5896137356758118,-0.5918130278587341,True
1710807515,fk_qslstm,ema,test,1000293,21,-0.24858154356479645,-0.6208398938179016,-0.6218141317367554,True
1710807515,fk_qslstm,ema,test,1000293,22,-0.28256916999816895,-0.6662134528160095,-0.666339099407196,True
1710807515,fk_qslstm,ema,test,1000293,23,0.8890252709388733,0.0004444205551408231,-5.614757537841797e-05,True
1710807515,fk_qslstm,ema,test,1000293,24,-0.07752837240695953,-0.04616148769855499,-0.044748902320861816,True
1710807515,fk_qslstm,ema,test,1000293,25,0.2728717029094696,0.12679383158683777,0.12306687235832214,True
1710807515,fk_qslstm,ema,test,1000293,26,-0.7876226305961609,-0.3711385130882263,-0.37395399808883667,True
1710807515,fk_qslstm,ema,test,1000293,27,0.6046420335769653,0.06587439775466919,0.06079159677028656,True
1710807515,fk_qslstm,ema,test,1000293,28,0.4730721712112427,0.3365428149700165,0.3308069407939911,True
1710807515,fk_qslstm,ema,test,1000293,29,0.7110950946807861,0.6958913207054138,0.6937886476516724,True
1710807515,fk_qslstm,ema,test,1000293,30,-0.8442174792289734,0.05018255114555359,0.049104541540145874,True
1710807515,fk_qslstm,ema,test,1000293,31,0.6657654047012329,0.4396052658557892,0.4364577531814575,True
1710807515,fk_qslstm,ema,test,1000294,0,0.20899835228919983,0.12539900839328766,0.1255914568901062,True
1710807515,fk_qslstm,ema,test,1000294,1,-0.2428634762763977,-0.04539887234568596,-0.03749644756317139,True
1710807515,fk_qslstm,ema,test,1000294,2,0.6647939682006836,0.3625572919845581,0.35966062545776367,True
1710807515,fk_qslstm,ema,test,1000294,3,-0.6377725601196289,-0.0926177129149437,-0.09210208058357239,True
1710807515,fk_qslstm,ema,test,1000294,4,0.03687731549143791,-0.05196778103709221,-0.052143394947052,True
1710807515,fk_qslstm,ema,test,1000294,5,-0.9102985858917236,-0.5877533555030823,-0.5876212120056152,True
1710807515,fk_qslstm,ema,test,1000294,6,-0.08601690828800201,-0.5218128561973572,-0.5194112658500671,True
1710807515,fk_qslstm,ema,test,1000294,7,-0.44369035959243774,-0.6836645007133484,-0.6812739968299866,True
1710807515,fk_qslstm,ema,test,1000294,8,-0.63039231300354,-0.9251669645309448,-0.927259624004364,True
1710807515,fk_qslstm,ema,test,1000294,9,0.3081296682357788,-0.5552557706832886,-0.5549306273460388,True
1710807515,fk_qslstm,ema,test,1000294,10,-0.6302493810653687,-0.822354257106781,-0.8274322152137756,True
1710807515,fk_qslstm,ema,test,1000294,11,-0.5410146713256836,-0.982492208480835,-0.991260826587677,True
1710807515,fk_qslstm,ema,test,1000294,12,0.716425895690918,-0.3561381995677948,-0.3553798794746399,True
1710807515,fk_qslstm,ema,test,1000294,13,0.3238661587238312,-0.09059087187051773,-0.09258422255516052,True
1710807515,fk_qslstm,ema,test,1000294,14,-0.19009068608283997,-0.1865271031856537,-0.18564265966415405,True
1710807515,fk_qslstm,ema,test,1000294,15,0.9796303510665894,0.4385565519332886,0.43280935287475586,True
1710807515,fk_qslstm,ema,test,1000294,16,0.3520519435405731,0.5620763897895813,0.5547699928283691,True
1710807515,fk_qslstm,ema,test,1000294,17,0.07800798863172531,0.49646592140197754,0.4878185987472534,True
1710807515,fk_qslstm,ema,test,1000294,18,0.21932893991470337,0.5287700891494751,0.5204907655715942,True
1710807515,fk_qslstm,ema,test,1000294,19,0.5988583564758301,0.7823310494422913,0.7802513837814331,True
1710807515,fk_qslstm,ema,test,1000294,20,-0.7848019599914551,0.15498368442058563,0.15240485966205597,True
1710807515,fk_qslstm,ema,test,1000294,21,0.08062659204006195,0.17236289381980896,0.17002853751182556,True
1710807515,fk_qslstm,ema,test,1000294,22,0.9786940813064575,0.7251067757606506,0.725936233997345,True
1710807515,fk_qslstm,ema,test,1000294,23,-0.1810993254184723,0.4714258015155792,0.4678627550601959,True
1710807515,fk_qslstm,ema,test,1000294,24,0.06984888017177582,0.4190499782562256,0.4139394760131836,True
1710807515,fk_qslstm,ema,test,1000294,25,-0.07659649103879929,0.28928208351135254,0.2868295907974243,True
1710807515,fk_qslstm,ema,test,1000294,26,0.7529217004776001,0.6831786632537842,0.6857472658157349,True
1710807515,fk_qslstm,ema,test,1000294,27,-0.3915826380252838,0.3115933835506439,0.3126172721385956,True
1710807515,fk_qslstm,ema,test,1000294,28,-0.4454096555709839,-0.01797110214829445,-0.015528321266174316,True
1710807515,fk_qslstm,ema,test,1000294,29,0.29850834608078003,0.16472811996936798,0.1656038910150528,True
1710807515,fk_qslstm,ema,test,1000294,30,0.4231826961040497,0.38569211959838867,0.38599684834480286,True
1710807515,fk_qslstm,ema,test,1000294,31,-0.7410606741905212,-0.1360826939344406,-0.13404589891433716,True
1710807515,fk_qslstm,ema,test,1000295,0,-0.6117202043533325,-0.36703214049339294,-0.3641929030418396,True
1710807515,fk_qslstm,ema,test,1000295,1,-0.19923944771289825,-0.41316938400268555,-0.41723448038101196,True
1710807515,fk_qslstm,ema,test,1000295,2,0.875298023223877,0.1946433186531067,0.18592163920402527,True
1710807515,fk_qslstm,ema,test,1000295,3,0.09331518411636353,0.21170376241207123,0.20752331614494324,True
1710807515,fk_qslstm,ema,test,1000295,4,-0.37985894083976746,-0.05855235084891319,-0.057402580976486206,True
1710807515,fk_qslstm,ema,test,1000295,5,0.5379756689071655,0.2759435474872589,0.2753843665122986,True
1710807515,fk_qslstm,ema,test,1000295,6,0.18022318184375763,0.32888874411582947,0.3291514217853546,True
1710807515,fk_qslstm,ema,test,1000295,7,0.42454835772514343,0.5178400278091431,0.5178309082984924,True
1710807515,fk_qslstm,ema,test,1000295,8,-0.4633655548095703,0.13625265657901764,0.1382974535226822,True
1710807515,fk_qslstm,ema,test,1000295,9,0.6065692901611328,0.4729436933994293,0.4743903875350952,True
1710807515,fk_qslstm,ema,test,1000295,10,0.543192446231842,0.7042704224586487,0.7091290950775146,True
1710807515,fk_qslstm,ema,test,1000295,11,0.5552766919136047,0.8965823650360107,0.9042313694953918,True
1710807515,fk_qslstm,ema,test,1000295,12,0.31320157647132874,0.9051868319511414,0.9118868708610535,True
1710807515,fk_qslstm,ema,test,1000295,13,-0.8228800296783447,0.23042143881320953,0.23387306928634644,True
1710807515,fk_qslstm,ema,test,1000295,14,0.6041571497917175,0.5468314290046692,0.550602912902832,True
1710807515,fk_qslstm,ema,test,1000295,15,-0.3281477987766266,0.24057647585868835,0.24657508730888367,True
1710807515,fk_qslstm,ema,test,1000295,16,-0.010814826004207134,0.18597228825092316,0.19200733304023743,True
1710807515,fk_qslstm,ema,test,1000295,17,0.12258036434650421,0.22232605516910553,0.22853022813796997,True
1710807515,fk_qslstm,ema,test,1000295,18,-0.7923083305358887,-0.2975241541862488,-0.290618896484375,True
1710807515,fk_qslstm,ema,test,1000295,19,0.1659816950559616,-0.13843031227588654,-0.13259357213974,True
1710807515,fk_qslstm,ema,test,1000295,20,0.6037787199020386,0.2515229880809784,0.25506338477134705,True
1710807515,fk_qslstm,ema,test,1000295,21,-0.2231542021036148,0.06732586771249771,0.07384191453456879,True
1710807515,fk_qslstm,ema,test,1000295,22,0.47475022077560425,0.33871081471443176,0.34097766876220703,True
1710807515,fk_qslstm,ema,test,1000295,23,-0.2399955689907074,0.1269713193178177,0.13229653239250183,True
1710807515,fk_qslstm,ema,test,1000295,24,0.14075614511966705,0.18603074550628662,0.18931066989898682,True
1710807515,fk_qslstm,ema,test,1000295,25,0.31454554200172424,0.33755192160606384,0.3392644226551056,True
1710807515,fk_qslstm,ema,test,1000295,26,0.8336021900177002,0.7702028751373291,0.7765942811965942,True
1710807515,fk_qslstm,ema,test,1000295,27,-0.19601459801197052,0.4985535144805908,0.500145435333252,True
1710807515,fk_qslstm,ema,test,1000295,28,-0.9432552456855774,-0.16711033880710602,-0.16261771321296692,True
1710807515,fk_qslstm,ema,test,1000295,29,-0.6462283134460449,-0.5214252471923828,-0.5194185972213745,True
1710807515,fk_qslstm,ema,test,1000295,30,0.8019611239433289,0.06403646618127823,0.06795549392700195,True
1710807515,fk_qslstm,ema,test,1000295,31,0.2270876169204712,0.18748174607753754,0.19035761058330536,True
1710807515,fk_qslstm,ema,test,1000296,0,-0.9617056846618652,-0.577023446559906,-0.5624324679374695,True
1710807515,fk_qslstm,ema,test,1000296,1,0.5019688010215759,-0.1604374647140503,-0.15889036655426025,True
1710807515,fk_qslstm,ema,test,1000296,2,0.42500460147857666,0.126652792096138,0.1255107820034027,True
1710807515,fk_qslstm,ema,test,1000296,3,0.8903899192810059,0.635556161403656,0.6344741582870483,True
1710807515,fk_qslstm,ema,test,1000296,4,-0.14086654782295227,0.4239250123500824,0.42372238636016846,True
1710807515,fk_qslstm,ema,test,1000296,5,-0.43484073877334595,0.07823555916547775,0.08088888227939606,True
1710807515,fk_qslstm,ema,test,1000296,6,-0.43905556201934814,-0.2008448839187622,-0.19429677724838257,True
1710807515,fk_qslstm,ema,test,1000296,7,0.07380110025405884,-0.1163952499628067,-0.10842490196228027,True
1710807515,fk_qslstm,ema,test,1000296,8,0.9881939888000488,0.4998002052307129,0.5023791790008545,True
1710807515,fk_qslstm,ema,test,1000296,9,0.7804969549179077,0.868138313293457,0.8739640116691589,True
1710807515,fk_qslstm,ema,test,1000296,10,0.6319665312767029,1.0736905336380005,1.080394983291626,True
1710807515,fk_qslstm,ema,test,1000296,11,0.1404072642326355,0.9431968331336975,0.9473972916603088,True
1710807515,fk_qslstm,ema,test,1000296,12,0.37988078594207764,0.9824858903884888,0.987650990486145,True
1710807515,fk_qslstm,ema,test,1000296,13,0.9389215707778931,1.349341630935669,1.3440217971801758,True
1710807515,fk_qslstm,ema,test,1000296,14,0.5461799502372742,1.4071812629699707,1.3936989307403564,True
1710807515,fk_qslstm,ema,test,1000296,15,-0.9127270579338074,0.5781087875366211,0.5923808217048645,True
1710807515,fk_qslstm,ema,test,1000296,16,-0.357361763715744,0.24806997179985046,0.25790032744407654,True
1710807515,fk_qslstm,ema,test,1000296,17,0.34963181614875793,0.4082350730895996,0.41159912943840027,True
1710807515,fk_qslstm,ema,test,1000296,18,-0.7565724849700928,-0.1273554116487503,-0.1255631446838379,True
1710807515,fk_qslstm,ema,test,1000296,19,0.3989262580871582,0.13747142255306244,0.13369140028953552,True
1710807515,fk_qslstm,ema,test,1000296,20,0.4936486780643463,0.40616634488105774,0.40183529257774353,True
1710807515,fk_qslstm,ema,test,1000296,21,0.5136324167251587,0.6331125497817993,0.6300279498100281,True
1710807515,fk_qslstm,ema,test,1000296,22,0.5348315238952637,0.8273889422416687,0.8276029229164124,True
1710807515,fk_qslstm,ema,test,1000296,23,0.42188555002212524,0.9150424599647522,0.9166856408119202,True
1710807515,fk_qslstm,ema,test,1000296,24,-0.7912359237670898,0.25729241967201233,0.25547224283218384,True
1710807515,fk_qslstm,ema,test,1000296,25,-0.9812569618225098,-0.3829202353954315,-0.3816526532173157,True
1710807515,fk_qslstm,ema,test,1000296,26,0.14662368595600128,-0.2183619737625122,-0.21332043409347534,True
1710807515,fk_qslstm,ema,test,1000296,27,-0.7237451076507568,-0.608936607837677,-0.6057601571083069,True
1710807515,fk_qslstm,ema,test,1000296,28,-0.9663408994674683,-1.0669538974761963,-1.0648200511932373,True
1710807515,fk_qslstm,ema,test,1000296,29,0.40937504172325134,-0.6079380512237549,-0.6024852991104126,True
1710807515,fk_qslstm,ema,test,1000296,30,0.499467670917511,-0.18666984140872955,-0.1835044026374817,True
1710807515,fk_qslstm,ema,test,1000296,31,-0.849919855594635,-0.6592878103256226,-0.65998375415802,True
1710807515,fk_qslstm,ema,test,1000297,0,-0.9002746939659119,-0.5401648283004761,-0.5294849276542664,True
1710807515,fk_qslstm,ema,test,1000297,1,-0.11687528342008591,-0.5022569894790649,-0.505351722240448,True
1710807515,fk_qslstm,ema,test,1000297,2,0.15762969851493835,-0.3072277903556824,-0.3092651963233948,True
1710807515,fk_qslstm,ema,test,1000297,3,-0.9582343697547913,-0.8207228779792786,-0.8243914246559143,True
1710807515,fk_qslstm,ema,test,1000297,4,0.5888062119483948,-0.3032945394515991,-0.29882752895355225,True
1710807515,fk_qslstm,ema,test,1000297,5,-0.2294556051492691,-0.38030901551246643,-0.37084466218948364,True
1710807515,fk_qslstm,ema,test,1000297,6,0.027468714863061905,-0.2877659797668457,-0.2781607508659363,True
1710807515,fk_qslstm,ema,test,1000297,7,0.22885000705718994,-0.092902772128582,-0.08574247360229492,True
1710807515,fk_qslstm,ema,test,1000297,8,0.9753236174583435,0.510871946811676,0.5118579864501953,True
1710807515,fk_qslstm,ema,test,1000297,9,-0.5292699337005615,0.09113560616970062,0.09089198708534241,True
1710807515,fk_qslstm,ema,test,1000297,10,0.05731301009654999,0.10729628801345825,0.10452401638031006,True
1710807515,fk_qslstm,ema,test,1000297,11,-0.8907896280288696,-0.4486367404460907,-0.44943779706954956,True
1710807515,fk_qslstm,ema,test,1000297,12,-0.04336988925933838,-0.3849313259124756,-0.38342398405075073,True
1710807515,fk_qslstm,ema,test,1000297,13,-0.8062506914138794,-0.7916954755783081,-0.7939861416816711,True
1710807515,fk_qslstm,ema,test,1000297,14,0.7622444033622742,-0.17600972950458527,-0.17354893684387207,True
1710807515,fk_qslstm,ema,test,1000297,15,0.22380413115024567,-0.006525298114866018,-0.0063051581382751465,True
1710807515,fk_qslstm,ema,test,1000297,16,-0.8772618770599365,-0.5315773487091064,-0.5330711007118225,True
1710807515,fk_qslstm,ema,test,1000297,17,-0.4207337498664856,-0.6777021288871765,-0.6807695031166077,True
1710807515,fk_qslstm,ema,test,1000297,18,-0.608651340007782,-0.9073525071144104,-0.9126434922218323,True
1710807515,fk_qslstm,ema,test,1000297,19,0.36009833216667175,-0.5098230242729187,-0.5110889077186584,True
1710807515,fk_qslstm,ema,test,1000297,20,-0.32262179255485535,-0.6014314889907837,-0.6024209856987,True
1710807515,fk_qslstm,ema,test,1000297,21,0.982291579246521,0.10822976380586624,0.10240662097930908,True
1710807515,fk_qslstm,ema,test,1000297,22,0.6103308200836182,0.4527823030948639,0.44606563448905945,True
1710807515,fk_qslstm,ema,test,1000297,23,0.9319522976875305,0.9213972091674805,0.919344961643219,True
1710807515,fk_qslstm,ema,test,1000297,24,0.19770017266273499,0.8557378649711609,0.8499904870986938,True
1710807515,fk_qslstm,ema,test,1000297,25,-0.21395738422870636,0.5562158823013306,0.5463915467262268,True
1710807515,fk_qslstm,ema,test,1000297,26,0.5211399793624878,0.7576566934585571,0.7521249055862427,True
1710807515,fk_qslstm,ema,test,1000297,27,0.0013906232779845595,0.6069597005844116,0.6004694700241089,True
1710807515,fk_qslstm,ema,test,1000297,28,-0.8670711517333984,-0.03467490151524544,-0.03884017467498779,True
1710807515,fk_qslstm,ema,test,1000297,29,0.4872666597366333,0.2646200656890869,0.2599072754383087,True
1710807515,fk_qslstm,ema,test,1000297,30,0.27526360750198364,0.3768542408943176,0.3742389380931854,True
1710807515,fk_qslstm,ema,test,1000297,31,-0.8107811212539673,-0.18498529493808746,-0.18472382426261902,True
1710807515,fk_qslstm,ema,test,1000298,0,0.8961866497993469,0.5377119779586792,0.5278376936912537,True
1710807515,fk_qslstm,ema,test,1000298,1,-0.9406132102012634,-0.13419832289218903,-0.11680838465690613,True
1710807515,fk_qslstm,ema,test,1000298,2,-0.0824870765209198,-0.1568508893251419,-0.1500108242034912,True
1710807515,fk_qslstm,ema,test,1000298,3,-0.7705000638961792,-0.587780773639679,-0.5860001444816589,True
1710807515,fk_qslstm,ema,test,1000298,4,-0.12713339924812317,-0.5465046167373657,-0.544634222984314,True
1710807515,fk_qslstm,ema,test,1000298,5,-0.36319413781166077,-0.6551201939582825,-0.65298992395401,True
1710807515,fk_qslstm,ema,test,1000298,6,-0.6748530864715576,-0.9290080070495605,-0.931868851184845,True
1710807515,fk_qslstm,ema,test,1000298,7,-0.41383713483810425,-0.9915087223052979,-0.9962268471717834,True
1710807515,fk_qslstm,ema,test,1000298,8,-0.9604208469390869,-1.3694595098495483,-1.3575456142425537,True
1710807515,fk_qslstm,ema,test,1000298,9,0.6768685579299927,-0.6894464492797852,-0.6829884648323059,True
1710807515,fk_qslstm,ema,test,1000298,10,0.23589543998241425,-0.4100198745727539,-0.40876835584640503,True
1710807515,fk_qslstm,ema,test,1000298,11,0.6266222596168518,0.047957438975572586,0.04741305112838745,True
1710807515,fk_qslstm,ema,test,1000298,12,-0.5255138874053955,-0.2769424021244049,-0.27326661348342896,True
1710807515,fk_qslstm,ema,test,1000298,13,-0.2055540233850479,-0.34488633275032043,-0.33973491191864014,True
1710807515,fk_qslstm,ema,test,1000298,14,-0.4512101411819458,-0.5466351509094238,-0.5410991907119751,True
1710807515,fk_qslstm,ema,test,1000298,15,0.5638356804847717,-0.09900671243667603,-0.09460806846618652,True
1710807515,fk_qslstm,ema,test,1000298,16,-0.006999268662184477,-0.08340492844581604,-0.07843232154846191,True
1710807515,fk_qslstm,ema,test,1000298,17,0.8306840658187866,0.43168652057647705,0.43229690194129944,True
1710807515,fk_qslstm,ema,test,1000298,18,0.43939676880836487,0.6089872717857361,0.6084339022636414,True
1710807515,fk_qslstm,ema,test,1000298,19,0.35986092686653137,0.7031063437461853,0.7015509605407715,True
1710807515,fk_qslstm,ema,test,1000298,20,0.523513913154602,0.8765934109687805,0.8783344626426697,True
1710807515,fk_qslstm,ema,test,1000298,21,-0.6463905572891235,0.3134404122829437,0.3102703392505646,True
1710807515,fk_qslstm,ema,test,1000298,22,0.7369261980056763,0.6929080486297607,0.6933681964874268,True
1710807515,fk_qslstm,ema,test,1000298,23,-0.9333539009094238,-0.005685881711542606,0.0003266632556915283,True
1710807515,fk_qslstm,ema,test,1000298,24,0.8253044486045837,0.4906339645385742,0.49411264061927795,True
1710807515,fk_qslstm,ema,test,1000298,25,-0.715505063533783,-0.03679588809609413,-0.03113815188407898,True
1710807515,fk_qslstm,ema,test,1000298,26,0.6955507397651672,0.3878937065601349,0.38981616497039795,True
1710807515,fk_qslstm,ema,test,1000298,27,-0.610496461391449,-0.05598289892077446,-0.050825685262680054,True
1710807515,fk_qslstm,ema,test,1000298,28,0.7854756712913513,0.4264990985393524,0.42825037240982056,True
1710807515,fk_qslstm,ema,test,1000298,29,-0.3176407814025879,0.15061479806900024,0.15535786747932434,True
1710807515,fk_qslstm,ema,test,1000298,30,0.47982436418533325,0.4083864390850067,0.4096161723136902,True
1710807515,fk_qslstm,ema,test,1000298,31,-0.5807778239250183,-0.021757541224360466,-0.018197357654571533,True
1710807515,fk_qslstm,ema,test,1000299,0,-0.4948869049549103,-0.2969321310520172,-0.29460448026657104,True
1710807515,fk_qslstm,ema,test,1000299,1,-0.061253905296325684,-0.2742980420589447,-0.27752411365509033,True
1710807515,fk_qslstm,ema,test,1000299,2,-0.24510735273361206,-0.3665028512477875,-0.3698893189430237,True
1710807515,fk_qslstm,ema,test,1000299,3,0.11213057488203049,-0.22592394053936005,-0.22689712047576904,True
1710807515,fk_qslstm,ema,test,1000299,4,0.6686675548553467,0.2204613834619522,0.21826647222042084,True
1710807515,fk_qslstm,ema,test,1000299,5,-0.899807333946228,-0.36351528763771057,-0.3610568046569824,True
1710807515,fk_qslstm,ema,test,1000299,6,-0.8903596997261047,-0.8250280618667603,-0.8295279145240784,True
1710807515,fk_qslstm,ema,test,1000299,7,-0.25724339485168457,-0.814368486404419,-0.8165211081504822,True
1710807515,fk_qslstm,ema,test,1000299,8,0.700194239616394,-0.23137827217578888,-0.22568529844284058,True
1710807515,fk_qslstm,ema,test,1000299,9,0.6242831349372864,0.18946726620197296,0.19162379205226898,True
1710807515,fk_qslstm,ema,test,1000299,10,-0.1288650780916214,0.07425476610660553,0.0786852091550827,True
1710807515,fk_qslstm,ema,test,1000299,11,0.5001369714736938,0.3594859838485718,0.360372930765152,True
1710807515,fk_qslstm,ema,test,1000299,12,0.4960731267929077,0.585232675075531,0.5869490504264832,True
1710807515,fk_qslstm,ema,test,1000299,13,0.5590759515762329,0.8036317229270935,0.8083226084709167,True
1710807515,fk_qslstm,ema,test,1000299,14,0.9411402940750122,1.2075895071029663,1.2107231616973877,True
1710807515,fk_qslstm,ema,test,1000299,15,-0.1253494769334793,0.8908619284629822,0.892378032207489,True
1710807515,fk_qslstm,ema,test,1000299,16,0.254523903131485,0.8654038906097412,0.8676758408546448,True
1710807515,fk_qslstm,ema,test,1000299,17,0.9772300720214844,1.2786611318588257,1.27644944190979,True
1710807515,fk_qslstm,ema,test,1000299,18,0.8606899976730347,1.539342999458313,1.5053184032440186,True
1710807515,fk_qslstm,ema,test,1000299,19,-0.1293884962797165,1.153841257095337,1.1484273672103882,True
1710807515,fk_qslstm,ema,test,1000299,20,-0.30497413873672485,0.7400885224342346,0.7410905361175537,True
1710807515,fk_qslstm,ema,test,1000299,21,0.8543316721916199,1.1046698093414307,1.113018274307251,True
1710807515,fk_qslstm,ema,test,1000299,22,-0.7254734635353088,0.4484517574310303,0.4427179992198944,True
1710807515,fk_qslstm,ema,test,1000299,23,0.4784122705459595,0.645808756351471,0.6372206807136536,True
1710807515,fk_qslstm,ema,test,1000299,24,-0.4030948281288147,0.27479010820388794,0.26346883177757263,True
1710807515,fk_qslstm,ema,test,1000299,25,0.7046822905540466,0.6426414847373962,0.6342646479606628,True
1710807515,fk_qslstm,ema,test,1000299,26,0.9347435235977173,1.0749592781066895,1.0730621814727783,True
1710807515,fk_qslstm,ema,test,1000299,27,0.7264752388000488,1.295852541923523,1.2883105278015137,True
1710807515,fk_qslstm,ema,test,1000299,28,0.14361245930194855,1.1228495836257935,1.1204988956451416,True
1710807515,fk_qslstm,ema,test,1000299,29,0.9607805013656616,1.474747896194458,1.4538259506225586,True
1710807515,fk_qslstm,ema,test,1000299,30,0.5128749012947083,1.4875233173370361,1.4602851867675781,True
1710807515,fk_qslstm,ema,test,1000299,31,0.02542300522327423,1.2052724361419678,1.2051787376403809,True
1710807515,fk_qslstm,ema,test,1000300,0,-0.8411925435066223,-0.5047155022621155,-0.49687284231185913,True
1710807515,fk_qslstm,ema,test,1000300,1,0.6860445141792297,0.007854302413761616,0.005013197660446167,True
1710807515,fk_qslstm,ema,test,1000300,2,0.03946506977081299,0.029962483793497086,0.029976844787597656,True
1710807515,fk_qslstm,ema,test,1000300,3,0.49270081520080566,0.3195904791355133,0.31761157512664795,True
1710807515,fk_qslstm,ema,test,1000300,4,-0.005388342775404453,0.25243937969207764,0.25445643067359924,True
1710807515,fk_qslstm,ema,test,1000300,5,0.37387293577194214,0.4262752830982208,0.42786291241645813,True
1710807515,fk_qslstm,ema,test,1000300,6,-0.5897104144096375,-0.012806047685444355,-0.008052706718444824,True
1710807515,fk_qslstm,ema,test,1000300,7,-0.4032757580280304,-0.2522102892398834,-0.24495279788970947,True
1710807515,fk_qslstm,ema,test,1000300,8,-0.20337285101413727,-0.3237919509410858,-0.31275689601898193,True
1710807515,fk_qslstm,ema,test,1000300,9,0.10750584304332733,-0.19453005492687225,-0.1842525601387024,True
1710807515,fk_qslstm,ema,test,1000300,10,0.1191309466958046,-0.08414547145366669,-0.0764119029045105,True
1710807515,fk_qslstm,ema,test,1000300,11,-0.6180269122123718,-0.43813252449035645,-0.43254441022872925,True
1710807515,fk_qslstm,ema,test,1000300,12,0.44777628779411316,-0.08184024691581726,-0.08029037714004517,True
1710807515,fk_qslstm,ema,test,1000300,13,-0.3252813518047333,-0.2606410086154938,-0.25574296712875366,True
1710807515,fk_qslstm,ema,test,1000300,14,0.6432511210441589,0.17743785679340363,0.1771988868713379,True
1710807515,fk_qslstm,ema,test,1000300,15,-0.36498987674713135,-0.07704363763332367,-0.0733247697353363,True
1710807515,fk_qslstm,ema,test,1000300,16,0.16497614979743958,0.03735078126192093,0.03729748725891113,True
1710807515,fk_qslstm,ema,test,1000300,17,-0.21589109301567078,-0.09965403378009796,-0.09603771567344666,True
1710807515,fk_qslstm,ema,test,1000300,18,-0.4226427674293518,-0.3333088755607605,-0.32846933603286743,True
1710807515,fk_qslstm,ema,test,1000300,19,-0.13911645114421844,-0.3501169681549072,-0.34390538930892944,True
1710807515,fk_qslstm,ema,test,1000300,20,0.2780160903930664,-0.1132839247584343,-0.11049926280975342,True
1710807515,fk_qslstm,ema,test,1000300,21,-0.7818536162376404,-0.5597392916679382,-0.559972882270813,True
1710807515,fk_qslstm,ema,test,1000300,22,-0.21141226589679718,-0.5746387839317322,-0.574944794178009,True
1710807515,fk_qslstm,ema,test,1000300,23,-0.31090909242630005,-0.6462565064430237,-0.6453226208686829,True
1710807515,fk_qslstm,ema,test,1000300,24,0.008053340949118137,-0.5121731758117676,-0.5102709531784058,True
1710807515,fk_qslstm,ema,test,1000300,25,0.6005726456642151,-0.04939498379826546,-0.05007880926132202,True
1710807515,fk_qslstm,ema,test,1000300,26,-0.5861701369285583,-0.39121806621551514,-0.391412615776062,True
1710807515,fk_qslstm,ema,test,1000300,27,-0.591904878616333,-0.668117344379425,-0.673303484916687,True
1710807515,fk_qslstm,ema,test,1000300,28,0.9542017579078674,0.038027141243219376,0.03203672170639038,True
1710807515,fk_qslstm,ema,test,1000300,29,0.8498833179473877,0.5403517484664917,0.5340061187744141,True
1710807515,fk_qslstm,ema,test,1000300,30,0.43594470620155334,0.693848192691803,0.6867527961730957,True
1710807515,fk_qslstm,ema,test,1000300,31,-0.8389440774917603,0.051712095737457275,0.045126259326934814,True
1710807515,fk_qslstm,ema,test,1000301,0,0.34287282824516296,0.20572370290756226,0.2056925743818283,True
1710807515,fk_qslstm,ema,test,1000301,1,-0.9780582189559937,-0.4222559928894043,-0.40572482347488403,True
1710807515,fk_qslstm,ema,test,1000301,2,0.8380419611930847,0.1650203913450241,0.16742976009845734,True
1710807515,fk_qslstm,ema,test,1000301,3,-0.016756873577833176,0.12196219712495804,0.12661513686180115,True
1710807515,fk_qslstm,ema,test,1000301,4,0.986352801322937,0.6893814206123352,0.6906250715255737,True
1710807515,fk_qslstm,ema,test,1000301,5,-0.1870919167995453,0.43924999237060547,0.4361857771873474,True
1710807515,fk_qslstm,ema,test,1000301,6,-0.9424313902854919,-0.21405881643295288,-0.21380960941314697,True
1710807515,fk_qslstm,ema,test,1000301,7,0.3998650312423706,0.06867197155952454,0.06722962856292725,True
1710807515,fk_qslstm,ema,test,1000301,8,-0.7062704563140869,-0.36882469058036804,-0.3675856590270996,True
1710807515,fk_qslstm,ema,test,1000301,9,0.11619653552770615,-0.2253418266773224,-0.22431087493896484,True
1710807515,fk_qslstm,ema,test,1000301,10,0.1684563010931015,-0.07919967919588089,-0.0784769356250763,True
1710807515,fk_qslstm,ema,test,1000301,11,0.38171860575675964,0.16567140817642212,0.1625790297985077,True
1710807515,fk_qslstm,ema,test,1000301,12,-0.7914981245994568,-0.342361718416214,-0.34411054849624634,True
1710807515,fk_qslstm,ema,test,1000301,13,-0.8865631818771362,-0.8058273196220398,-0.813187301158905,True
1710807515,fk_qslstm,ema,test,1000301,14,-0.9919255375862122,-1.2398171424865723,-1.2367870807647705,True
1710807515,fk_qslstm,ema,test,1000301,15,0.023926477879285812,-0.9774978756904602,-0.9795610308647156,True
1710807515,fk_qslstm,ema,test,1000301,16,-0.9845142960548401,-1.3727068901062012,-1.3614239692687988,True
1710807515,fk_qslstm,ema,test,1000301,17,0.3526037335395813,-0.8866032361984253,-0.8875380158424377,True
1710807515,fk_qslstm,ema,test,1000301,18,0.549703061580658,-0.37946075201034546,-0.3790835738182068,True
1710807515,fk_qslstm,ema,test,1000301,19,-0.7951518297195435,-0.7806597352027893,-0.7855580449104309,True
1710807515,fk_qslstm,ema,test,1000301,20,0.955317497253418,-0.051337290555238724,-0.0524633526802063,True
1710807515,fk_qslstm,ema,test,1000301,21,0.6190839409828186,0.33038055896759033,0.3289603292942047,True
1710807515,fk_qslstm,ema,test,1000301,22,-0.612592875957489,-0.10325127840042114,-0.10157230496406555,True
1710807515,fk_qslstm,ema,test,1000301,23,0.5131354928016663,0.2252802699804306,0.2232501357793808,True
1710807515,fk_qslstm,ema,test,1000301,24,0.2517535984516144,0.33127638697624207,0.3298661708831787,True
1710807515,fk_qslstm,ema,test,1000301,25,0.9627619981765747,0.8426783084869385,0.8447502255439758,True
1710807515,fk_qslstm,ema,test,1000301,26,-0.8595806956291199,0.1583942323923111,0.15845444798469543,True
1710807515,fk_qslstm,ema,test,1000301,27,0.7417474389076233,0.571763813495636,0.5708175301551819,True
1710807515,fk_qslstm,ema,test,1000301,28,0.279462993144989,0.6250888705253601,0.6243880987167358,True
1710807515,fk_qslstm,ema,test,1000301,29,0.9206556677818298,1.052464485168457,1.05654776096344,True
1710807515,fk_qslstm,ema,test,1000301,30,-0.31278374791145325,0.6543013453483582,0.6518814563751221,True
1710807515,fk_qslstm,ema,test,1000301,31,-0.9546090960502625,-0.049324363470077515,-0.04874235391616821,True
1710807515,fk_qslstm,ema,test,1000302,0,0.20813512802124023,0.1248810738325119,0.12507569789886475,True
1710807515,fk_qslstm,ema,test,1000302,1,-0.8581892848014832,-0.41500869393348694,-0.40613627433776855,True
1710807515,fk_qslstm,ema,test,1000302,2,0.3893839418888092,-0.09837660193443298,-0.10163611173629761,True
1710807515,fk_qslstm,ema,test,1000302,3,0.691222071647644,0.336031973361969,0.33117327094078064,True
1710807515,fk_qslstm,ema,test,1000302,4,-0.6019080281257629,-0.09231924265623093,-0.09351098537445068,True
1710807515,fk_qslstm,ema,test,1000302,5,0.7671538591384888,0.38643690943717957,0.38241899013519287,True
1710807515,fk_qslstm,ema,test,1000302,6,0.9289796352386475,0.86653733253479,0.8684359788894653,True
1710807515,fk_qslstm,ema,test,1000302,7,0.9071402549743652,1.2375140190124512,1.235416293144226,True
1710807515,fk_qslstm,ema,test,1000302,8,-0.6945242881774902,0.5732966661453247,0.5693908333778381,True
1710807515,fk_qslstm,ema,test,1000302,9,0.47834017872810364,0.7456414103507996,0.7435837984085083,True
1710807515,fk_qslstm,ema,test,1000302,10,0.9963473081588745,1.1943215131759644,1.1931514739990234,True
1710807515,fk_qslstm,ema,test,1000302,11,-0.7679928541183472,0.49466148018836975,0.4882597029209137,True
1710807515,fk_qslstm,ema,test,1000302,12,-0.7187920212745667,-0.03554602339863777,-0.04507771134376526,True
1710807515,fk_qslstm,ema,test,1000302,13,-0.9123125076293945,-0.5758243203163147,-0.5856708884239197,True
1710807515,fk_qslstm,ema,test,1000302,14,-0.7203534841537476,-0.8928715586662292,-0.9047688841819763,True
1710807515,fk_qslstm,ema,test,1000302,15,-0.0324578657746315,-0.7337719798088074,-0.7414537072181702,True
1710807515,fk_qslstm,ema,test,1000302,16,0.006444207858294249,-0.5831510424613953,-0.5880816578865051,True
1710807515,fk_qslstm,ema,test,1000302,17,-0.6477804183959961,-0.8551890850067139,-0.8642523884773254,True
1710807515,fk_qslstm,ema,test,1000302,18,-0.8115084171295166,-1.1710563898086548,-1.1786620616912842,True
1710807515,fk_qslstm,ema,test,1000302,19,0.23218239843845367,-0.7975356578826904,-0.8066139817237854,True
1710807515,fk_qslstm,ema,test,1000302,20,0.4940423369407654,-0.3416031301021576,-0.3485790491104126,True
1710807515,fk_qslstm,ema,test,1000302,21,0.5053694248199463,0.02993917651474476,0.02137923240661621,True
1710807515,fk_qslstm,ema,test,1000302,22,-0.10422562807798386,-0.03858403488993645,-0.04235374927520752,True
1710807515,fk_qslstm,ema,test,1000302,23,0.28538697957992554,0.14036495983600616,0.13457491993904114,True
1710807515,fk_qslstm,ema,test,1000302,24,0.8609383702278137,0.6288549900054932,0.6256231069564819,True
1710807515,fk_qslstm,ema,test,1000302,25,-0.8618572950363159,-0.014030378311872482,-0.014996945858001709,True
1710807515,fk_qslstm,ema,test,1000302,26,-0.6786737442016602,-0.41842857003211975,-0.42263537645339966,True
1710807515,fk_qslstm,ema,test,1000302,27,0.6287603974342346,0.042513374239206314,0.03946620225906372,True
1710807515,fk_qslstm,ema,test,1000302,28,-0.8117873668670654,-0.4530617296695709,-0.4538993835449219,True
1710807515,fk_qslstm,ema,test,1000302,29,0.8093439340591431,0.12315696477890015,0.11995020508766174,True
1710807515,fk_qslstm,ema,test,1000302,30,0.4764254689216614,0.38438084721565247,0.3805793523788452,True
1710807515,fk_qslstm,ema,test,1000302,31,0.5705143213272095,0.6498132944107056,0.6474549770355225,True
1710807515,fk_qslstm,ema,test,1000303,0,0.4588587284088135,0.27531522512435913,0.2750997543334961,True
1710807515,fk_qslstm,ema,test,1000303,1,-0.6843510270118713,-0.19035841524600983,-0.17759555578231812,True
1710807515,fk_qslstm,ema,test,1000303,2,-0.1553247720003128,-0.24548161029815674,-0.2414247989654541,True
1710807515,fk_qslstm,ema,test,1000303,3,-0.8421052098274231,-0.7016484141349792,-0.7024907469749451,True
1710807515,fk_qslstm,ema,test,1000303,4,0.711870014667511,-0.1341967135667801,-0.1322362720966339,True
1710807515,fk_qslstm,ema,test,1000303,5,0.3384054899215698,0.0956859290599823,0.0947735607624054,True
1710807515,fk_qslstm,ema,test,1000303,6,-0.48532718420028687,-0.2146475613117218,-0.2132968306541443,True
1710807515,fk_qslstm,ema,test,1000303,7,-0.9859592318534851,-0.7632935643196106,-0.7640491127967834,True
1710807515,fk_qslstm,ema,test,1000303,8,0.5232193470001221,-0.2967032790184021,-0.2929956912994385,True
1710807515,fk_qslstm,ema,test,1000303,9,0.5372205376625061,0.08496972173452377,0.08535830676555634,True
1710807515,fk_qslstm,ema,test,1000303,10,-0.1887027472257614,-0.04524586722254753,-0.041633665561676025,True
1710807515,fk_qslstm,ema,test,1000303,11,-0.9341294765472412,-0.596674382686615,-0.5948703289031982,True
1710807515,fk_qslstm,ema,test,1000303,12,-0.6772740483283997,-0.8837039470672607,-0.887412965297699,True
1710807515,fk_qslstm,ema,test,1000303,13,0.9266666769981384,-0.15096312761306763,-0.14839893579483032,True
1710807515,fk_qslstm,ema,test,1000303,14,-0.752330482006073,-0.57216876745224,-0.5713016390800476,True
1710807515,fk_qslstm,ema,test,1000303,15,-0.5618550777435303,-0.7948480844497681,-0.8003970980644226,True
1710807515,fk_qslstm,ema,test,1000303,16,0.39039701223373413,-0.40164023637771606,-0.4028779864311218,True
1710807515,fk_qslstm,ema,test,1000303,17,0.726891815662384,0.1148228868842125,0.11131718754768372,True
1710807515,fk_qslstm,ema,test,1000303,18,-0.4786505103111267,-0.19533200562000275,-0.19485175609588623,True
1710807515,fk_qslstm,ema,test,1000303,19,0.9268791079521179,0.3998618721961975,0.3941977024078369,True
1710807515,fk_qslstm,ema,test,1000303,20,-0.3163605034351349,0.1300732046365738,0.1276130974292755,True
1710807515,fk_qslstm,ema,test,1000303,21,0.3765576481819153,0.3299931585788727,0.3236275315284729,True
1710807515,fk_qslstm,ema,test,1000303,22,-0.17176908254623413,0.16093307733535767,0.15863138437271118,True
1710807515,fk_qslstm,ema,test,1000303,23,-0.6765629053115845,-0.27719128131866455,-0.27866309881210327,True
1710807515,fk_qslstm,ema,test,1000303,24,-0.7038371562957764,-0.6440553069114685,-0.6491352319717407,True
1710807515,fk_qslstm,ema,test,1000303,25,0.20793625712394714,-0.39048248529434204,-0.3922441601753235,True
1710807515,fk_qslstm,ema,test,1000303,26,0.41695716977119446,-0.06221169978380203,-0.06601974368095398,True
1710807515,fk_qslstm,ema,test,1000303,27,0.7882303595542908,0.4231688380241394,0.4173063039779663,True
1710807515,fk_qslstm,ema,test,1000303,28,0.401559442281723,0.5794707536697388,0.5729227066040039,True
1710807515,fk_qslstm,ema,test,1000303,29,0.1531994640827179,0.5554962754249573,0.5476701259613037,True
1710807515,fk_qslstm,ema,test,1000303,30,0.7473177313804626,0.8927876353263855,0.8925439119338989,True
1710807515,fk_qslstm,ema,test,1000303,31,0.3984682559967041,0.9533110857009888,0.9541458487510681,True
1710807515,fk_qslstm,ema,test,1000304,0,-0.30387088656425476,-0.18232253193855286,-0.1801949143409729,True
1710807515,fk_qslstm,ema,test,1000304,1,-0.7331600785255432,-0.5857540965080261,-0.5885897874832153,True
1710807515,fk_qslstm,ema,test,1000304,2,0.17864610254764557,-0.3614155948162079,-0.3701440691947937,True
1710807515,fk_qslstm,ema,test,1000304,3,0.6477174162864685,0.0994979664683342,0.09202416241168976,True
1710807515,fk_qslstm,ema,test,1000304,4,0.28537794947624207,0.2508251368999481,0.2439955770969391,True
1710807515,fk_qslstm,ema,test,1000304,5,-0.9546595811843872,-0.37213563919067383,-0.37289851903915405,True
1710807515,fk_qslstm,ema,test,1000304,6,0.15797613561153412,-0.20292282104492188,-0.20233744382858276,True
1710807515,fk_qslstm,ema,test,1000304,7,-0.7384831309318542,-0.605428159236908,-0.6061834692955017,True
1710807515,fk_qslstm,ema,test,1000304,8,-0.8276400566101074,-0.9809265732765198,-0.9866299033164978,True
1710807515,fk_qslstm,ema,test,1000304,9,0.06741350144147873,-0.7442931532859802,-0.7475071549415588,True
1710807515,fk_qslstm,ema,test,1000304,10,-0.17592734098434448,-0.7009909152984619,-0.7029209733009338,True
1710807515,fk_qslstm,ema,test,1000304,11,-0.24788182973861694,-0.7095218300819397,-0.7103423476219177,True
1710807515,fk_qslstm,ema,test,1000304,12,0.6547462940216064,-0.17476969957351685,-0.1718551516532898,True
1710807515,fk_qslstm,ema,test,1000304,13,-0.568950891494751,-0.48118630051612854,-0.47838085889816284,True
1710807515,fk_qslstm,ema,test,1000304,14,0.5896727442741394,-0.031145412474870682,-0.03152468800544739,True
1710807515,fk_qslstm,ema,test,1000304,15,-0.9075297713279724,-0.5694341659545898,-0.5687087178230286,True
1710807515,fk_qslstm,ema,test,1000304,16,0.7015168070793152,-0.03463726118206978,-0.034682273864746094,True
1710807515,fk_qslstm,ema,test,1000304,17,0.8641017079353333,0.4907512366771698,0.48943257331848145,True
1710807515,fk_qslstm,ema,test,1000304,18,0.035083383321762085,0.4136510193347931,0.4099794924259186,True
1710807515,fk_qslstm,ema,test,1000304,19,0.5097032785415649,0.6367427706718445,0.6338638663291931,True
1710807515,fk_qslstm,ema,test,1000304,20,-0.3447495102882385,0.3025445342063904,0.29997652769088745,True
1710807515,fk_qslstm,ema,test,1000304,21,0.5502991676330566,0.5722151398658752,0.5707902908325195,True
1710807515,fk_qslstm,ema,test,1000304,22,0.9173088669776917,1.0081573724746704,1.0134305953979492,True
1710807515,fk_qslstm,ema,test,1000304,23,-0.2981220781803131,0.6276527047157288,0.6260159015655518,True
1710807515,fk_qslstm,ema,test,1000304,24,-0.44792911410331726,0.23336468636989594,0.22899791598320007,True
1710807515,fk_qslstm,ema,test,1000304,25,0.5530791878700256,0.5185392498970032,0.5154824256896973,True
1710807515,fk_qslstm,ema,test,1000304,26,0.4888171851634979,0.7081217169761658,0.7084563970565796,True
1710807515,fk_qslstm,ema,test,1000304,27,0.1439318209886551,0.6528564691543579,0.6514017581939697,True
1710807515,fk_qslstm,ema,test,1000304,28,-0.25946879386901855,0.36660391092300415,0.3647077977657318,True
1710807515,fk_qslstm,ema,test,1000304,29,0.6030109524726868,0.6550896763801575,0.6569195985794067,True
1710807515,fk_qslstm,ema,test,1000304,30,-0.11202313750982285,0.4568578898906708,0.45846906304359436,True
1710807515,fk_qslstm,ema,test,1000304,31,-0.5606639385223389,0.02908792719244957,0.03157919645309448,True
1710807515,fk_qslstm,ema,test,1000305,0,-0.8379671573638916,-0.5027802586555481,-0.49506932497024536,True
1710807515,fk_qslstm,ema,test,1000305,1,0.08116473257541656,-0.35352540016174316,-0.3582627773284912,True
1710807515,fk_qslstm,ema,test,1000305,2,0.1738905906677246,-0.1784859597682953,-0.18297916650772095,True
1710807515,fk_qslstm,ema,test,1000305,3,0.4643208086490631,0.1358037143945694,0.13124659657478333,True
1710807515,fk_qslstm,ema,test,1000305,4,-0.26722466945648193,-0.05169183388352394,-0.048653215169906616,True
1710807515,fk_qslstm,ema,test,1000305,5,0.7959527969360352,0.4362182021141052,0.4378109276294708,True
1710807515,fk_qslstm,ema,test,1000305,6,-0.5597176551818848,0.013143978081643581,0.017606914043426514,True
1710807515,fk_qslstm,ema,test,1000305,7,-0.8254469633102417,-0.4847530126571655,-0.48420441150665283,True
1710807515,fk_qslstm,ema,test,1000305,8,0.36940357089042664,-0.16616027057170868,-0.1649390161037445,True
1710807515,fk_qslstm,ema,test,1000305,9,-0.255602091550827,-0.2862894535064697,-0.2804449200630188,True
1710807515,fk_qslstm,ema,test,1000305,10,-0.8707432150840759,-0.7514774799346924,-0.7510817646980286,True
1710807515,fk_qslstm,ema,test,1000305,11,-0.5452939867973328,-0.9283583760261536,-0.9315834641456604,True
1710807515,fk_qslstm,ema,test,1000305,12,0.49893641471862793,-0.44332486391067505,-0.4408673644065857,True
1710807515,fk_qslstm,ema,test,1000305,13,0.5092559456825256,-0.049106333404779434,-0.050009459257125854,True
1710807515,fk_qslstm,ema,test,1000305,14,-0.2792813181877136,-0.20685386657714844,-0.20439261198043823,True
1710807515,fk_qslstm,ema,test,1000305,15,0.37120845913887024,0.057241976261138916,0.05518810451030731,True
1710807515,fk_qslstm,ema,test,1000305,16,0.39760658144950867,0.2843575179576874,0.27999091148376465,True
1710807515,fk_qslstm,ema,test,1000305,17,0.3368299603462219,0.42958399653434753,0.4240194857120514,True
1710807515,fk_qslstm,ema,test,1000305,18,-0.6502620577812195,-0.04649005085229874,-0.049889326095581055,True
1710807515,fk_qslstm,ema,test,1000305,19,0.3601183593273163,0.17887897789478302,0.17303550243377686,True
1710807515,fk_qslstm,ema,test,1000305,20,0.4401896297931671,0.40721696615219116,0.4024348855018616,True
1710807515,fk_qslstm,ema,test,1000305,21,-0.4079993665218353,0.08097394555807114,0.08007782697677612,True
1710807515,fk_qslstm,ema,test,1000305,22,0.9070091247558594,0.608984649181366,0.6078901886940002,True
1710807515,fk_qslstm,ema,test,1000305,23,-0.6969415545463562,0.0690227523446083,0.06742918491363525,True
1710807515,fk_qslstm,ema,test,1000305,24,-0.39689013361930847,-0.18291588127613068,-0.18326795101165771,True
1710807515,fk_qslstm,ema,test,1000305,25,-0.048638392239809036,-0.17551574110984802,-0.17256015539169312,True
1710807515,fk_qslstm,ema,test,1000305,26,-0.20247603952884674,-0.2618982195854187,-0.25562751293182373,True
1710807515,fk_qslstm,ema,test,1000305,27,-0.6669030785560608,-0.6096603870391846,-0.6073769927024841,True
1710807515,fk_qslstm,ema,test,1000305,28,0.25612059235572815,-0.33405596017837524,-0.33253782987594604,True
1710807515,fk_qslstm,ema,test,1000305,29,-0.1257247030735016,-0.34267958998680115,-0.33971142768859863,True
1710807515,fk_qslstm,ema,test,1000305,30,-0.07990036904811859,-0.32208389043807983,-0.3191547393798828,True
1710807515,fk_qslstm,ema,test,1000305,31,0.9163002967834473,0.2921130359172821,0.2887721657752991,True
1710807515,fk_qslstm,ema,test,1000306,0,-0.5788813829421997,-0.3473288416862488,-0.34470850229263306,True
1710807515,fk_qslstm,ema,test,1000306,1,-0.7153806090354919,-0.7070914506912231,-0.7155014872550964,True
1710807515,fk_qslstm,ema,test,1000306,2,-0.512704074382782,-0.8732956051826477,-0.8918376564979553,True
1710807515,fk_qslstm,ema,test,1000306,3,0.9355509877204895,-0.13730588555335999,-0.14303261041641235,True
1710807515,fk_qslstm,ema,test,1000306,4,0.07032855600118637,-0.06764757633209229,-0.06790104508399963,True
1710807515,fk_qslstm,ema,test,1000306,5,0.007238131947815418,-0.04977517947554588,-0.047842204570770264,True
1710807515,fk_qslstm,ema,test,1000306,6,-0.4932251572608948,-0.33575522899627686,-0.33105844259262085,True
1710807515,fk_qslstm,ema,test,1000306,7,0.036464009433984756,-0.24672578275203705,-0.2410619854927063,True
1710807515,fk_qslstm,ema,test,1000306,8,-0.7558884024620056,-0.650913655757904,-0.6490646600723267,True
1710807515,fk_qslstm,ema,test,1000306,9,0.966945469379425,0.05943632498383522,0.057968348264694214,True
1710807515,fk_qslstm,ema,test,1000306,10,0.47615179419517517,0.3332401514053345,0.32923904061317444,True
1710807515,fk_qslstm,ema,test,1000306,11,0.560047447681427,0.602620542049408,0.5987752676010132,True
1710807515,fk_qslstm,ema,test,1000306,12,0.09012293815612793,0.536170244216919,0.5310282707214355,True
1710807515,fk_qslstm,ema,test,1000306,13,-0.8254529237747192,-0.06633558124303818,-0.06964337825775146,True
1710807515,fk_qslstm,ema,test,1000306,14,0.9250766634941101,0.5019775032997131,0.49691563844680786,True
1710807515,fk_qslstm,ema,test,1000306,15,-0.3694798946380615,0.1798940896987915,0.178182914853096,True
1710807515,fk_qslstm,ema,test,1000306,16,0.3019081950187683,0.3250601887702942,0.32052725553512573,True
1710807515,fk_qslstm,ema,test,1000306,17,-0.10541585832834244,0.196798637509346,0.19616597890853882,True
1710807515,fk_qslstm,ema,test,1000306,18,-0.662796676158905,-0.24023909866809845,-0.23943740129470825,True
1710807515,fk_qslstm,ema,test,1000306,19,0.7991734147071838,0.287312775850296,0.28625115752220154,True
1710807515,fk_qslstm,ema,test,1000306,20,-0.1684984415769577,0.12875114381313324,0.13193687796592712,True
1710807515,fk_qslstm,ema,test,1000306,21,0.2280225306749344,0.23981443047523499,0.239711195230484,True
1710807515,fk_qslstm,ema,test,1000306,22,-0.5939359068870544,-0.16451001167297363,-0.1620115041732788,True
1710807515,fk_qslstm,ema,test,1000306,23,0.6381056308746338,0.2512553632259369,0.25067684054374695,True
1710807515,fk_qslstm,ema,test,1000306,24,-0.12010521441698074,0.12894117832183838,0.13217294216156006,True
1710807515,fk_qslstm,ema,test,1000306,25,-0.8798181414604187,-0.42473793029785156,-0.42205339670181274,True
1710807515,fk_qslstm,ema,test,1000306,26,-0.5237886905670166,-0.6540635824203491,-0.653778076171875,True
1710807515,fk_qslstm,ema,test,1000306,27,-0.11844044923782349,-0.5943151116371155,-0.5903723239898682,True
1710807515,fk_qslstm,ema,test,1000306,28,-0.5713313817977905,-0.8182509541511536,-0.8176503777503967,True
1710807515,fk_qslstm,ema,test,1000306,29,0.9521058797836304,-0.0833372175693512,-0.08163589239120483,True
1710807515,fk_qslstm,ema,test,1000306,30,0.3558180034160614,0.1468210369348526,0.14440742135047913,True
1710807515,fk_qslstm,ema,test,1000306,31,-0.6881441473960876,-0.29542964696884155,-0.29770344495773315,True
1710807515,fk_qslstm,ema,test,1000307,0,-0.9046818614006042,-0.5428091287612915,-0.5318831205368042,True
1710807515,fk_qslstm,ema,test,1000307,1,0.3758796155452728,-0.20871953666210175,-0.21131938695907593,True
1710807515,fk_qslstm,ema,test,1000307,2,0.13277730345726013,-0.08730924874544144,-0.08913463354110718,True
1710807515,fk_qslstm,ema,test,1000307,3,-0.5324062705039978,-0.3892911672592163,-0.3884891867637634,True
1710807515,fk_qslstm,ema,test,1000307,4,0.9225859045982361,0.24211861193180084,0.24009054899215698,True
1710807515,fk_qslstm,ema,test,1000307,5,0.15489965677261353,0.2866346836090088,0.2859959304332733,True
1710807515,fk_qslstm,ema,test,1000307,6,0.834384560585022,0.7299385070800781,0.7323744893074036,True
1710807515,fk_qslstm,ema,test,1000307,7,-0.8095234632492065,0.09823670983314514,0.09991884231567383,True
1710807515,fk_qslstm,ema,test,1000307,8,-0.2775903642177582,-0.08796484023332596,-0.08459460735321045,True
1710807515,fk_qslstm,ema,test,1000307,9,0.5606091022491455,0.265993595123291,0.2680685520172119,True
1710807515,fk_qslstm,ema,test,1000307,10,-0.5548731684684753,-0.12012902647256851,-0.11469092965126038,True
1710807515,fk_qslstm,ema,test,1000307,11,-0.24690589308738708,-0.24424675107002258,-0.23738688230514526,True
1710807515,fk_qslstm,ema,test,1000307,12,0.5020666718482971,0.10584259778261185,0.10928522050380707,True
1710807515,fk_qslstm,ema,test,1000307,13,0.8945283889770508,0.6213911175727844,0.6248446702957153,True
1710807515,fk_qslstm,ema,test,1000307,14,-0.27678894996643066,0.33103951811790466,0.33091795444488525,True
1710807515,fk_qslstm,ema,test,1000307,15,-0.9182268381118774,-0.2861045002937317,-0.2851123809814453,True
1710807515,fk_qslstm,ema,test,1000307,16,0.7695983052253723,0.23287539184093475,0.2322879433631897,True
1710807515,fk_qslstm,ema,test,1000307,17,-0.08933930844068527,0.132696732878685,0.13626480102539062,True
1710807515,fk_qslstm,ema,test,1000307,18,-0.7072982788085938,-0.3182215988636017,-0.31566232442855835,True
1710807515,fk_qslstm,ema,test,1000307,19,-0.6530990600585938,-0.6464366912841797,-0.6481674313545227,True
1710807515,fk_qslstm,ema,test,1000307,20,0.32701554894447327,-0.3209400177001953,-0.320345938205719,True
1710807515,fk_qslstm,ema,test,1000307,21,0.23505240678787231,-0.11572057008743286,-0.11688888072967529,True
1710807515,fk_qslstm,ema,test,1000307,22,0.6630762219429016,0.3052692711353302,0.3005973696708679,True
1710807515,fk_qslstm,ema,test,1000307,23,0.15671281516551971,0.33824312686920166,0.3327058255672455,True
1710807515,fk_qslstm,ema,test,1000307,24,0.7665528059005737,0.7305261492729187,0.7292987108230591,True
1710807515,fk_qslstm,ema,test,1000307,25,-0.7229392528533936,0.15065738558769226,0.1472664773464203,True
1710807515,fk_qslstm,ema,test,1000307,26,-0.5753259062767029,-0.22466962039470673,-0.22810250520706177,True
1710807515,fk_qslstm,ema,test,1000307,27,0.6687694191932678,0.22152595221996307,0.21791623532772064,True
1710807515,fk_qslstm,ema,test,1000307,28,-0.9476879835128784,-0.3913920223712921,-0.388255774974823,True
1710807515,fk_qslstm,ema,test,1000307,29,-0.23909802734851837,-0.45657241344451904,-0.452613890171051,True
1710807515,fk_qslstm,ema,test,1000307,30,0.32767635583877563,-0.16865213215351105,-0.16498324275016785,True
1710807515,fk_qslstm,ema,test,1000307,31,-0.5944194793701172,-0.49157339334487915,-0.4888889789581299,True
1710807515,fk_qslstm,ema,test,1000308,0,0.7148746252059937,0.4289247691631317,0.4259907901287079,True
1710807515,fk_qslstm,ema,test,1000308,1,0.2630409598350525,0.5009644031524658,0.506269097328186,True
1710807515,fk_qslstm,ema,test,1000308,2,0.27311569452285767,0.5646409392356873,0.5622866153717041,True
1710807515,fk_qslstm,ema,test,1000308,3,0.35279059410095215,0.6633870601654053,0.66023850440979,True
1710807515,fk_qslstm,ema,test,1000308,4,0.3594694137573242,0.7463912963867188,0.7441726922988892,True
1710807515,fk_qslstm,ema,test,1000308,5,0.720918595790863,1.029664158821106,1.033576250076294,True
1710807515,fk_qslstm,ema,test,1000308,6,0.8038196563720703,1.306023120880127,1.303817629814148,True
1710807515,fk_qslstm,ema,test,1000308,7,0.46057072281837463,1.321160912513733,1.317525863647461,True
1710807515,fk_qslstm,ema,test,1000308,8,0.5494914054870605,1.3866236209869385,1.3824882507324219,True
1710807515,fk_qslstm,ema,test,1000308,9,-0.7086013555526733,0.6841381192207336,0.6954858303070068,True
1710807515,fk_qslstm,ema,test,1000308,10,-0.5888233780860901,0.1940164566040039,0.19748777151107788,True
1710807515,fk_qslstm,ema,test,1000308,11,-0.2004774510860443,0.03492669388651848,0.03584739565849304,True
1710807515,fk_qslstm,ema,test,1000308,12,0.7940071225166321,0.5043455958366394,0.5046923756599426,True
1710807515,fk_qslstm,ema,test,1000308,13,-0.8567620515823364,-0.11058073490858078,-0.10956791043281555,True
1710807515,fk_qslstm,ema,test,1000308,14,0.35720884799957275,0.12586070597171783,0.12054663896560669,True
1710807515,fk_qslstm,ema,test,1000308,15,0.5226743221282959,0.41429316997528076,0.4089231789112091,True
1710807515,fk_qslstm,ema,test,1000308,16,-0.2856146991252899,0.16006572544574738,0.15754085779190063,True
1710807515,fk_qslstm,ema,test,1000308,17,-0.5614498853683472,-0.20881734788417816,-0.20986968278884888,True
1710807515,fk_qslstm,ema,test,1000308,18,-0.9604284167289734,-0.7433109283447266,-0.7459889054298401,True
1710807515,fk_qslstm,ema,test,1000308,19,-0.23235028982162476,-0.7340589165687561,-0.733868420124054,True
1710807515,fk_qslstm,ema,test,1000308,20,-0.946559488773346,-1.1551828384399414,-1.1514596939086914,True
1710807515,fk_qslstm,ema,test,1000308,21,-0.9708637595176697,-1.506664514541626,-1.4746191501617432,True
1710807515,fk_qslstm,ema,test,1000308,22,-0.5262004733085632,-1.5210518836975098,-1.49265718460083,True
1710807515,fk_qslstm,ema,test,1000308,23,-0.6336394548416138,-1.5970251560211182,-1.5684618949890137,True
1710807515,fk_qslstm,ema,test,1000308,24,0.5812273621559143,-0.9288837313652039,-0.9408352971076965,True
1710807515,fk_qslstm,ema,test,1000308,25,-0.2730211317539215,-0.9069196581840515,-0.928381621837616,True
1710807515,fk_qslstm,ema,test,1000308,26,0.8047575950622559,-0.24268119037151337,-0.24211353063583374,True
1710807515,fk_qslstm,ema,test,1000308,27,0.5672903656959534,0.14622926712036133,0.15210047364234924,True
1710807515,fk_qslstm,ema,test,1000308,28,-0.25643599033355713,-0.036878179758787155,-0.022992968559265137,True
1710807515,fk_qslstm,ema,test,1000308,29,-0.3941938579082489,-0.2660188674926758,-0.249209463596344,True
1710807515,fk_qslstm,ema,test,1000308,30,0.31933310627937317,-0.021215230226516724,-0.007075846195220947,True
1710807515,fk_qslstm,ema,test,1000308,31,-0.5168078541755676,-0.3270569145679474,-0.31175893545150757,True
1710807515,fk_qslstm,ema,test,1000309,0,0.5251678228378296,0.31510069966316223,0.3146301209926605,True
1710807515,fk_qslstm,ema,test,1000309,1,0.19107678532600403,0.3667266368865967,0.3718249499797821,True
1710807515,fk_qslstm,ema,test,1000309,2,-0.957691490650177,-0.28123360872268677,-0.27585166692733765,True
1710807515,fk_qslstm,ema,test,1000309,3,0.06457825005054474,-0.18623994290828705,-0.18236124515533447,True
1710807515,fk_qslstm,ema,test,1000309,4,0.41659781336784363,0.10096673667430878,0.10241393744945526,True
1710807515,fk_qslstm,ema,test,1000309,5,-0.35524705052375793,-0.1323748379945755,-0.12676650285720825,True
1710807515,fk_qslstm,ema,test,1000309,6,-0.6486433148384094,-0.49508586525917053,-0.4926292896270752,True
1710807515,fk_qslstm,ema,test,1000309,7,-0.830074667930603,-0.8941134810447693,-0.8970957398414612,True
1710807515,fk_qslstm,ema,test,1000309,8,-0.31509312987327576,-0.9043466448783875,-0.9071548581123352,True
1710807515,fk_qslstm,ema,test,1000309,9,0.8871392011642456,-0.1911938190460205,-0.1874377429485321,True
1710807515,fk_qslstm,ema,test,1000309,10,-0.9252488017082214,-0.7081043720245361,-0.7059846520423889,True
1710807515,fk_qslstm,ema,test,1000309,11,0.9766049981117249,0.019479531794786453,0.017881035804748535,True
1710807515,fk_qslstm,ema,test,1000309,12,-0.1558757722377777,-0.07794184237718582,-0.07467150688171387,True
1710807515,fk_qslstm,ema,test,1000309,13,0.13977116346359253,0.02150922827422619,0.021815568208694458,True
1710807515,fk_qslstm,ema,test,1000309,14,0.3611772954463959,0.23391376435756683,0.23146876692771912,True
1710807515,fk_qslstm,ema,test,1000309,15,-0.1103241890668869,0.12093649804592133,0.12142150104045868,True
1710807515,fk_qslstm,ema,test,1000309,16,0.27291199564933777,0.2604964077472687,0.2587549090385437,True
1710807515,fk_qslstm,ema,test,1000309,17,0.3118344247341156,0.39549776911735535,0.3931323289871216,True
1710807515,fk_qslstm,ema,test,1000309,18,-0.6654548048973083,-0.08287465572357178,-0.08312729001045227,True
1710807515,fk_qslstm,ema,test,1000309,19,0.6645380854606628,0.3324231207370758,0.3302138149738312,True
1710807515,fk_qslstm,ema,test,1000309,20,-0.06036369875073433,0.22972027957439423,0.23098590970039368,True
1710807515,fk_qslstm,ema,test,1000309,21,0.32577481865882874,0.37924110889434814,0.37835752964019775,True
1710807515,fk_qslstm,ema,test,1000309,22,-0.14061984419822693,0.21902097761631012,0.2210601270198822,True
1710807515,fk_qslstm,ema,test,1000309,23,-0.7572882175445557,-0.2791561782360077,-0.27667516469955444,True
1710807515,fk_qslstm,ema,test,1000309,24,-0.7119233012199402,-0.6504788994789124,-0.6523610353469849,True
1710807515,fk_qslstm,ema,test,1000309,25,0.9344409704208374,0.040281444787979126,0.039669573307037354,True
1710807515,fk_qslstm,ema,test,1000309,26,-0.5301210880279541,-0.2858475148677826,-0.2824036478996277,True
1710807515,fk_qslstm,ema,test,1000309,27,0.6369636654853821,0.15350018441677094,0.15176695585250854,True
1710807515,fk_qslstm,ema,test,1000309,28,-0.32895350456237793,-0.07457195967435837,-0.07118430733680725,True
1710807515,fk_qslstm,ema,test,1000309,29,-0.04808046296238899,-0.08850584924221039,-0.08527225255966187,True
1710807515,fk_qslstm,ema,test,1000309,30,0.41466307640075684,0.17799316346645355,0.1775086671113968,True
1710807515,fk_qslstm,ema,test,1000309,31,-0.3854416608810425,-0.08887046575546265,-0.08548179268836975,True
1710807515,fk_qslstm,ema,test,1000310,0,-0.509565532207489,-0.30573931336402893,-0.30338066816329956,True
1710807515,fk_qslstm,ema,test,1000310,1,0.9781364798545837,0.3422904312610626,0.3276475667953491,True
1710807515,fk_qslstm,ema,test,1000310,2,0.12136274576187134,0.34665000438690186,0.3332514464855194,True
1710807515,fk_qslstm,ema,test,1000310,3,-0.8721300363540649,-0.24595803022384644,-0.2539569139480591,True
1710807515,fk_qslstm,ema,test,1000310,4,0.041162654757499695,-0.17206883430480957,-0.1760134994983673,True
1710807515,fk_qslstm,ema,test,1000310,5,0.45114290714263916,0.13303068280220032,0.12963759899139404,True
1710807515,fk_qslstm,ema,test,1000310,6,0.5139079689979553,0.41476935148239136,0.4113740026950836,True
1710807515,fk_qslstm,ema,test,1000310,7,-0.34874746203422546,0.12256699055433273,0.12287676334381104,True
1710807515,fk_qslstm,ema,test,1000310,8,-0.585411548614502,-0.25319334864616394,-0.2519511580467224,True
1710807515,fk_qslstm,ema,test,1000310,9,-0.012015839107334614,-0.20976418256759644,-0.20610374212265015,True
1710807515,fk_qslstm,ema,test,1000310,10,-0.39256542921066284,-0.4033505916595459,-0.3969913125038147,True
1710807515,fk_qslstm,ema,test,1000310,11,-0.1800626516342163,-0.4307180643081665,-0.4232827425003052,True
1710807515,fk_qslstm,ema,test,1000310,12,-0.1367121785879135,-0.426601767539978,-0.41837596893310547,True
1710807515,fk_qslstm,ema,test,1000310,13,0.9523769617080688,0.23014476895332336,0.2305321991443634,True
1710807515,fk_qslstm,ema,test,1000310,14,-0.3473021686077118,-0.024265481159090996,-0.02158266305923462,True
1710807515,fk_qslstm,ema,test,1000310,15,-0.6491975784301758,-0.4089309275150299,-0.40977978706359863,True
1710807515,fk_qslstm,ema,test,1000310,16,0.5941751599311829,0.029360344633460045,0.026094257831573486,True
1710807515,fk_qslstm,ema,test,1000310,17,-0.9235565066337585,-0.5306456089019775,-0.5310617685317993,True
1710807515,fk_qslstm,ema,test,1000310,18,-0.6938369274139404,-0.8408186435699463,-0.8481836915016174,True
1710807515,fk_qslstm,ema,test,1000310,19,0.7691336274147034,-0.21117477118968964,-0.2105216383934021,True
1710807515,fk_qslstm,ema,test,1000310,20,-0.617925763130188,-0.5396952629089355,-0.5396740436553955,True
1710807515,fk_qslstm,ema,test,1000310,21,-0.6579181551933289,-0.8265071511268616,-0.833439290523529,True
1710807515,fk_qslstm,ema,test,1000310,22,-0.9779884815216064,-1.2479987144470215,-1.2449047565460205,True
1710807515,fk_qslstm,ema,test,1000310,23,-0.3843017816543579,-1.2289800643920898,-1.2294232845306396,True
1710807515,fk_qslstm,ema,test,1000310,24,-0.7576453685760498,-1.4377713203430176,-1.4291255474090576,True
1710807515,fk_qslstm,ema,test,1000310,25,0.6301136016845703,-0.772148847579956,-0.7754920125007629,True
1710807515,fk_qslstm,ema,test,1000310,26,0.5814481377601624,-0.2688502073287964,-0.2706988453865051,True
1710807515,fk_qslstm,ema,test,1000310,27,0.3529902398586273,-0.0032860240899026394,-0.003502368927001953,True
1710807515,fk_qslstm,ema,test,1000310,28,-0.8210821151733398,-0.4952780604362488,-0.49496251344680786,True
1710807515,fk_qslstm,ema,test,1000310,29,-0.4254567623138428,-0.6514965295791626,-0.6516209840774536,True
1710807515,fk_qslstm,ema,test,1000310,30,0.03550874814391136,-0.4998919665813446,-0.49502384662628174,True
1710807515,fk_qslstm,ema,test,1000310,31,0.4001530706882477,-0.15982173383235931,-0.15575140714645386,True
1710807515,fk_qslstm,ema,test,1000311,0,-0.7393648624420166,-0.44361892342567444,-0.4389522075653076,True
1710807515,fk_qslstm,ema,test,1000311,1,-0.9890738129615784,-0.9483394026756287,-0.9505940079689026,True
1710807515,fk_qslstm,ema,test,1000311,2,-0.8567270040512085,-1.2727077007293701,-1.2777042388916016,True
1710807515,fk_qslstm,ema,test,1000311,3,-0.8722333908081055,-1.5415061712265015,-1.5202748775482178,True
1710807515,fk_qslstm,ema,test,1000311,4,-0.5550421476364136,-1.566230297088623,-1.5456275939941406,True
1710807515,fk_qslstm,ema,test,1000311,5,-0.8913666605949402,-1.787804126739502,-1.7221143245697021,True
1710807515,fk_qslstm,ema,test,1000311,6,0.099302276968956,-1.370661973953247,-1.378891944885254,True
1710807515,fk_qslstm,ema,test,1000311,7,0.1235833391547203,-1.0223795175552368,-1.0619215965270996,True
1710807515,fk_qslstm,ema,test,1000311,8,-0.04446901008486748,-0.8445850610733032,-0.8759205937385559,True
1710807515,fk_qslstm,ema,test,1000311,9,0.908356785774231,-0.130653977394104,-0.13347354531288147,True
1710807515,fk_qslstm,ema,test,1000311,10,-0.9043440222740173,-0.6471295952796936,-0.6449110507965088,True
1710807515,fk_qslstm,ema,test,1000311,11,-0.43176424503326416,-0.7767622470855713,-0.774959146976471,True
1710807515,fk_qslstm,ema,test,1000311,12,-0.3917679488658905,-0.85647052526474,-0.8513966202735901,True
1710807515,fk_qslstm,ema,test,1000311,13,0.3679284453392029,-0.4644193649291992,-0.45147228240966797,True
1710807515,fk_qslstm,ema,test,1000311,14,-0.10856764763593674,-0.4366760849952698,-0.42137110233306885,True
1710807515,fk_qslstm,ema,test,1000311,15,0.45976608991622925,-0.07348120212554932,-0.06178900599479675,True
1710807515,fk_qslstm,ema,test,1000311,16,0.9366211295127869,0.5031877160072327,0.5095932483673096,True
1710807515,fk_qslstm,ema,test,1000311,17,0.9766248464584351,0.9885250926017761,0.9958125352859497,True
1710807515,fk_qslstm,ema,test,1000311,18,-0.5719047784805298,0.4476771652698517,0.44441691040992737,True
1710807515,fk_qslstm,ema,test,1000311,19,-0.4056948125362396,0.11472484469413757,0.10951223969459534,True
1710807515,fk_qslstm,ema,test,1000311,20,0.7043271660804749,0.514376163482666,0.5108990669250488,True
1710807515,fk_qslstm,ema,test,1000311,21,0.7089456915855408,0.836868405342102,0.8397411704063416,True
1710807515,fk_qslstm,ema,test,1000311,22,-0.45453041791915894,0.3967764675617218,0.39369553327560425,True
1710807515,fk_qslstm,ema,test,1000311,23,0.31086722016334534,0.5039414763450623,0.49869659543037415,True
1710807515,fk_qslstm,ema,test,1000311,24,0.9435508251190186,0.9692836999893188,0.9714768528938293,True
1710807515,fk_qslstm,ema,test,1000311,25,0.5866562128067017,1.1274206638336182,1.1290955543518066,True
1710807515,fk_qslstm,ema,test,1000311,26,-0.6960443258285522,0.48430994153022766,0.48154890537261963,True
1710807515,fk_qslstm,ema,test,1000311,27,0.5187357068061829,0.6986894011497498,0.6976683735847473,True
1710807515,fk_qslstm,ema,test,1000311,28,0.8896114826202393,1.0927183628082275,1.0975825786590576,True
1710807515,fk_qslstm,ema,test,1000311,29,0.09877124428749084,0.9334374666213989,0.9345261454582214,True
1710807515,fk_qslstm,ema,test,1000311,30,-0.9280798435211182,0.18990208208560944,0.19089701771736145,True
1710807515,fk_qslstm,ema,test,1000311,31,0.2172260582447052,0.2822573184967041,0.2807008922100067,True
1710807515,fk_qslstm,ema,test,1000312,0,0.9486033320426941,0.5691620111465454,0.5560721158981323,True
1710807515,fk_qslstm,ema,test,1000312,1,0.738389253616333,0.8983631134033203,0.9012349247932434,True
1710807515,fk_qslstm,ema,test,1000312,2,0.5117667317390442,1.0257505178451538,1.0287160873413086,True
1710807515,fk_qslstm,ema,test,1000312,3,-0.8352566361427307,0.3194464445114136,0.3167246878147125,True
1710807515,fk_qslstm,ema,test,1000312,4,0.8060035705566406,0.7391592860221863,0.7394243478775024,True
1710807515,fk_qslstm,ema,test,1000312,5,0.7265655398368835,1.0272667407989502,1.0328084230422974,True
1710807515,fk_qslstm,ema,test,1000312,6,0.5915173888206482,1.176723837852478,1.180976390838623,True
1710807515,fk_qslstm,ema,test,1000312,7,-0.7069353461265564,0.5172178745269775,0.5175038576126099,True
1710807515,fk_qslstm,ema,test,1000312,8,0.9604138731956482,0.990022599697113,0.9961593747138977,True
1710807515,fk_qslstm,ema,test,1000312,9,-0.9187910556793213,0.2407434582710266,0.24344199895858765,True
1710807515,fk_qslstm,ema,test,1000312,10,0.7331592440605164,0.632490336894989,0.6344622373580933,True
1710807515,fk_qslstm,ema,test,1000312,11,-0.6650990843772888,0.10693278163671494,0.10679355263710022,True
1710807515,fk_qslstm,ema,test,1000312,12,-0.8705483078956604,-0.43678274750709534,-0.4396209120750427,True
1710807515,fk_qslstm,ema,test,1000312,13,0.6997806429862976,0.07044216990470886,0.0685284435749054,True
1710807515,fk_qslstm,ema,test,1000312,14,-0.6191384792327881,-0.3151293396949768,-0.31335169076919556,True
1710807515,fk_qslstm,ema,test,1000312,15,0.471868634223938,0.031017694622278214,0.028339743614196777,True
1710807515,fk_qslstm,ema,test,1000312,16,-0.6142799258232117,-0.34375378489494324,-0.3439520001411438,True
1710807515,fk_qslstm,ema,test,1000312,17,0.6718329191207886,0.12809669971466064,0.1245928555727005,True
1710807515,fk_qslstm,ema,test,1000312,18,0.6106163263320923,0.4688471555709839,0.4657141864299774,True
1710807515,fk_qslstm,ema,test,1000312,19,0.9783871173858643,0.9621099829673767,0.9627293944358826,True
1710807515,fk_qslstm,ema,test,1000312,20,0.9518058896064758,1.3407715559005737,1.329174280166626,True
1710807515,fk_qslstm,ema,test,1000312,21,-0.8966357707977295,0.5346357226371765,0.5359276533126831,True
1710807515,fk_qslstm,ema,test,1000312,22,0.8776558041572571,0.9543020725250244,0.9643071293830872,True
1710807515,fk_qslstm,ema,test,1000312,23,0.6868917346000671,1.1755766868591309,1.183889389038086,True
1710807515,fk_qslstm,ema,test,1000312,24,0.8006776571273804,1.420867919921875,1.4123730659484863,True
1710807515,fk_qslstm,ema,test,1000312,25,0.03269454464316368,1.1563111543655396,1.1597321033477783,True
1710807515,fk_qslstm,ema,test,1000312,26,0.5471420884132385,1.2533341646194458,1.2627038955688477,True
1710807515,fk_qslstm,ema,test,1000312,27,-0.019528253003954887,0.990950345993042,1.0007221698760986,True
1710807515,fk_qslstm,ema,test,1000312,28,0.21333597600460052,0.9207618832588196,0.9275854825973511,True
1710807515,fk_qslstm,ema,test,1000312,29,-0.5575834512710571,0.4020594358444214,0.39459115266799927,True
1710807515,fk_qslstm,ema,test,1000312,30,-0.45584389567375183,0.04814121499657631,0.03810364007949829,True
1710807515,fk_qslstm,ema,test,1000312,31,0.0009912244277074933,0.039107706397771835,0.030782848596572876,True
1710807515,fk_qslstm,ema,test,1000313,0,0.8156124353408813,0.48936745524406433,0.4833066165447235,True
1710807515,fk_qslstm,ema,test,1000313,1,0.09574273973703384,0.44893962144851685,0.4534316062927246,True
1710807515,fk_qslstm,ema,test,1000313,2,-0.4052647352218628,0.11599283665418625,0.11583234369754791,True
1710807515,fk_qslstm,ema,test,1000313,3,-0.0741720199584961,0.04829105734825134,0.0477069616317749,True
1710807515,fk_qslstm,ema,test,1000313,4,0.9212748408317566,0.591397762298584,0.5905755758285522,True
1710807515,fk_qslstm,ema,test,1000313,5,0.5718069076538086,0.8162023425102234,0.8172521591186523,True
1710807515,fk_qslstm,ema,test,1000313,6,0.8582471013069153,1.167910099029541,1.170311450958252,True
1710807515,fk_qslstm,ema,test,1000313,7,0.9607766270637512,1.5107940435409546,1.481736183166504,True
1710807515,fk_qslstm,ema,test,1000313,8,0.6404169201850891,1.5928853750228882,1.5450313091278076,True
1710807515,fk_qslstm,ema,test,1000313,9,-0.20385952293872833,1.151992678642273,1.1504944562911987,True
1710807515,fk_qslstm,ema,test,1000313,10,0.8220605850219727,1.4148304462432861,1.4172673225402832,True
1710807515,fk_qslstm,ema,test,1000313,11,-0.2031581848859787,1.0099694728851318,1.0211968421936035,True
1710807515,fk_qslstm,ema,test,1000313,12,0.4891064465045929,1.1014394760131836,1.11649489402771,True
1710807515,fk_qslstm,ema,test,1000313,13,0.02211688458919525,0.8944216966629028,0.8995427489280701,True
1710807515,fk_qslstm,ema,test,1000313,14,0.5386635065078735,1.0387355089187622,1.0435789823532104,True
1710807515,fk_qslstm,ema,test,1000313,15,0.3159448802471161,1.0205552577972412,1.0217392444610596,True
1710807515,fk_qslstm,ema,test,1000313,16,0.14025670289993286,0.9005982875823975,0.8974124193191528,True
1710807515,fk_qslstm,ema,test,1000313,17,-0.3758384883403778,0.4949755072593689,0.48293495178222656,True
1710807515,fk_qslstm,ema,test,1000313,18,0.24357107281684875,0.5421230792999268,0.5285656452178955,True
1710807515,fk_qslstm,ema,test,1000313,19,0.5072312951087952,0.7380372285842896,0.7295507788658142,True
1710807515,fk_qslstm,ema,test,1000313,20,0.7951292991638184,1.0675073862075806,1.0660970211029053,True
1710807515,fk_qslstm,ema,test,1000313,21,-0.25116977095603943,0.7033039927482605,0.6975524425506592,True
1710807515,fk_qslstm,ema,test,1000313,22,0.9432784914970398,1.1286102533340454,1.1281156539916992,True
1710807515,fk_qslstm,ema,test,1000313,23,-0.7875458002090454,0.43036073446273804,0.42493879795074463,True
1710807515,fk_qslstm,ema,test,1000313,24,0.3543872535228729,0.5569209456443787,0.5494421720504761,True
1710807515,fk_qslstm,ema,test,1000313,25,0.5271357893943787,0.7618182301521301,0.7591343522071838,True
1710807515,fk_qslstm,ema,test,1000313,26,-0.45091256499290466,0.33890706300735474,0.3330157995223999,True
1710807515,fk_qslstm,ema,test,1000313,27,0.951646625995636,0.8421136140823364,0.8406027555465698,True
1710807515,fk_qslstm,ema,test,1000313,28,0.4231964647769928,0.9276087880134583,0.926265299320221,True
1710807515,fk_qslstm,ema,test,1000313,29,-0.67711341381073,0.33581897616386414,0.3283352851867676,True
1710807515,fk_qslstm,ema,test,1000313,30,-0.6444647908210754,-0.11802367866039276,-0.1254073977470398,True
1710807515,fk_qslstm,ema,test,1000313,31,0.4139901101589203,0.15397512912750244,0.1464516967535019,True
1710807515,fk_qslstm,ema,test,1000314,0,0.3364858031272888,0.20189149677753448,0.2018677294254303,True
1710807515,fk_qslstm,ema,test,1000314,1,-0.88290935754776,-0.3682324290275574,-0.35558539628982544,True
1710807515,fk_qslstm,ema,test,1000314,2,0.22601227462291718,-0.15897858142852783,-0.15899300575256348,True
1710807515,fk_qslstm,ema,test,1000314,3,-0.4970538318157196,-0.42541515827178955,-0.4240831732749939,True
1710807515,fk_qslstm,ema,test,1000314,4,-0.9080939292907715,-0.8851885199546814,-0.8889620900154114,True
1710807515,fk_qslstm,ema,test,1000314,5,0.8037387728691101,-0.22590751945972443,-0.22182703018188477,True
1710807515,fk_qslstm,ema,test,1000314,6,0.3114227056503296,0.00612761452794075,0.007211595773696899,True
1710807515,fk_qslstm,ema,test,1000314,7,-0.7310088872909546,-0.4337032437324524,-0.4342840909957886,True
1710807515,fk_qslstm,ema,test,1000314,8,-0.3626030683517456,-0.5645244121551514,-0.5652620196342468,True
1710807515,fk_qslstm,ema,test,1000314,9,-0.9620806574821472,-1.0288679599761963,-1.0290091037750244,True
1710807515,fk_qslstm,ema,test,1000314,10,-0.7842689752578735,-1.2936557531356812,-1.2885119915008545,True
1710807515,fk_qslstm,ema,test,1000314,11,-0.4538513123989105,-1.3072353601455688,-1.305776834487915,True
1710807515,fk_qslstm,ema,test,1000314,12,0.42302876710891724,-0.7919710278511047,-0.7975923418998718,True
1710807515,fk_qslstm,ema,test,1000314,13,-0.6331018805503845,-1.0134379863739014,-1.0267879962921143,True
1710807515,fk_qslstm,ema,test,1000314,14,-0.43101850152015686,-1.0693614482879639,-1.083505630493164,True
1710807515,fk_qslstm,ema,test,1000314,15,-0.43953850865364075,-1.11921226978302,-1.1320757865905762,True
1710807515,fk_qslstm,ema,test,1000314,16,-0.360193133354187,-1.1114857196807861,-1.1239714622497559,True
1710807515,fk_qslstm,ema,test,1000314,17,-0.5890169739723206,-1.2425987720489502,-1.2528924942016602,True
1710807515,fk_qslstm,ema,test,1000314,18,0.5632290840148926,-0.6561415195465088,-0.6595237851142883,True
1710807515,fk_qslstm,ema,test,1000314,19,0.060537274926900864,-0.48859086632728577,-0.4880935549736023,True
1710807515,fk_qslstm,ema,test,1000314,20,0.31234070658683777,-0.20346826314926147,-0.20039916038513184,True
1710807515,fk_qslstm,ema,test,1000314,21,0.26302051544189453,-0.00496229063719511,-0.002031862735748291,True
1710807515,fk_qslstm,ema,test,1000314,22,-0.16817931830883026,-0.10487742722034454,-0.09785568714141846,True
1710807515,fk_qslstm,ema,test,1000314,23,-0.41893064975738525,-0.3352603316307068,-0.32662802934646606,True
1710807515,fk_qslstm,ema,test,1000314,24,-0.43565404415130615,-0.5296006798744202,-0.5215655565261841,True
1710807515,fk_qslstm,ema,test,1000314,25,-0.593837320804596,-0.7799829244613647,-0.7763119339942932,True
1710807515,fk_qslstm,ema,test,1000314,26,0.8094334006309509,-0.13832631707191467,-0.13133341073989868,True
1710807515,fk_qslstm,ema,test,1000314,27,-0.1828918606042862,-0.22039617598056793,-0.2114018201828003,True
1710807515,fk_qslstm,ema,test,1000314,28,-0.03665171191096306,-0.19830796122550964,-0.19145607948303223,True
1710807515,fk_qslstm,ema,test,1000314,29,0.41269564628601074,0.08897101134061813,0.09044544398784637,True
1710807515,fk_qslstm,ema,test,1000314,30,0.9919072985649109,0.6663211584091187,0.6653251051902771,True
1710807515,fk_qslstm,ema,test,1000314,31,0.442179411649704,0.7983645796775818,0.7954356670379639,True
1710807515,fk_qslstm,ema,test,1000315,0,0.6508492827415466,0.39050957560539246,0.3888057768344879,True
1710807515,fk_qslstm,ema,test,1000315,1,0.4237028658390045,0.5666293501853943,0.5723721385002136,True
1710807515,fk_qslstm,ema,test,1000315,2,0.17681574821472168,0.5593929290771484,0.5573793649673462,True
1710807515,fk_qslstm,ema,test,1000315,3,0.8801419138908386,0.9755995273590088,0.9790971875190735,True
1710807515,fk_qslstm,ema,test,1000315,4,0.8927304148674011,1.3161178827285767,1.310898780822754,True
1710807515,fk_qslstm,ema,test,1000315,5,-0.8257231712341309,0.557460367679596,0.5602028369903564,True
1710807515,fk_qslstm,ema,test,1000315,6,0.20122484862804413,0.566703200340271,0.5670592784881592,True
1710807515,fk_qslstm,ema,test,1000315,7,-0.33171534538269043,0.25433337688446045,0.2528502643108368,True
1710807515,fk_qslstm,ema,test,1000315,8,0.4965778589248657,0.5014134049415588,0.49903547763824463,True
1710807515,fk_qslstm,ema,test,1000315,9,-0.22278809547424316,0.26745787262916565,0.26672354340553284,True
1710807515,fk_qslstm,ema,test,1000315,10,0.9864291548728943,0.805823802947998,0.8071557283401489,True
1710807515,fk_qslstm,ema,test,1000315,11,-0.37286511063575745,0.42093995213508606,0.415767103433609,True
1710807515,fk_qslstm,ema,test,1000315,12,0.8873348832130432,0.8691529035568237,0.8689001202583313,True
1710807515,fk_qslstm,ema,test,1000315,13,-0.0019281457643955946,0.6941654086112976,0.6893549561500549,True
1710807515,fk_qslstm,ema,test,1000315,14,-0.5072694420814514,0.2509706914424896,0.24275684356689453,True
1710807515,fk_qslstm,ema,test,1000315,15,-0.5776735544204712,-0.14582756161689758,-0.15184703469276428,True
1710807515,fk_qslstm,ema,test,1000315,16,0.1777634620666504,-0.010003979317843914,-0.014650106430053711,True
1710807515,fk_qslstm,ema,test,1000315,17,-0.3637619614601135,-0.22626036405563354,-0.22518867254257202,True
1710807515,fk_qslstm,ema,test,1000315,18,0.6394671201705933,0.20267198979854584,0.20067033171653748,True
1710807515,fk_qslstm,ema,test,1000315,19,0.8564906120300293,0.6760319471359253,0.6769813895225525,True
1710807515,fk_qslstm,ema,test,1000315,20,-0.9156944751739502,-0.008591131307184696,-0.00554242730140686,True
1710807515,fk_qslstm,ema,test,1000315,21,-0.051280152052640915,-0.037640996277332306,-0.03557181358337402,True
1710807515,fk_qslstm,ema,test,1000315,22,0.8243359923362732,0.46448880434036255,0.4663202166557312,True
1710807515,fk_qslstm,ema,test,1000315,23,-0.31737402081489563,0.1811666339635849,0.1840806007385254,True
1710807515,fk_qslstm,ema,test,1000315,24,-0.06535471975803375,0.10572047531604767,0.10841386020183563,True
1710807515,fk_qslstm,ema,test,1000315,25,0.8868334293365479,0.6166764497756958,0.6203609704971313,True
1710807515,fk_qslstm,ema,test,1000315,26,-0.6453277468681335,0.1061444953083992,0.10724255442619324,True
1710807515,fk_qslstm,ema,test,1000315,27,0.6492282748222351,0.47445258498191833,0.47274863719940186,True
1710807515,fk_qslstm,ema,test,1000315,28,-0.28043240308761597,0.21130262315273285,0.21250784397125244,True
1710807515,fk_qslstm,ema,test,1000315,29,0.4812607169151306,0.4577985107898712,0.4571334719657898,True
1710807515,fk_qslstm,ema,test,1000315,30,0.893843948841095,0.9025452136993408,0.9084667563438416,True
1710807515,fk_qslstm,ema,test,1000315,31,0.2976870536804199,0.9006483554840088,0.9035685658454895,True
1710807515,fk_qslstm,ema,test,1000316,0,-0.2064155489206314,-0.12384933233261108,-0.12194451689720154,True
1710807515,fk_qslstm,ema,test,1000316,1,0.6566292643547058,0.294898122549057,0.28727301955223083,True
1710807515,fk_qslstm,ema,test,1000316,2,-0.9902622103691101,-0.3582388460636139,-0.35872137546539307,True
1710807515,fk_qslstm,ema,test,1000316,3,-0.6718959212303162,-0.6897286176681519,-0.6966186165809631,True
1710807515,fk_qslstm,ema,test,1000316,4,-0.10944071412086487,-0.6174473166465759,-0.6187671422958374,True
1710807515,fk_qslstm,ema,test,1000316,5,-0.9848776459693909,-1.0848844051361084,-1.0833258628845215,True
1710807515,fk_qslstm,ema,test,1000316,6,0.4408596456050873,-0.6033917665481567,-0.5983350872993469,True
1710807515,fk_qslstm,ema,test,1000316,7,0.18641747534275055,-0.3708629310131073,-0.3669852614402771,True
1710807515,fk_qslstm,ema,test,1000316,8,0.4760500192642212,-0.011060339398682117,-0.01064002513885498,True
1710807515,fk_qslstm,ema,test,1000316,9,-0.43048858642578125,-0.2671414315700531,-0.26313668489456177,True
1710807515,fk_qslstm,ema,test,1000316,10,0.988379716873169,0.37931469082832336,0.3749874234199524,True
1710807515,fk_qslstm,ema,test,1000316,11,-0.01917583867907524,0.2919462323188782,0.287757933139801,True
1710807515,fk_qslstm,ema,test,1000316,12,-0.6314516067504883,-0.14531396329402924,-0.14881598949432373,True
1710807515,fk_qslstm,ema,test,1000316,13,-0.07893364876508713,-0.16361135244369507,-0.16462689638137817,True
1710807515,fk_qslstm,ema,test,1000316,14,0.8947078585624695,0.4059356451034546,0.4028104543685913,True
1710807515,fk_qslstm,ema,test,1000316,15,0.4803163707256317,0.6129383444786072,0.6097180843353271,True
1710807515,fk_qslstm,ema,test,1000316,16,0.43634283542633057,0.7521563768386841,0.7496236562728882,True
1710807515,fk_qslstm,ema,test,1000316,17,0.05416737496852875,0.6342255473136902,0.629532516002655,True
1710807515,fk_qslstm,ema,test,1000316,18,0.9385359287261963,1.0705019235610962,1.0715382099151611,True
1710807515,fk_qslstm,ema,test,1000316,19,0.8040912747383118,1.3388563394546509,1.3305771350860596,True
1710807515,fk_qslstm,ema,test,1000316,20,-0.3411780893802643,0.8663782477378845,0.865480363368988,True
1710807515,fk_qslstm,ema,test,1000316,21,-0.09493783116340637,0.6361398696899414,0.63332200050354,True
1710807515,fk_qslstm,ema,test,1000316,22,-0.7677024602890015,0.048290420323610306,0.04128473997116089,True
1710807515,fk_qslstm,ema,test,1000316,23,0.028269382193684578,0.05559396371245384,0.04929417371749878,True
1710807515,fk_qslstm,ema,test,1000316,24,0.9536322951316833,0.6166545152664185,0.6119454503059387,True
1710807515,fk_qslstm,ema,test,1000316,25,0.9993351697921753,1.09292471408844,1.0901494026184082,True
1710807515,fk_qslstm,ema,test,1000316,26,0.7827885150909424,1.3440128564834595,1.3314733505249023,True
1710807515,fk_qslstm,ema,test,1000316,27,0.5264480113983154,1.391079068183899,1.3753390312194824,True
1710807515,fk_qslstm,ema,test,1000316,28,-0.12143969535827637,1.0399994850158691,1.0405144691467285,True
1710807515,fk_qslstm,ema,test,1000316,29,0.05719415098428726,0.8663160800933838,0.8682144284248352,True
1710807515,fk_qslstm,ema,test,1000316,30,0.26027974486351013,0.8492206931114197,0.8475595116615295,True
1710807515,fk_qslstm,ema,test,1000316,31,-0.8286605477333069,0.1821802407503128,0.17254036664962769,True
1710807515,fk_qslstm,ema,test,1000317,0,-0.4969685673713684,-0.2981811463832855,-0.29584944248199463,True
1710807515,fk_qslstm,ema,test,1000317,1,-0.9036052227020264,-0.7807080149650574,-0.7854645848274231,True
1710807515,fk_qslstm,ema,test,1000317,2,0.5845731496810913,-0.273822546005249,-0.2789384126663208,True
1710807515,fk_qslstm,ema,test,1000317,3,0.04728592559695244,-0.19068646430969238,-0.1906982958316803,True
1710807515,fk_qslstm,ema,test,1000317,4,0.7378848195075989,0.2901816964149475,0.28826430439949036,True
1710807515,fk_qslstm,ema,test,1000317,5,-0.5644710659980774,-0.10653728246688843,-0.10326850414276123,True
1710807515,fk_qslstm,ema,test,1000317,6,-0.4732501208782196,-0.369179904460907,-0.3658483624458313,True
1710807515,fk_qslstm,ema,test,1000317,7,-0.7126628160476685,-0.7229416370391846,-0.7237647175788879,True
1710807515,fk_qslstm,ema,test,1000317,8,0.20057053864002228,-0.4580109715461731,-0.4563235640525818,True
1710807515,fk_qslstm,ema,test,1000317,9,0.13990119099617004,-0.2824680507183075,-0.2810558080673218,True
1710807515,fk_qslstm,ema,test,1000317,10,-0.2864548861980438,-0.39784738421440125,-0.3951337933540344,True
1710807515,fk_qslstm,ema,test,1000317,11,0.298588365316391,-0.13912488520145416,-0.1397000551223755,True
1710807515,fk_qslstm,ema,test,1000317,12,-0.2268233299255371,-0.2473939061164856,-0.24521011114120483,True
1710807515,fk_qslstm,ema,test,1000317,13,-0.6310005784034729,-0.5765154957771301,-0.5779299736022949,True
1710807515,fk_qslstm,ema,test,1000317,14,-0.7819744348526001,-0.9303970336914062,-0.9368556141853333,True
1710807515,fk_qslstm,ema,test,1000317,15,0.07527270168066025,-0.6991540193557739,-0.7037792801856995,True
1710807515,fk_qslstm,ema,test,1000317,16,-0.12231280654668808,-0.632710874080658,-0.6361527442932129,True
1710807515,fk_qslstm,ema,test,1000317,17,0.2791604697704315,-0.3386724293231964,-0.3419490456581116,True
1710807515,fk_qslstm,ema,test,1000317,18,0.8025988936424255,0.21062138676643372,0.20390960574150085,True
1710807515,fk_qslstm,ema,test,1000317,19,-0.5737489461898804,-0.17575225234031677,-0.17892307043075562,True
1710807515,fk_qslstm,ema,test,1000317,20,0.4909186065196991,0.15394936501979828,0.1458684206008911,True
1710807515,fk_qslstm,ema,test,1000317,21,-0.024232279509305954,0.10862012207508087,0.10409384965896606,True
1710807515,fk_qslstm,ema,test,1000317,22,-0.9023908376693726,-0.4545384347438812,-0.457810640335083,True
1710807515,fk_qslstm,ema,test,1000317,23,-0.8680019378662109,-0.8844318985939026,-0.8925285935401917,True
1710807515,fk_qslstm,ema,test,1000317,24,0.16145916283130646,-0.6106700301170349,-0.6140647530555725,True
1710807515,fk_qslstm,ema,test,1000317,25,0.5320729613304138,-0.16929225623607635,-0.17149683833122253,True
1710807515,fk_qslstm,ema,test,1000317,26,0.28544262051582336,0.035831768065690994,0.0311739444732666,True
1710807515,fk_qslstm,ema,test,1000317,27,0.20567546784877777,0.15207070112228394,0.1458408534526825,True
1710807515,fk_qslstm,ema,test,1000317,28,-0.28206947445869446,-0.047585129737854004,-0.048867255449295044,True
1710807515,fk_qslstm,ema,test,1000317,29,-0.6498100757598877,-0.42795416712760925,-0.42989689111709595,True
1710807515,fk_qslstm,ema,test,1000317,30,0.9433276653289795,0.223633274435997,0.21775749325752258,True
1710807515,fk_qslstm,ema,test,1000317,31,0.608562707901001,0.5440442562103271,0.5394041538238525,True
1710807515,fk_qslstm,ema,test,1000318,0,0.23743796348571777,0.14246277511119843,0.14259009063243866,True
1710807515,fk_qslstm,ema,test,1000318,1,-0.12513720989227295,0.03888790309429169,0.045512616634368896,True
1710807515,fk_qslstm,ema,test,1000318,2,0.47432971000671387,0.3157081604003906,0.3116157054901123,True
1710807515,fk_qslstm,ema,test,1000318,3,0.28051936626434326,0.420878142118454,0.41627293825149536,True
1710807515,fk_qslstm,ema,test,1000318,4,0.9990941286087036,0.9361589550971985,0.935406506061554,True
1710807515,fk_qslstm,ema,test,1000318,5,-0.389293909072876,0.5153508186340332,0.5072721242904663,True
1710807515,fk_qslstm,ema,test,1000318,6,0.9322496056556702,0.9716304540634155,0.9695144891738892,True
1710807515,fk_qslstm,ema,test,1000318,7,-0.9116197824478149,0.23033246397972107,0.22820109128952026,True
1710807515,fk_qslstm,ema,test,1000318,8,-0.3913848102092743,-0.05056491866707802,-0.051841408014297485,True
1710807515,fk_qslstm,ema,test,1000318,9,-0.3385107219219208,-0.2435583770275116,-0.24020236730575562,True
1710807515,fk_qslstm,ema,test,1000318,10,-0.1302013099193573,-0.27296748757362366,-0.2668147087097168,True
1710807515,fk_qslstm,ema,test,1000318,11,0.5230910181999207,0.09548061341047287,0.09742972254753113,True
1710807515,fk_qslstm,ema,test,1000318,12,0.330321729183197,0.2745775282382965,0.2730995714664459,True
1710807515,fk_qslstm,ema,test,1000318,13,0.25941184163093567,0.37530913949012756,0.37140271067619324,True
1710807515,fk_qslstm,ema,test,1000318,14,0.3950164318084717,0.537257194519043,0.5331810712814331,True
1710807515,fk_qslstm,ema,test,1000318,15,0.32325124740600586,0.623756468296051,0.620187520980835,True
1710807515,fk_qslstm,ema,test,1000318,16,-0.7697681188583374,0.037144310772418976,0.03438293933868408,True
1710807515,fk_qslstm,ema,test,1000318,17,-0.4931757152080536,-0.2661899924278259,-0.2665424942970276,True
1710807515,fk_qslstm,ema,test,1000318,18,-0.01420320849865675,-0.22147390246391296,-0.21745461225509644,True
1710807515,fk_qslstm,ema,test,1000318,19,-0.6492362022399902,-0.5667208433151245,-0.5642382502555847,True
1710807515,fk_qslstm,ema,test,1000318,20,0.678625226020813,-0.04620153084397316,-0.043822139501571655,True
1710807515,fk_qslstm,ema,test,1000318,21,0.040106527507305145,-0.012897307984530926,-0.009827733039855957,True
1710807515,fk_qslstm,ema,test,1000318,22,-0.7468411922454834,-0.45842257142066956,-0.4582119584083557,True
1710807515,fk_qslstm,ema,test,1000318,23,0.48538634181022644,-0.07550625503063202,-0.07756268978118896,True
1710807515,fk_qslstm,ema,test,1000318,24,-0.2945975363254547,-0.23716352880001068,-0.23449033498764038,True
1710807515,fk_qslstm,ema,test,1000318,25,0.5600849986076355,0.1463201940059662,0.14421021938323975,True
1710807515,fk_qslstm,ema,test,1000318,26,0.9881941080093384,0.709972620010376,0.7077636122703552,True
1710807515,fk_qslstm,ema,test,1000318,27,-0.6140812635421753,0.19952930510044098,0.19182661175727844,True
1710807515,fk_qslstm,ema,test,1000318,28,-0.707630455493927,-0.2649548351764679,-0.2744206190109253,True
1710807515,fk_qslstm,ema,test,1000318,29,-0.7576256394386292,-0.6665392518043518,-0.6785529255867004,True
1710807515,fk_qslstm,ema,test,1000318,30,0.6797385811805725,-0.1253882646560669,-0.13152846693992615,True
1710807515,fk_qslstm,ema,test,1000318,31,-0.30870768427848816,-0.28553521633148193,-0.2861725687980652,True
1710807515,fk_qslstm,ema,test,1000319,0,-0.7039570808410645,-0.42237424850463867,-0.41840845346450806,True
1710807515,fk_qslstm,ema,test,1000319,1,0.004817266017198563,-0.33500903844833374,-0.3405124545097351,True
1710807515,fk_qslstm,ema,test,1000319,2,-0.9060593247413635,-0.8116428256034851,-0.8237256407737732,True
1710807515,fk_qslstm,ema,test,1000319,3,0.010563318617641926,-0.6429762840270996,-0.6515867114067078,True
1710807515,fk_qslstm,ema,test,1000319,4,0.7825711965560913,-0.044838324189186096,-0.045774221420288086,True
1710807515,fk_qslstm,ema,test,1000319,5,0.9200482964515686,0.5161583423614502,0.5136789679527283,True
1710807515,fk_qslstm,ema,test,1000319,6,0.5443693399429321,0.7395482659339905,0.738516628742218,True
1710807515,fk_qslstm,ema,test,1000319,7,0.8266404867172241,1.087622880935669,1.0911000967025757,True
1710807515,fk_qslstm,ema,test,1000319,8,0.9166861176490784,1.4201099872589111,1.404926061630249,True
1710807515,fk_qslstm,ema,test,1000319,9,-0.8142070174217224,0.6475637555122375,0.6524336338043213,True
1710807515,fk_qslstm,ema,test,1000319,10,0.6598929166793823,0.9139867424964905,0.9284518361091614,True
1710807515,fk_qslstm,ema,test,1000319,11,0.5893557667732239,1.0848028659820557,1.098940372467041,True
1710807515,fk_qslstm,ema,test,1000319,12,-0.44608068466186523,0.6001938581466675,0.60368812084198,True
1710807515,fk_qslstm,ema,test,1000319,13,-0.4818381071090698,0.19105221331119537,0.1883614957332611,True
1710807515,fk_qslstm,ema,test,1000319,14,0.34854066371917725,0.36196616291999817,0.3568786084651947,True
1710807515,fk_qslstm,ema,test,1000319,15,-0.683678925037384,-0.12063442915678024,-0.12328928709030151,True
1710807515,fk_qslstm,ema,test,1000319,16,-0.8864445090293884,-0.6283742189407349,-0.6344239115715027,True
1710807515,fk_qslstm,ema,test,1000319,17,-0.8369286060333252,-1.0048565864562988,-1.0128750801086426,True
1710807515,fk_qslstm,ema,test,1000319,18,0.5247769355773926,-0.48901909589767456,-0.48947030305862427,True
1710807515,fk_qslstm,ema,test,1000319,19,0.7072678208351135,0.033145416527986526,0.030748486518859863,True
1710807515,fk_qslstm,ema,test,1000319,20,-0.9119923114776611,-0.5206790566444397,-0.5213340520858765,True
1710807515,fk_qslstm,ema,test,1000319,21,0.29695403575897217,-0.23837082087993622,-0.24036580324172974,True
1710807515,fk_qslstm,ema,test,1000319,22,0.6142045855522156,0.17782609164714813,0.17412704229354858,True
1710807515,fk_qslstm,ema,test,1000319,23,0.7971609830856323,0.6205574870109558,0.6188055276870728,True
1710807515,fk_qslstm,ema,test,1000319,24,-0.9226908683776855,-0.05716852843761444,-0.05433747172355652,True
1710807515,fk_qslstm,ema,test,1000319,25,-0.08812108635902405,-0.09860747307538986,-0.0953616201877594,True
1710807515,fk_qslstm,ema,test,1000319,26,0.04303502291440964,-0.05306496471166611,-0.047751814126968384,True
1710807515,fk_qslstm,ema,test,1000319,27,-0.7474531531333923,-0.49092385172843933,-0.48761940002441406,True
1710807515,fk_qslstm,ema,test,1000319,28,-0.7535704374313354,-0.8448813557624817,-0.8481281399726868,True
1710807515,fk_qslstm,ema,test,1000319,29,0.06445242464542389,-0.6372336149215698,-0.6375434994697571,True
1710807515,fk_qslstm,ema,test,1000319,30,-0.7297227382659912,-0.9476205706596375,-0.9527124762535095,True
1710807515,fk_qslstm,ema,test,1000319,31,-0.3921491205692291,-0.993385910987854,-1.0005459785461426,True
1710807515,fk_qslstm,ema,test,1000320,0,-0.7195963859558105,-0.4317578375339508,-0.42750412225723267,True
1710807515,fk_qslstm,ema,test,1000320,1,0.03939507529139519,-0.32176923751831055,-0.32749903202056885,True
1710807515,fk_qslstm,ema,test,1000320,2,0.08401568979024887,-0.20700596272945404,-0.21242910623550415,True
1710807515,fk_qslstm,ema,test,1000320,3,-0.7053642868995667,-0.5888233184814453,-0.5956081748008728,True
1710807515,fk_qslstm,ema,test,1000320,4,0.2598755955696106,-0.31513330340385437,-0.31857985258102417,True
1710807515,fk_qslstm,ema,test,1000320,5,-0.42613187432289124,-0.5077857375144958,-0.5079775452613831,True
1710807515,fk_qslstm,ema,test,1000320,6,-0.9681891202926636,-0.9871420860290527,-0.9888578057289124,True
1710807515,fk_qslstm,ema,test,1000320,7,0.3052658140659332,-0.6065541505813599,-0.605239987373352,True
1710807515,fk_qslstm,ema,test,1000320,8,-0.21016791462898254,-0.6113440990447998,-0.6097080111503601,True
1710807515,fk_qslstm,ema,test,1000320,9,0.2434995025396347,-0.34297555685043335,-0.34142231941223145,True
1710807515,fk_qslstm,ema,test,1000320,10,0.9913908243179321,0.32045403122901917,0.3137803375720978,True
1710807515,fk_qslstm,ema,test,1000320,11,-0.02801777608692646,0.2395525574684143,0.23327219486236572,True
1710807515,fk_qslstm,ema,test,1000320,12,0.9761655926704407,0.7773414254188538,0.7721447348594666,True
1710807515,fk_qslstm,ema,test,1000320,13,-0.5079634785652161,0.317095011472702,0.3066220283508301,True
1710807515,fk_qslstm,ema,test,1000320,14,0.18830068409442902,0.36665642261505127,0.3538833558559418,True
1710807515,fk_qslstm,ema,test,1000320,15,0.2397303730249405,0.4371633529663086,0.4263512194156647,True
1710807515,fk_qslstm,ema,test,1000320,16,0.8865569829940796,0.8816648721694946,0.8789706826210022,True
1710807515,fk_qslstm,ema,test,1000320,17,0.9077137112617493,1.24996018409729,1.2445199489593506,True
1710807515,fk_qslstm,ema,test,1000320,18,-0.6638981699943542,0.6016291975975037,0.5956144332885742,True
1710807515,fk_qslstm,ema,test,1000320,19,-0.3560534715652466,0.26767128705978394,0.2595578730106354,True
1710807515,fk_qslstm,ema,test,1000320,20,-0.34236204624176025,0.00871979258954525,0.003990530967712402,True
1710807515,fk_qslstm,ema,test,1000320,21,-0.21615077555179596,-0.12271463125944138,-0.12302133440971375,True
1710807515,fk_qslstm,ema,test,1000320,22,0.7561690211296082,0.3555297255516052,0.35375720262527466,True
1710807515,fk_qslstm,ema,test,1000320,23,0.9382830858230591,0.8473936319351196,0.8500094413757324,True
1710807515,fk_qslstm,ema,test,1000320,24,-0.12563054263591766,0.6025365591049194,0.5975230932235718,True
1710807515,fk_qslstm,ema,test,1000320,25,-0.29063713550567627,0.3076469600200653,0.30018728971481323,True
1710807515,fk_qslstm,ema,test,1000320,26,0.31150808930397034,0.4330224096775055,0.4252771735191345,True
1710807515,fk_qslstm,ema,test,1000320,27,-0.7915626168251038,-0.12851962447166443,-0.13271823525428772,True
1710807515,fk_qslstm,ema,test,1000320,28,-0.4417071044445038,-0.3678399622440338,-0.36975979804992676,True
1710807515,fk_qslstm,ema,test,1000320,29,0.9300577640533447,0.2637626826763153,0.25961583852767944,True
1710807515,fk_qslstm,ema,test,1000320,30,0.8835450410842896,0.7411372065544128,0.7407633662223816,True
1710807515,fk_qslstm,ema,test,1000320,31,0.25305694341659546,0.7447438836097717,0.7407176494598389,True
1710807515,fk_qslstm,ema,test,1000321,0,-0.539447546005249,-0.32366853952407837,-0.32122403383255005,True
1710807515,fk_qslstm,ema,test,1000321,1,-0.4745766222476959,-0.5436807870864868,-0.5487259030342102,True
1710807515,fk_qslstm,ema,test,1000321,2,-0.554155170917511,-0.767437756061554,-0.7812376618385315,True
1710807515,fk_qslstm,ema,test,1000321,3,0.19718307256698608,-0.4956403374671936,-0.5030571818351746,True
1710807515,fk_qslstm,ema,test,1000321,4,0.06860420852899551,-0.35534974932670593,-0.3577802777290344,True
1710807515,fk_qslstm,ema,test,1000321,5,0.16525794565677643,-0.18512503802776337,-0.18642768263816833,True
1710807515,fk_qslstm,ema,test,1000321,6,-0.3271191418170929,-0.344371497631073,-0.34201836585998535,True
1710807515,fk_qslstm,ema,test,1000321,7,0.39944449067115784,-0.03583051636815071,-0.03647333383560181,True
1710807515,fk_qslstm,ema,test,1000321,8,-0.25783172249794006,-0.18336345255374908,-0.17982062697410583,True
1710807515,fk_qslstm,ema,test,1000321,9,0.5724395513534546,0.19677294790744781,0.19565609097480774,True
1710807515,fk_qslstm,ema,test,1000321,10,-0.2738091051578522,-0.006867104209959507,-0.0038003623485565186,True
1710807515,fk_qslstm,ema,test,1000321,11,-0.6690157055854797,-0.40690311789512634,-0.4060702323913574,True
1710807515,fk_qslstm,ema,test,1000321,12,0.4363955557346344,-0.06368516385555267,-0.06507307291030884,True
1710807515,fk_qslstm,ema,test,1000321,13,0.8924534320831299,0.4845239222049713,0.48134228587150574,True
1710807515,fk_qslstm,ema,test,1000321,14,0.12130815535783768,0.46040403842926025,0.4543960690498352,True
1710807515,fk_qslstm,ema,test,1000321,15,0.8364967107772827,0.8702212572097778,0.8701234459877014,True
1710807515,fk_qslstm,ema,test,1000321,16,-0.045096807181835175,0.6691188812255859,0.6646019220352173,True
1710807515,fk_qslstm,ema,test,1000321,17,-0.7934648394584656,0.0592162162065506,0.053030580282211304,True
1710807515,fk_qslstm,ema,test,1000321,18,-0.511052131652832,-0.25925830006599426,-0.2628541588783264,True
1710807515,fk_qslstm,ema,test,1000321,19,-0.4395821690559387,-0.47115594148635864,-0.4710961580276489,True
1710807515,fk_qslstm,ema,test,1000321,20,-0.7658693194389343,-0.8364463448524475,-0.8402507901191711,True
1710807515,fk_qslstm,ema,test,1000321,21,-0.7588066458702087,-1.1244410276412964,-1.1288270950317383,True
1710807515,fk_qslstm,ema,test,1000321,22,-0.4205939769744873,-1.1519092321395874,-1.1577112674713135,True
1710807515,fk_qslstm,ema,test,1000321,23,0.7858434319496155,-0.45002132654190063,-0.44790083169937134,True
1710807515,fk_qslstm,ema,test,1000321,24,-0.1585104614496231,-0.45512333512306213,-0.45172983407974243,True
1710807515,fk_qslstm,ema,test,1000321,25,-0.9693995714187622,-0.9457384347915649,-0.9459410309791565,True
1710807515,fk_qslstm,ema,test,1000321,26,-0.6944440007209778,-1.1732571125030518,-1.1746678352355957,True
1710807515,fk_qslstm,ema,test,1000321,27,-0.980641782283783,-1.5269907712936401,-1.496563196182251,True
1710807515,fk_qslstm,ema,test,1000321,28,0.9203895330429077,-0.6693588495254517,-0.6605510115623474,True
1710807515,fk_qslstm,ema,test,1000321,29,-0.8010244965553284,-1.0161018371582031,-1.0240414142608643,True
1710807515,fk_qslstm,ema,test,1000321,30,-0.15957875549793243,-0.9086287021636963,-0.9186456799507141,True
1710807515,fk_qslstm,ema,test,1000321,31,-0.10055674612522125,-0.7872369885444641,-0.7919653058052063,True
1710807515,fk_qslstm,ema,test,1000322,0,-0.20042072236537933,-0.12025243788957596,-0.11836645007133484,True
1710807515,fk_qslstm,ema,test,1000322,1,0.06583590805530548,-0.05670040473341942,-0.05855473875999451,True
1710807515,fk_qslstm,ema,test,1000322,2,0.4035300314426422,0.1967577040195465,0.18749769032001495,True
1710807515,fk_qslstm,ema,test,1000322,3,0.16971257328987122,0.2592337131500244,0.25185856223106384,True
1710807515,fk_qslstm,ema,test,1000322,4,-0.9330307841300964,-0.3524315059185028,-0.35422277450561523,True
1710807515,fk_qslstm,ema,test,1000322,5,0.06311027705669403,-0.24407905340194702,-0.2429909110069275,True
1710807515,fk_qslstm,ema,test,1000322,6,0.15869781374931335,-0.10004454851150513,-0.09728258848190308,True
1710807515,fk_qslstm,ema,test,1000322,7,0.7239966988563538,0.3543623685836792,0.35490742325782776,True
1710807515,fk_qslstm,ema,test,1000322,8,0.24099284410476685,0.428085595369339,0.4269726276397705,True
1710807515,fk_qslstm,ema,test,1000322,9,-0.8717734813690186,-0.18059559166431427,-0.179157555103302,True
1710807515,fk_qslstm,ema,test,1000322,10,-0.946716845035553,-0.7125065922737122,-0.7149264216423035,True
1710807515,fk_qslstm,ema,test,1000322,11,0.15262939035892487,-0.4784276485443115,-0.4757346510887146,True
1710807515,fk_qslstm,ema,test,1000322,12,0.38601019978523254,-0.15113599598407745,-0.14883816242218018,True
1710807515,fk_qslstm,ema,test,1000322,13,-0.966947615146637,-0.7010773420333862,-0.6992960572242737,True
1710807515,fk_qslstm,ema,test,1000322,14,0.7081356048583984,-0.1359805315732956,-0.1317029595375061,True
1710807515,fk_qslstm,ema,test,1000322,15,-0.6023619771003723,-0.47020161151885986,-0.4654694199562073,True
1710807515,fk_qslstm,ema,test,1000322,16,0.18511410057544708,-0.2650928199291229,-0.2629562020301819,True
1710807515,fk_qslstm,ema,test,1000322,17,-0.5781214833259583,-0.5589471459388733,-0.5581157207489014,True
1710807515,fk_qslstm,ema,test,1000322,18,-0.3695925772190094,-0.6689133048057556,-0.6692202687263489,True
1710807515,fk_qslstm,ema,test,1000322,19,-0.9461332559585571,-1.1028106212615967,-1.101478099822998,True
1710807515,fk_qslstm,ema,test,1000322,20,-0.9597994685173035,-1.4581280946731567,-1.4333124160766602,True
1710807515,fk_qslstm,ema,test,1000322,21,0.14042113721370697,-1.0822498798370361,-1.0801904201507568,True
1710807515,fk_qslstm,ema,test,1000322,22,0.46057453751564026,-0.5894551277160645,-0.5921714901924133,True
1710807515,fk_qslstm,ema,test,1000322,23,0.7208535671234131,-0.03905196860432625,-0.03967282176017761,True
1710807515,fk_qslstm,ema,test,1000322,24,-0.2087765634059906,-0.15650752186775208,-0.15033718943595886,True
1710807515,fk_qslstm,ema,test,1000322,25,0.5521195530891418,0.20606571435928345,0.20871223509311676,True
1710807515,fk_qslstm,ema,test,1000322,26,-0.8487966656684875,-0.34442541003227234,-0.3388165831565857,True
1710807515,fk_qslstm,ema,test,1000322,27,-0.759868323802948,-0.7314613461494446,-0.7333512902259827,True
1710807515,fk_qslstm,ema,test,1000322,28,-0.8608964085578918,-1.1017069816589355,-1.1040997505187988,True
1710807515,fk_qslstm,ema,test,1000322,29,-0.3834986090660095,-1.1114647388458252,-1.1150116920471191,True
1710807515,fk_qslstm,ema,test,1000322,30,-0.3882253170013428,-1.122106909751892,-1.1281654834747314,True
1710807515,fk_qslstm,ema,test,1000322,31,-0.5100373029708862,-1.2037079334259033,-1.210923671722412,True
1710807515,fk_qslstm,ema,test,1000323,0,-0.5128647685050964,-0.3077188730239868,-0.30535244941711426,True
1710807515,fk_qslstm,ema,test,1000323,1,-0.05398452654480934,-0.27856582403182983,-0.2820938229560852,True
1710807515,fk_qslstm,ema,test,1000323,2,0.09649959951639175,-0.16495288908481598,-0.1704297661781311,True
1710807515,fk_qslstm,ema,test,1000323,3,-0.6397818922996521,-0.515831470489502,-0.5211739540100098,True
1710807515,fk_qslstm,ema,test,1000323,4,0.9341591596603394,0.14783033728599548,0.14123553037643433,True
1710807515,fk_qslstm,ema,test,1000323,5,0.8846287131309509,0.649041473865509,0.6452311277389526,True
1710807515,fk_qslstm,ema,test,1000323,6,-0.22834046185016632,0.38222891092300415,0.3765542507171631,True
1710807515,fk_qslstm,ema,test,1000323,7,0.5977146625518799,0.6644119620323181,0.6608456373214722,True
1710807515,fk_qslstm,ema,test,1000323,8,-0.4990735650062561,0.2320854216814041,0.22840943932533264,True
1710807515,fk_qslstm,ema,test,1000323,9,-0.11125996708869934,0.11891235411167145,0.11740240454673767,True
1710807515,fk_qslstm,ema,test,1000323,10,0.7490803599357605,0.5445780754089355,0.5459648966789246,True
1710807515,fk_qslstm,ema,test,1000323,11,0.09785735607147217,0.49437689781188965,0.4944254755973816,True
1710807515,fk_qslstm,ema,test,1000323,12,-0.2534109652042389,0.2434549331665039,0.24435871839523315,True
1710807515,fk_qslstm,ema,test,1000323,13,0.36038288474082947,0.41099366545677185,0.4109484553337097,True
1710807515,fk_qslstm,ema,test,1000323,14,-0.9003570675849915,-0.21141931414604187,-0.20650315284729004,True
1710807515,fk_qslstm,ema,test,1000323,15,0.43352213501930237,0.09097781777381897,0.09317207336425781,True
1710807515,fk_qslstm,ema,test,1000323,16,-0.845771074295044,-0.43468040227890015,-0.4301636815071106,True
1710807515,fk_qslstm,ema,test,1000323,17,-0.7962885499000549,-0.8255174160003662,-0.8284011483192444,True
1710807515,fk_qslstm,ema,test,1000323,18,-0.43325045704841614,-0.9203642010688782,-0.923464834690094,True
1710807515,fk_qslstm,ema,test,1000323,19,-0.0643119066953659,-0.7748785018920898,-0.7752193808555603,True
1710807515,fk_qslstm,ema,test,1000323,20,0.6822614669799805,-0.21054594218730927,-0.20589357614517212,True
1710807515,fk_qslstm,ema,test,1000323,21,0.3580635190010071,0.046401359140872955,0.04741755127906799,True
1710807515,fk_qslstm,ema,test,1000323,22,0.3236117362976074,0.2312881201505661,0.2287256121635437,True
1710807515,fk_qslstm,ema,test,1000323,23,0.6325810551643372,0.5645791292190552,0.5631641149520874,True
1710807515,fk_qslstm,ema,test,1000323,24,-0.723658561706543,0.017468158155679703,0.016875654458999634,True
1710807515,fk_qslstm,ema,test,1000323,25,0.6978851556777954,0.4327056109905243,0.43019917607307434,True
1710807515,fk_qslstm,ema,test,1000323,26,-0.7142428755760193,-0.0823812410235405,-0.08122208714485168,True
1710807515,fk_qslstm,ema,test,1000323,27,0.9165573120117188,0.4840293824672699,0.48099303245544434,True
1710807515,fk_qslstm,ema,test,1000323,28,0.8715415000915527,0.9101484417915344,0.9134475588798523,True
1710807515,fk_qslstm,ema,test,1000323,29,0.23350444436073303,0.8682214021682739,0.8678976893424988,True
1710807515,fk_qslstm,ema,test,1000323,30,0.4385427236557007,0.9577027559280396,0.958934485912323,True
1710807515,fk_qslstm,ema,test,1000323,31,-0.7454190254211426,0.31891077756881714,0.3145679235458374,True
1710807515,fk_qslstm,ema,test,1000324,0,0.36246466636657715,0.21747879683971405,0.21742519736289978,True
1710807515,fk_qslstm,ema,test,1000324,1,-0.38431790471076965,-0.05660770460963249,-0.045383185148239136,True
1710807515,fk_qslstm,ema,test,1000324,2,0.28023457527160645,0.1228545755147934,0.12162014842033386,True
1710807515,fk_qslstm,ema,test,1000324,3,0.03656821325421333,0.12022458761930466,0.11972475051879883,True
1710807515,fk_qslstm,ema,test,1000324,4,0.10937975347042084,0.16180752217769623,0.16080334782600403,True
1710807515,fk_qslstm,ema,test,1000324,5,-0.125057190656662,0.05441169813275337,0.05682218074798584,True
1710807515,fk_qslstm,ema,test,1000324,6,-0.19653894007205963,-0.07439400255680084,-0.0685596764087677,True
1710807515,fk_qslstm,ema,test,1000324,7,0.14896078407764435,0.029861262068152428,0.034209609031677246,True
1710807515,fk_qslstm,ema,test,1000324,8,0.8952423930168152,0.5610344409942627,0.5641915202140808,True
1710807515,fk_qslstm,ema,test,1000324,9,0.010779403150081635,0.455295205116272,0.4548090994358063,True
1710807515,fk_qslstm,ema,test,1000324,10,0.10959748923778534,0.42999467253685,0.4271194636821747,True
1710807515,fk_qslstm,ema,test,1000324,11,-0.5879096984863281,-0.008750097826123238,-0.009732335805892944,True
1710807515,fk_qslstm,ema,test,1000324,12,-0.14760065078735352,-0.0955604687333107,-0.09301909804344177,True
1710807515,fk_qslstm,ema,test,1000324,13,0.767137885093689,0.3838343620300293,0.38589757680892944,True
1710807515,fk_qslstm,ema,test,1000324,14,-0.9891461133956909,-0.28642019629478455,-0.27617281675338745,True
1710807515,fk_qslstm,ema,test,1000324,15,0.5165627002716064,0.08080148696899414,0.08588066697120667,True
1710807515,fk_qslstm,ema,test,1000324,16,-0.7899830341339111,-0.40934863686561584,-0.403109610080719,True
1710807515,fk_qslstm,ema,test,1000324,17,-0.3122898042201996,-0.51485276222229,-0.5091498494148254,True
1710807515,fk_qslstm,ema,test,1000324,18,-0.010771219618618488,-0.4183449447154999,-0.4104067087173462,True
1710807515,fk_qslstm,ema,test,1000324,19,-0.9669539928436279,-0.9148483276367188,-0.9096415638923645,True
1710807515,fk_qslstm,ema,test,1000324,20,-0.24069198966026306,-0.8762938976287842,-0.8732014298439026,True
1710807515,fk_qslstm,ema,test,1000324,21,0.3270151615142822,-0.504826009273529,-0.4998106360435486,True
1710807515,fk_qslstm,ema,test,1000324,22,0.33801794052124023,-0.2010500431060791,-0.1989690661430359,True
1710807515,fk_qslstm,ema,test,1000324,23,-0.30977892875671387,-0.34670740365982056,-0.342842161655426,True
1710807515,fk_qslstm,ema,test,1000324,24,-0.7913771271705627,-0.7521921992301941,-0.7545393109321594,True
1710807515,fk_qslstm,ema,test,1000324,25,-0.4895031750202179,-0.8954556584358215,-0.9003686308860779,True
1710807515,fk_qslstm,ema,test,1000324,26,-0.5340192914009094,-1.036776065826416,-1.0428564548492432,True
1710807515,fk_qslstm,ema,test,1000324,27,-0.10815110802650452,-0.8943115472793579,-0.9002620577812195,True
1710807515,fk_qslstm,ema,test,1000324,28,-0.3546730577945709,-0.9282531142234802,-0.9352439045906067,True
1710807515,fk_qslstm,ema,test,1000324,29,0.49294760823249817,-0.44683390855789185,-0.4470483660697937,True
1710807515,fk_qslstm,ema,test,1000324,30,-0.35620084404945374,-0.5711876153945923,-0.5703837275505066,True
1710807515,fk_qslstm,ema,test,1000324,31,0.9012781977653503,0.08381682634353638,0.08274826407432556,True
1710807515,fk_qslstm,ema,test,1000325,0,-0.18400488793849945,-0.11040293425321579,-0.1085716187953949,True
1710807515,fk_qslstm,ema,test,1000325,1,-0.04067198559641838,-0.11272554099559784,-0.11242768168449402,True
1710807515,fk_qslstm,ema,test,1000325,2,0.7321311831474304,0.3490982949733734,0.3414284586906433,True
1710807515,fk_qslstm,ema,test,1000325,3,-0.19370706379413605,0.16305439174175262,0.16126111149787903,True
1710807515,fk_qslstm,ema,test,1000325,4,-0.16293878853321075,0.03268023580312729,0.034312546253204346,True
1710807515,fk_qslstm,ema,test,1000325,5,-0.8091025352478027,-0.45931732654571533,-0.458202064037323,True
1710807515,fk_qslstm,ema,test,1000325,6,-0.05888117104768753,-0.4027825593948364,-0.3987916111946106,True
1710807515,fk_qslstm,ema,test,1000325,7,0.001935369335114956,-0.321064829826355,-0.3147426247596741,True
1710807515,fk_qslstm,ema,test,1000325,8,-0.9307258725166321,-0.8152874112129211,-0.8127840161323547,True
1710807515,fk_qslstm,ema,test,1000325,9,-0.36190423369407654,-0.8693724274635315,-0.8691861033439636,True
1710807515,fk_qslstm,ema,test,1000325,10,-0.28592073917388916,-0.8670504093170166,-0.866875946521759,True
1710807515,fk_qslstm,ema,test,1000325,11,0.08784404397010803,-0.6409338712692261,-0.6390144228935242,True
1710807515,fk_qslstm,ema,test,1000325,12,-0.9350359439849854,-1.0737687349319458,-1.0732543468475342,True
1710807515,fk_qslstm,ema,test,1000325,13,-0.7719895839691162,-1.3222086429595947,-1.3166556358337402,True
1710807515,fk_qslstm,ema,test,1000325,14,-0.9935223460197449,-1.6538803577423096,-1.601625919342041,True
1710807515,fk_qslstm,ema,test,1000325,15,-0.25717082619667053,-1.4774067401885986,-1.456493854522705,True
1710807515,fk_qslstm,ema,test,1000325,16,0.7584546804428101,-0.7268525958061218,-0.7324419617652893,True
1710807515,fk_qslstm,ema,test,1000325,17,0.9591758251190186,-0.005976585205644369,-0.01225900650024414,True
1710807515,fk_qslstm,ema,test,1000325,18,0.6863534450531006,0.4070308208465576,0.40529805421829224,True
1710807515,fk_qslstm,ema,test,1000325,19,0.6931180953979492,0.7414954900741577,0.7458789348602295,True
1710807515,fk_qslstm,ema,test,1000325,20,-0.3707292377948761,0.37075886130332947,0.37658748030662537,True
1710807515,fk_qslstm,ema,test,1000325,21,0.43140217661857605,0.5554484128952026,0.56157386302948,True
1710807515,fk_qslstm,ema,test,1000325,22,0.4433293640613556,0.7103563547134399,0.7191751003265381,True
1710807515,fk_qslstm,ema,test,1000325,23,0.6255157589912415,0.9435945153236389,0.9564493298530579,True
1710807515,fk_qslstm,ema,test,1000325,24,0.41319918632507324,1.0027951002120972,1.0154114961624146,True
1710807515,fk_qslstm,ema,test,1000325,25,0.6819071173667908,1.2113803625106812,1.2226355075836182,True
1710807515,fk_qslstm,ema,test,1000325,26,-0.2503584623336792,0.8188892602920532,0.8300244808197021,True
1710807515,fk_qslstm,ema,test,1000325,27,0.25798699259757996,0.8099035620689392,0.8204771280288696,True
1710807515,fk_qslstm,ema,test,1000325,28,-0.4427792429924011,0.38225531578063965,0.3855196237564087,True
1710807515,fk_qslstm,ema,test,1000325,29,-0.23880913853645325,0.16251876950263977,0.16594360768795013,True
1710807515,fk_qslstm,ema,test,1000325,30,0.18033456802368164,0.23821575939655304,0.24116623401641846,True
1710807515,fk_qslstm,ema,test,1000325,31,-0.32582730054855347,-0.0049237823113799095,0.002188056707382202,True
1710807515,fk_qslstm,ema,test,1000326,0,0.7794959545135498,0.4676975607872009,0.4629479646682739,True
1710807515,fk_qslstm,ema,test,1000326,1,0.6247836947441101,0.7490282654762268,0.7567542791366577,True
1710807515,fk_qslstm,ema,test,1000326,2,0.2784385085105896,0.7662857174873352,0.7678605318069458,True
1710807515,fk_qslstm,ema,test,1000326,3,0.4577871859073639,0.8877009153366089,0.8896777033805847,True
1710807515,fk_qslstm,ema,test,1000326,4,-0.05056750401854515,0.67982017993927,0.6775102615356445,True
1710807515,fk_qslstm,ema,test,1000326,5,-0.3336431086063385,0.3436703085899353,0.3391989469528198,True
1710807515,fk_qslstm,ema,test,1000326,6,-0.6390458941459656,-0.10849130153656006,-0.11133372783660889,True
1710807515,fk_qslstm,ema,test,1000326,7,0.5381127595901489,0.23607461154460907,0.23251909017562866,True
1710807515,fk_qslstm,ema,test,1000326,8,0.05583794414997101,0.2223624587059021,0.22152268886566162,True
1710807515,fk_qslstm,ema,test,1000326,9,-0.4059898555278778,-0.06570394337177277,-0.06292343139648438,True
1710807515,fk_qslstm,ema,test,1000326,10,0.38532304763793945,0.17863067984580994,0.17825523018836975,True
1710807515,fk_qslstm,ema,test,1000326,11,0.9401383996009827,0.7069875597953796,0.708834707736969,True
1710807515,fk_qslstm,ema,test,1000326,12,-0.10635823756456375,0.5017751455307007,0.4986417889595032,True
1710807515,fk_qslstm,ema,test,1000326,13,-0.31826692819595337,0.21045993268489838,0.2071360945701599,True
1710807515,fk_qslstm,ema,test,1000326,14,-0.9379286170005798,-0.39438921213150024,-0.39477044343948364,True
1710807515,fk_qslstm,ema,test,1000326,15,0.9819766879081726,0.2736746370792389,0.2689203917980194,True
1710807515,fk_qslstm,ema,test,1000326,16,0.8967425227165222,0.7569852471351624,0.7566096782684326,True
1710807515,fk_qslstm,ema,test,1000326,17,-0.41379207372665405,0.357312947511673,0.3519707918167114,True
1710807515,fk_qslstm,ema,test,1000326,18,0.054883066564798355,0.31878018379211426,0.31168362498283386,True
1710807515,fk_qslstm,ema,test,1000326,19,0.9631194472312927,0.832895815372467,0.8315869569778442,True
1710807515,fk_qslstm,ema,test,1000326,20,0.449856162071228,0.9362303614616394,0.9346962571144104,True
1710807515,fk_qslstm,ema,test,1000326,21,-0.432406485080719,0.48954036831855774,0.48197078704833984,True
1710807515,fk_qslstm,ema,test,1000326,22,0.43298834562301636,0.651425302028656,0.6449931263923645,True
1710807515,fk_qslstm,ema,test,1000326,23,-0.7798095941543579,0.05325451120734215,0.048022687435150146,True
1710807515,fk_qslstm,ema,test,1000326,24,-0.37841126322746277,-0.1844431459903717,-0.1859111785888672,True
1710807515,fk_qslstm,ema,test,1000326,25,-0.11644752323627472,-0.21742303669452667,-0.21363598108291626,True
1710807515,fk_qslstm,ema,test,1000326,26,0.674715518951416,0.2308908849954605,0.23244991898536682,True
1710807515,fk_qslstm,ema,test,1000326,27,0.825794517993927,0.6801894307136536,0.6843294501304626,True
1710807515,fk_qslstm,ema,test,1000326,28,-0.006469948682934046,0.5402695536613464,0.5395728945732117,True
1710807515,fk_qslstm,ema,test,1000326,29,0.1195884570479393,0.5039687156677246,0.5007005333900452,True
1710807515,fk_qslstm,ema,test,1000326,30,0.14687998592853546,0.4913029670715332,0.48797592520713806,True
1710807515,fk_qslstm,ema,test,1000326,31,0.21122461557388306,0.5197771191596985,0.5169827342033386,True
1710807515,fk_qslstm,ema,test,1000327,0,0.9984602928161621,0.5990762114524841,0.5823370218276978,True
1710807515,fk_qslstm,ema,test,1000327,1,0.6065707206726074,0.8432033658027649,0.8409325480461121,True
1710807515,fk_qslstm,ema,test,1000327,2,0.7216952443122864,1.1075798273086548,1.1085388660430908,True
1710807515,fk_qslstm,ema,test,1000327,3,-0.1083182767033577,0.8210728764533997,0.8174762725830078,True
1710807515,fk_qslstm,ema,test,1000327,4,0.031325679272413254,0.6756537556648254,0.6679083108901978,True
1710807515,fk_qslstm,ema,test,1000327,5,-0.5962867140769958,0.18275095522403717,0.17125053703784943,True
1710807515,fk_qslstm,ema,test,1000327,6,-0.17804868519306183,0.0393715426325798,0.031688570976257324,True
1710807515,fk_qslstm,ema,test,1000327,7,0.36506447196006775,0.2505359351634979,0.2429502010345459,True
1710807515,fk_qslstm,ema,test,1000327,8,-0.20120158791542053,0.0797077938914299,0.07717658579349518,True
1710807515,fk_qslstm,ema,test,1000327,9,-0.392598032951355,-0.17179259657859802,-0.170710951089859,True
1710807515,fk_qslstm,ema,test,1000327,10,-0.9923457503318787,-0.7328415513038635,-0.7319119572639465,True
1710807515,fk_qslstm,ema,test,1000327,11,-0.40955299139022827,-0.8320050239562988,-0.8315578103065491,True
1710807515,fk_qslstm,ema,test,1000327,12,-0.9189006686210632,-1.2169444561004639,-1.2112956047058105,True
1710807515,fk_qslstm,ema,test,1000327,13,-0.30391207337379456,-1.1559027433395386,-1.1551377773284912,True
1710807515,fk_qslstm,ema,test,1000327,14,-0.4321644902229309,-1.1840208768844604,-1.188328504562378,True
1710807515,fk_qslstm,ema,test,1000327,15,-0.5470719337463379,-1.275459885597229,-1.2807095050811768,True
1710807515,fk_qslstm,ema,test,1000327,16,-0.5624427199363708,-1.3578335046768188,-1.3617281913757324,True
1710807515,fk_qslstm,ema,test,1000327,17,0.5677725076675415,-0.7456033229827881,-0.7523694634437561,True
1710807515,fk_qslstm,ema,test,1000327,18,0.5782808661460876,-0.2495141476392746,-0.25015515089035034,True
1710807515,fk_qslstm,ema,test,1000327,19,-0.0615040622651577,-0.23651374876499176,-0.2299378514289856,True
1710807515,fk_qslstm,ema,test,1000327,20,-0.918849527835846,-0.740520715713501,-0.7376707196235657,True
1710807515,fk_qslstm,ema,test,1000327,21,-0.6967481970787048,-1.0104655027389526,-1.0125634670257568,True
1710807515,fk_qslstm,ema,test,1000327,22,-0.4520113170146942,-1.07957923412323,-1.0821967124938965,True
1710807515,fk_qslstm,ema,test,1000327,23,0.0035083431284874678,-0.8615583181381226,-0.8633196949958801,True
1710807515,fk_qslstm,ema,test,1000327,24,0.9976498484611511,-0.09065676480531693,-0.09005945920944214,True
1710807515,fk_qslstm,ema,test,1000327,25,0.49434176087379456,0.22407963871955872,0.22273413836956024,True
1710807515,fk_qslstm,ema,test,1000327,26,-0.16874569654464722,0.07801628857851028,0.08078078925609589,True
1710807515,fk_qslstm,ema,test,1000327,27,0.0625186488032341,0.09992422163486481,0.1030460000038147,True
1710807515,fk_qslstm,ema,test,1000327,28,0.04458780959248543,0.10669206082820892,0.11119833588600159,True
1710807515,fk_qslstm,ema,test,1000327,29,0.4577946364879608,0.3600304424762726,0.3624598979949951,True
1710807515,fk_qslstm,ema,test,1000327,30,-0.3222937285900116,0.0946481004357338,0.10040488839149475,True
1710807515,fk_qslstm,ema,test,1000327,31,-0.7469573020935059,-0.372455894947052,-0.3685796856880188,True
1710807515,fk_qslstm,ema,test,1000328,0,0.1320289522409439,0.07921736687421799,0.07964837551116943,True
1710807515,fk_qslstm,ema,test,1000328,1,-0.4058959186077118,-0.1801636517047882,-0.1726665198802948,True
1710807515,fk_qslstm,ema,test,1000328,2,-0.2830981910228729,-0.3139898478984833,-0.31213706731796265,True
1710807515,fk_qslstm,ema,test,1000328,3,-0.009516696445643902,-0.25690189003944397,-0.25391560792922974,True
1710807515,fk_qslstm,ema,test,1000328,4,0.6622015237808228,0.19179938733577728,0.19166262447834015,True
1710807515,fk_qslstm,ema,test,1000328,5,-0.0034103395882993937,0.15139330923557281,0.15250980854034424,True
1710807515,fk_qslstm,ema,test,1000328,6,-0.34938761591911316,-0.088517926633358,-0.08470407128334045,True
1710807515,fk_qslstm,ema,test,1000328,7,-0.7583147287368774,-0.5258031487464905,-0.5251877903938293,True
1710807515,fk_qslstm,ema,test,1000328,8,0.41282737255096436,-0.17294611036777496,-0.17264294624328613,True
1710807515,fk_qslstm,ema,test,1000328,9,0.8495987057685852,0.3714023232460022,0.36891618371009827,True
1710807515,fk_qslstm,ema,test,1000328,10,0.6239631772041321,0.6714997887611389,0.6704036593437195,True
1710807515,fk_qslstm,ema,test,1000328,11,0.06898843497037888,0.5785928964614868,0.5744453072547913,True
1710807515,fk_qslstm,ema,test,1000328,12,-0.28609803318977356,0.2912154793739319,0.2870354950428009,True
1710807515,fk_qslstm,ema,test,1000328,13,0.08185750246047974,0.28208687901496887,0.2788838744163513,True
1710807515,fk_qslstm,ema,test,1000328,14,0.19139286875724792,0.3405052125453949,0.3384523391723633,True
1710807515,fk_qslstm,ema,test,1000328,15,0.3990118205547333,0.5118112564086914,0.510587215423584,True
1710807515,fk_qslstm,ema,test,1000328,16,-0.811793863773346,-0.0776272863149643,-0.0762224793434143,True
1710807515,fk_qslstm,ema,test,1000328,17,-0.13230305910110474,-0.14148366451263428,-0.13706091046333313,True
1710807515,fk_qslstm,ema,test,1000328,18,0.09016335755586624,-0.05908891558647156,-0.05281016230583191,True
1710807515,fk_qslstm,ema,test,1000328,19,-0.9599300026893616,-0.6232291460037231,-0.6170000433921814,True
1710807515,fk_qslstm,ema,test,1000328,20,-0.6099817156791687,-0.8645723462104797,-0.8639213442802429,True
1710807515,fk_qslstm,ema,test,1000328,21,0.008772429078817368,-0.6863943934440613,-0.68304842710495,True
1710807515,fk_qslstm,ema,test,1000328,22,-0.9131643772125244,-1.0970141887664795,-1.0947704315185547,True
1710807515,fk_qslstm,ema,test,1000328,23,0.9894840121269226,-0.28392091393470764,-0.2788585424423218,True
1710807515,fk_qslstm,ema,test,1000328,24,0.9547035098075867,0.34568536281585693,0.34174567461013794,True
1710807515,fk_qslstm,ema,test,1000328,25,-0.15946200489997864,0.18087108433246613,0.17880412936210632,True
1710807515,fk_qslstm,ema,test,1000328,26,0.6325918436050415,0.5242519974708557,0.5215851664543152,True
1710807515,fk_qslstm,ema,test,1000328,27,-0.5227036476135254,0.10577937215566635,0.10518699884414673,True
1710807515,fk_qslstm,ema,test,1000328,28,-0.383811891078949,-0.14566363394260406,-0.14368143677711487,True
1710807515,fk_qslstm,ema,test,1000328,29,0.9877474904060364,0.4761175811290741,0.4736383557319641,True
1710807515,fk_qslstm,ema,test,1000328,30,0.2812611758708954,0.5496507883071899,0.544895350933075,True
1710807515,fk_qslstm,ema,test,1000328,31,0.038283977657556534,0.4626910090446472,0.45642969012260437,True
1710807515,fk_qslstm,ema,test,1000329,0,-0.4838763475418091,-0.2903258204460144,-0.2880174517631531,True
1710807515,fk_qslstm,ema,test,1000329,1,0.03535156697034836,-0.21104970574378967,-0.2153138518333435,True
1710807515,fk_qslstm,ema,test,1000329,2,0.3001847267150879,0.011271069757640362,0.002568483352661133,True
1710807515,fk_qslstm,ema,test,1000329,3,0.4201834797859192,0.26112693548202515,0.25240465998649597,True
1710807515,fk_qslstm,ema,test,1000329,4,0.9362881779670715,0.770674467086792,0.7660437822341919,True
1710807515,fk_qslstm,ema,test,1000329,5,-0.5387160778045654,0.29330992698669434,0.2859073579311371,True
1710807515,fk_qslstm,ema,test,1000329,6,-0.4747888147830963,-0.050225332379341125,-0.05554768443107605,True
1710807515,fk_qslstm,ema,test,1000329,7,0.9329778552055359,0.5196064710617065,0.5138831734657288,True
1710807515,fk_qslstm,ema,test,1000329,8,-0.3570746183395386,0.20144039392471313,0.19753289222717285,True
1710807515,fk_qslstm,ema,test,1000329,9,-0.6271976828575134,-0.21516631543636322,-0.21893924474716187,True
1710807515,fk_qslstm,ema,test,1000329,10,0.28033480048179626,-0.003932175226509571,-0.008733928203582764,True
1710807515,fk_qslstm,ema,test,1000329,11,0.9503962993621826,0.5670920610427856,0.5617233514785767,True
1710807515,fk_qslstm,ema,test,1000329,12,0.673780083656311,0.8579416871070862,0.8564249873161316,True
1710807515,fk_qslstm,ema,test,1000329,13,0.09147090464830399,0.7412359118461609,0.7361380457878113,True
1710807515,fk_qslstm,ema,test,1000329,14,-0.5298793315887451,0.27506110072135925,0.2662278413772583,True
1710807515,fk_qslstm,ema,test,1000329,15,0.7464001178741455,0.6678889393806458,0.663693904876709,True
1710807515,fk_qslstm,ema,test,1000329,16,0.6398653984069824,0.918230414390564,0.9204105734825134,True
1710807515,fk_qslstm,ema,test,1000329,17,-0.9801157116889954,0.1465149223804474,0.1540154218673706,True
1710807515,fk_qslstm,ema,test,1000329,18,0.5766266584396362,0.46318793296813965,0.46831271052360535,True
1710807515,fk_qslstm,ema,test,1000329,19,0.716746985912323,0.8005985617637634,0.8116375803947449,True
1710807515,fk_qslstm,ema,test,1000329,20,0.6356461644172668,1.0218665599822998,1.0345935821533203,True
1710807515,fk_qslstm,ema,test,1000329,21,-0.06866574287414551,0.7762937545776367,0.7842464447021484,True
1710807515,fk_qslstm,ema,test,1000329,22,0.9325286149978638,1.1805521249771118,1.1892447471618652,True
1710807515,fk_qslstm,ema,test,1000329,23,0.6712532043457031,1.347193717956543,1.3453648090362549,True
1710807515,fk_qslstm,ema,test,1000329,24,0.30934643745422363,1.2633627653121948,1.2664663791656494,True
1710807515,fk_qslstm,ema,test,1000329,25,0.2509237229824066,1.161244511604309,1.1721916198730469,True
1710807515,fk_qslstm,ema,test,1000329,26,0.3807118237018585,1.157422661781311,1.1707892417907715,True
1710807515,fk_qslstm,ema,test,1000329,27,-0.5941645503044128,0.5694394111633301,0.5729968547821045,True
1710807515,fk_qslstm,ema,test,1000329,28,0.2891048789024353,0.6290144324302673,0.6275765895843506,True
1710807515,fk_qslstm,ema,test,1000329,29,-0.3773455321788788,0.27680423855781555,0.2712317407131195,True
1710807515,fk_qslstm,ema,test,1000329,30,-0.6234919428825378,-0.15265177190303802,-0.15845036506652832,True
1710807515,fk_qslstm,ema,test,1000329,31,-0.12806637585163116,-0.19896124303340912,-0.20111185312271118,True
1710807515,fk_qslstm,ema,test,1000330,0,0.1574118435382843,0.09444710612297058,0.09478943049907684,True
1710807515,fk_qslstm,ema,test,1000330,1,0.8218110203742981,0.5686442852020264,0.5661694407463074,True
1710807515,fk_qslstm,ema,test,1000330,2,-0.5325556993484497,0.1353820264339447,0.13054421544075012,True
1710807515,fk_qslstm,ema,test,1000330,3,-0.07712040096521378,0.062033381313085556,0.05806437134742737,True
1710807515,fk_qslstm,ema,test,1000330,4,0.9705122113227844,0.6319340467453003,0.6281167268753052,True
1710807515,fk_qslstm,ema,test,1000330,5,-0.4501531422138214,0.23545533418655396,0.22993361949920654,True
1710807515,fk_qslstm,ema,test,1000330,6,-0.8670141696929932,-0.3318442404270172,-0.337440550327301,True
1710807515,fk_qslstm,ema,test,1000330,7,0.8233208060264587,0.228517085313797,0.2225455641746521,True
1710807515,fk_qslstm,ema,test,1000330,8,0.11337678879499435,0.2508397400379181,0.24701732397079468,True
1710807515,fk_qslstm,ema,test,1000330,9,-0.3916465640068054,-0.03431614860892296,-0.034566909074783325,True
1710807515,fk_qslstm,ema,test,1000330,10,-0.19238218665122986,-0.14288222789764404,-0.13975021243095398,True
1710807515,fk_qslstm,ema,test,1000330,11,-0.6345034241676331,-0.49500784277915955,-0.4928516745567322,True
1710807515,fk_qslstm,ema,test,1000330,12,0.3094724118709564,-0.21032284200191498,-0.2093239426612854,True
1710807515,fk_qslstm,ema,test,1000330,13,-0.08460130542516708,-0.2190190553665161,-0.2158840298652649,True
1710807515,fk_qslstm,ema,test,1000330,14,0.9397990107536316,0.3886641561985016,0.3851897418498993,True
1710807515,fk_qslstm,ema,test,1000330,15,0.14124277234077454,0.39567700028419495,0.38967543840408325,True
1710807515,fk_qslstm,ema,test,1000330,16,0.11308685690164566,0.38439369201660156,0.3767167627811432,True
1710807515,fk_qslstm,ema,test,1000330,17,-0.5735349655151367,-0.036606017500162125,-0.04146561026573181,True
1710807515,fk_qslstm,ema,test,1000330,18,0.5121524930000305,0.2780066728591919,0.27148938179016113,True
1710807515,fk_qslstm,ema,test,1000330,19,-0.9947128891944885,-0.3744224011898041,-0.371428906917572,True
1710807515,fk_qslstm,ema,test,1000330,20,-0.9012901782989502,-0.8403120040893555,-0.84333735704422,True
1710807515,fk_qslstm,ema,test,1000330,21,-0.3027695417404175,-0.8539113402366638,-0.855103075504303,True
1710807515,fk_qslstm,ema,test,1000330,22,0.6428186297416687,-0.2974379062652588,-0.2906360626220703,True
1710807515,fk_qslstm,ema,test,1000330,23,-0.23674072325229645,-0.3799947500228882,-0.3708605170249939,True
1710807515,fk_qslstm,ema,test,1000330,24,-0.6560159921646118,-0.6976053714752197,-0.694974958896637,True
1710807515,fk_qslstm,ema,test,1000330,25,0.5387973785400391,-0.2348058968782425,-0.2306675910949707,True
1710807515,fk_qslstm,ema,test,1000330,26,0.3803347051143646,0.0403561145067215,0.040438950061798096,True
1710807515,fk_qslstm,ema,test,1000330,27,0.035145461559295654,0.05337217077612877,0.05308973789215088,True
1710807515,fk_qslstm,ema,test,1000330,28,-0.8946541547775269,-0.49409475922584534,-0.49452829360961914,True
1710807515,fk_qslstm,ema,test,1000330,29,-0.45782271027565,-0.6699694395065308,-0.6719182729721069,True
1710807515,fk_qslstm,ema,test,1000330,30,-0.428435742855072,-0.7930369973182678,-0.7945148348808289,True
1710807515,fk_qslstm,ema,test,1000330,31,-0.9392386674880981,-1.1979727745056152,-1.1942095756530762,True
1710807515,fk_qslstm,ema,test,1000331,0,-0.013311897404491901,-0.00798713881522417,-0.006909191608428955,True
1710807515,fk_qslstm,ema,test,1000331,1,0.48584821820259094,0.2851192057132721,0.27942031621932983,True
1710807515,fk_qslstm,ema,test,1000331,2,-0.760042130947113,-0.22792991995811462,-0.23376810550689697,True
1710807515,fk_qslstm,ema,test,1000331,3,0.9442096948623657,0.3841818869113922,0.37286704778671265,True
1710807515,fk_qslstm,ema,test,1000331,4,0.15107455849647522,0.39799022674560547,0.38884487748146057,True
1710807515,fk_qslstm,ema,test,1000331,5,-0.2838376760482788,0.14808957278728485,0.14303186535835266,True
1710807515,fk_qslstm,ema,test,1000331,6,0.5498110055923462,0.4483582675457001,0.4438544809818268,True
1710807515,fk_qslstm,ema,test,1000331,7,-0.13971729576587677,0.27485623955726624,0.27380815148353577,True
1710807515,fk_qslstm,ema,test,1000331,8,-0.9146935343742371,-0.32893115282058716,-0.32713109254837036,True
1710807515,fk_qslstm,ema,test,1000331,9,-0.24986951053142548,-0.4130666255950928,-0.4076809287071228,True
1710807515,fk_qslstm,ema,test,1000331,10,-0.04949212819337845,-0.3601485788822174,-0.35112518072128296,True
1710807515,fk_qslstm,ema,test,1000331,11,0.6567358374595642,0.1059226244688034,0.11143182218074799,True
1710807515,fk_qslstm,ema,test,1000331,12,0.727146565914154,0.5210260152816772,0.5254799127578735,True
1710807515,fk_qslstm,ema,test,1000331,13,0.991102397441864,1.0114822387695312,1.0176279544830322,True
1710807515,fk_qslstm,ema,test,1000331,14,-0.6634316444396973,0.4111268222332001,0.40691912174224854,True
1710807515,fk_qslstm,ema,test,1000331,15,-0.6049937009811401,-0.03409476578235626,-0.04095393419265747,True
1710807515,fk_qslstm,ema,test,1000331,16,-0.5585426092147827,-0.3624013662338257,-0.3676069378852844,True
1710807515,fk_qslstm,ema,test,1000331,17,0.49686041474342346,0.008195148780941963,0.002439171075820923,True
1710807515,fk_qslstm,ema,test,1000331,18,0.40735122561454773,0.2509668469429016,0.2435692846775055,True
1710807515,fk_qslstm,ema,test,1000331,19,0.289926677942276,0.3747294843196869,0.3659813106060028,True
1710807515,fk_qslstm,ema,test,1000331,20,0.9473531246185303,0.8681954741477966,0.8649304509162903,True
1710807515,fk_qslstm,ema,test,1000331,21,0.683448314666748,1.1046253442764282,1.1034250259399414,True
1710807515,fk_qslstm,ema,test,1000331,22,-0.6463655233383179,0.49588099122047424,0.48913413286209106,True
1710807515,fk_qslstm,ema,test,1000331,23,-0.7993583679199219,-0.0829102098941803,-0.09098881483078003,True
1710807515,fk_qslstm,ema,test,1000331,24,-0.1414635181427002,-0.15120628476142883,-0.15461736917495728,True
1710807515,fk_qslstm,ema,test,1000331,25,0.42250537872314453,0.13253819942474365,0.12802833318710327,True
1710807515,fk_qslstm,ema,test,1000331,26,0.1952216774225235,0.22316357493400574,0.2181057184934616,True
1710807515,fk_qslstm,ema,test,1000331,27,-0.9900155067443848,-0.4154784679412842,-0.41441285610198975,True
1710807515,fk_qslstm,ema,test,1000331,28,-0.882820725440979,-0.8620752096176147,-0.8666332364082336,True
1710807515,fk_qslstm,ema,test,1000331,29,-0.7314267754554749,-1.1285161972045898,-1.133127212524414,True
1710807515,fk_qslstm,ema,test,1000331,30,0.47734999656677246,-0.6164029836654663,-0.6161325573921204,True
1710807515,fk_qslstm,ema,test,1000331,31,-0.32721763849258423,-0.6894530057907104,-0.6905950903892517,True
1710807515,fk_qslstm,ema,test,1000332,0,-0.6400509476661682,-0.3840305507183075,-0.3809354901313782,True
1710807515,fk_qslstm,ema,test,1000332,1,0.4467011094093323,-0.03920378535985947,-0.04745084047317505,True
1710807515,fk_qslstm,ema,test,1000332,2,-0.927426815032959,-0.5878190994262695,-0.5964756608009338,True
1710807515,fk_qslstm,ema,test,1000332,3,-0.021917643025517464,-0.48340585827827454,-0.48901253938674927,True
1710807515,fk_qslstm,ema,test,1000332,4,-0.5049747824668884,-0.6897095441818237,-0.6937190294265747,True
1710807515,fk_qslstm,ema,test,1000332,5,0.05758913233876228,-0.5172141790390015,-0.5170099139213562,True
1710807515,fk_qslstm,ema,test,1000332,6,0.9106201529502869,0.13260075449943542,0.13092273473739624,True
1710807515,fk_qslstm,ema,test,1000332,7,0.3174912929534912,0.2965753674507141,0.29289710521698,True
1710807515,fk_qslstm,ema,test,1000332,8,-0.09268121421337128,0.18165157735347748,0.1796875298023224,True
1710807515,fk_qslstm,ema,test,1000332,9,-0.06286410242319107,0.1076027974486351,0.10795050859451294,True
1710807515,fk_qslstm,ema,test,1000332,10,0.023700619116425514,0.10030260682106018,0.10231760144233704,True
1710807515,fk_qslstm,ema,test,1000332,11,-0.8428828716278076,-0.4254876375198364,-0.423170268535614,True
1710807515,fk_qslstm,ema,test,1000332,12,-0.32459795475006104,-0.5351488590240479,-0.5316585898399353,True
1710807515,fk_qslstm,ema,test,1000332,13,0.5431583523750305,-0.10222410410642624,-0.09816864132881165,True
1710807515,fk_qslstm,ema,test,1000332,14,-0.35828694701194763,-0.2967514395713806,-0.2897464632987976,True
1710807515,fk_qslstm,ema,test,1000332,15,0.25787562131881714,-0.08267579972743988,-0.08038580417633057,True
1710807515,fk_qslstm,ema,test,1000332,16,-0.131540909409523,-0.14506517350673676,-0.14063850045204163,True
1710807515,fk_qslstm,ema,test,1000332,17,0.7961637377738953,0.3616460859775543,0.3619464635848999,True
1710807515,fk_qslstm,ema,test,1000332,18,-0.8034760355949402,-0.19276875257492065,-0.19047385454177856,True
1710807515,fk_qslstm,ema,test,1000332,19,-0.8038183450698853,-0.6365060210227966,-0.6411323547363281,True
1710807515,fk_qslstm,ema,test,1000332,20,0.3749731779098511,-0.28422093391418457,-0.28637224435806274,True
1710807515,fk_qslstm,ema,test,1000332,21,-0.3705540597438812,-0.4497091770172119,-0.44901973009109497,True
1710807515,fk_qslstm,ema,test,1000332,22,0.4491764008998871,-0.09026148915290833,-0.09247717261314392,True
1710807515,fk_qslstm,ema,test,1000332,23,0.9548388123512268,0.5006940960884094,0.4943540692329407,True
1710807515,fk_qslstm,ema,test,1000332,24,-0.24020108580589294,0.2564346194267273,0.24959182739257812,True
1710807515,fk_qslstm,ema,test,1000332,25,-0.7431821823120117,-0.2407616227865219,-0.24788391590118408,True
1710807515,fk_qslstm,ema,test,1000332,26,0.49658992886543274,0.10534464567899704,0.09652402997016907,True
1710807515,fk_qslstm,ema,test,1000332,27,0.6142457127571106,0.4528231620788574,0.4458311200141907,True
1710807515,fk_qslstm,ema,test,1000332,28,0.7542445063591003,0.8148052096366882,0.8138096928596497,True
1710807515,fk_qslstm,ema,test,1000332,29,0.8172633647918701,1.1422021389007568,1.1438727378845215,True
1710807515,fk_qslstm,ema,test,1000332,30,0.7780026793479919,1.3805633783340454,1.3705694675445557,True
1710807515,fk_qslstm,ema,test,1000332,31,0.9510114192962646,1.6750575304031372,1.6117212772369385,True
1710807515,fk_qslstm,ema,test,1000333,0,0.10782840102910995,0.06469704210758209,0.06522117555141449,True
1710807515,fk_qslstm,ema,test,1000333,1,-0.8924689292907715,-0.4837237298488617,-0.47641628980636597,True
1710807515,fk_qslstm,ema,test,1000333,2,-0.06039045378565788,-0.42321324348449707,-0.42494672536849976,True
1710807515,fk_qslstm,ema,test,1000333,3,0.21782082319259644,-0.20787811279296875,-0.20891183614730835,True
1710807515,fk_qslstm,ema,test,1000333,4,0.3057458996772766,0.017145052552223206,0.01406523585319519,True
1710807515,fk_qslstm,ema,test,1000333,5,0.17958691716194153,0.1214681938290596,0.11768887937068939,True
1710807515,fk_qslstm,ema,test,1000333,6,0.10470984131097794,0.16000045835971832,0.15662136673927307,True
1710807515,fk_qslstm,ema,test,1000333,7,-0.3768270015716553,-0.0980958417057991,-0.09680622816085815,True
1710807515,fk_qslstm,ema,test,1000333,8,-0.8387963771820068,-0.5817545056343079,-0.5834220051765442,True
1710807515,fk_qslstm,ema,test,1000333,9,-0.03871622309088707,-0.48863330483436584,-0.4872276186943054,True
1710807515,fk_qslstm,ema,test,1000333,10,-0.24462854862213135,-0.5376837849617004,-0.5336365699768066,True
1710807515,fk_qslstm,ema,test,1000333,11,0.36994320154190063,-0.20818109810352325,-0.20611822605133057,True
1710807515,fk_qslstm,ema,test,1000333,12,0.7920107245445251,0.308661550283432,0.30646201968193054,True
1710807515,fk_qslstm,ema,test,1000333,13,0.8642759323120117,0.7654948234558105,0.7662746906280518,True
1710807515,fk_qslstm,ema,test,1000333,14,0.9521420001983643,1.1836810111999512,1.1831785440444946,True
1710807515,fk_qslstm,ema,test,1000333,15,-0.8553451299667358,0.43373775482177734,0.4322490096092224,True
1710807515,fk_qslstm,ema,test,1000333,16,-0.7964332103729248,-0.13086973130702972,-0.1349264681339264,True
1710807515,fk_qslstm,ema,test,1000333,17,-0.0562543123960495,-0.13844837248325348,-0.14034292101860046,True
1710807515,fk_qslstm,ema,test,1000333,18,-0.5311604142189026,-0.4294549524784088,-0.4294535517692566,True
1710807515,fk_qslstm,ema,test,1000333,19,-0.2792206108570099,-0.5110963582992554,-0.509743869304657,True
1710807515,fk_qslstm,ema,test,1000333,20,-0.9807901382446289,-0.9973511695861816,-0.9956573843955994,True
1710807515,fk_qslstm,ema,test,1000333,21,-0.5169793963432312,-1.108068585395813,-1.1087760925292969,True
1710807515,fk_qslstm,ema,test,1000333,22,0.39850616455078125,-0.6473511457443237,-0.6469481587409973,True
1710807515,fk_qslstm,ema,test,1000333,23,-0.637093722820282,-0.900137186050415,-0.9067448973655701,True
1710807515,fk_qslstm,ema,test,1000333,24,0.40392664074897766,-0.47775375843048096,-0.4808797240257263,True
1710807515,fk_qslstm,ema,test,1000333,25,0.4130321741104126,-0.1343836933374405,-0.13849520683288574,True
1710807515,fk_qslstm,ema,test,1000333,26,0.8845272064208984,0.42320936918258667,0.4156806468963623,True
1710807515,fk_qslstm,ema,test,1000333,27,-0.7560006380081177,-0.1150328665971756,-0.11948701739311218,True
1710807515,fk_qslstm,ema,test,1000333,28,-0.07130835205316544,-0.13481131196022034,-0.13841170072555542,True
1710807515,fk_qslstm,ema,test,1000333,29,0.36002832651138306,0.10816795378923416,0.10338783264160156,True
1710807515,fk_qslstm,ema,test,1000333,30,-0.5342079997062683,-0.23399043083190918,-0.23501890897750854,True
1710807515,fk_qslstm,ema,test,1000333,31,-0.2935373783111572,-0.36331477761268616,-0.3622668981552124,True
1710807515,fk_qslstm,ema,test,1000334,0,-0.8944693803787231,-0.536681592464447,-0.5263182520866394,True
1710807515,fk_qslstm,ema,test,1000334,1,-0.012126035057008266,-0.43662092089653015,-0.43980687856674194,True
1710807515,fk_qslstm,ema,test,1000334,2,0.28034937381744385,-0.18108710646629333,-0.1841399073600769,True
1710807515,fk_qslstm,ema,test,1000334,3,-0.34372997283935547,-0.351107656955719,-0.34821730852127075,True
1710807515,fk_qslstm,ema,test,1000334,4,0.9512085914611816,0.2898390293121338,0.28809523582458496,True
1710807515,fk_qslstm,ema,test,1000334,5,-0.17982736229896545,0.12397480756044388,0.12720119953155518,True
1710807515,fk_qslstm,ema,test,1000334,6,-0.9895121455192566,-0.4945274293422699,-0.4891253709793091,True
1710807515,fk_qslstm,ema,test,1000334,7,0.9211263656616211,0.1570538729429245,0.15991197526454926,True
1710807515,fk_qslstm,ema,test,1000334,8,0.7891067266464233,0.5991071462631226,0.6038883924484253,True
1710807515,fk_qslstm,ema,test,1000334,9,-0.33067116141319275,0.2808830142021179,0.283832311630249,True
1710807515,fk_qslstm,ema,test,1000334,10,0.8023461103439331,0.7061140537261963,0.7109119296073914,True
1710807515,fk_qslstm,ema,test,1000334,11,0.8030194640159607,1.0467029809951782,1.0559091567993164,True
1710807515,fk_qslstm,ema,test,1000334,12,0.6698916554450989,1.2392973899841309,1.244492530822754,True
1710807515,fk_qslstm,ema,test,1000334,13,0.07468906790018082,1.0362513065338135,1.043784499168396,True
1710807515,fk_qslstm,ema,test,1000334,14,0.508239209651947,1.1339446306228638,1.1449320316314697,True
1710807515,fk_qslstm,ema,test,1000334,15,-0.9282453656196594,0.35020846128463745,0.3615138828754425,True
1710807515,fk_qslstm,ema,test,1000334,16,-0.713559627532959,-0.14796902239322662,-0.14109861850738525,True
1710807515,fk_qslstm,ema,test,1000334,17,0.9713954925537109,0.4644621014595032,0.4660567045211792,True
1710807515,fk_qslstm,ema,test,1000334,18,-0.13296696543693542,0.2917895019054413,0.2917737066745758,True
1710807515,fk_qslstm,ema,test,1000334,19,-0.34858959913253784,0.0242778267711401,0.02499246597290039,True
1710807515,fk_qslstm,ema,test,1000334,20,0.6456218361854553,0.4067953824996948,0.4059181213378906,True
1710807515,fk_qslstm,ema,test,1000334,21,0.9796197414398193,0.9132081270217896,0.9169076085090637,True
1710807515,fk_qslstm,ema,test,1000334,22,-0.29215478897094727,0.5552736520767212,0.5501511096954346,True
1710807515,fk_qslstm,ema,test,1000334,23,0.5360847115516663,0.7658697366714478,0.7626966834068298,True
1710807515,fk_qslstm,ema,test,1000334,24,-0.18498735129833221,0.5017033815383911,0.4961129426956177,True
1710807515,fk_qslstm,ema,test,1000334,25,-0.8492709994316101,-0.10819990187883377,-0.11239907145500183,True
1710807515,fk_qslstm,ema,test,1000334,26,-0.5658702850341797,-0.4260821044445038,-0.42921483516693115,True
1710807515,fk_qslstm,ema,test,1000334,27,0.4184439778327942,-0.08979929238557816,-0.09142211079597473,True
1710807515,fk_qslstm,ema,test,1000334,28,-0.23281165957450867,-0.21152642369270325,-0.20808976888656616,True
1710807515,fk_qslstm,ema,test,1000334,29,0.9207882285118103,0.383251816034317,0.38104644417762756,True
1710807515,fk_qslstm,ema,test,1000334,30,-0.018255094066262245,0.29564839601516724,0.2929253876209259,True
1710807515,fk_qslstm,ema,test,1000334,31,0.015252304263412952,0.24567009508609772,0.242069274187088,True
1710807515,fk_qslstm,ema,test,1000335,0,0.9420939087867737,0.5652563571929932,0.5525995492935181,True
1710807515,fk_qslstm,ema,test,1000335,1,0.07987193018198013,0.5001282691955566,0.49855080246925354,True
1710807515,fk_qslstm,ema,test,1000335,2,-0.8518080711364746,-0.110982246696949,-0.11428406834602356,True
1710807515,fk_qslstm,ema,test,1000335,3,0.13195033371448517,-0.009615595452487469,-0.01605740189552307,True
1710807515,fk_qslstm,ema,test,1000335,4,0.8240894079208374,0.4867611527442932,0.48109400272369385,True
1710807515,fk_qslstm,ema,test,1000335,5,0.8257036805152893,0.8848311305046082,0.8852555155754089,True
1710807515,fk_qslstm,ema,test,1000335,6,-0.36153966188430786,0.4909411072731018,0.48474106192588806,True
1710807515,fk_qslstm,ema,test,1000335,7,0.9232513904571533,0.9467037320137024,0.9461678266525269,True
1710807515,fk_qslstm,ema,test,1000335,8,0.19562292098999023,0.8747367262840271,0.8709805011749268,True
1710807515,fk_qslstm,ema,test,1000335,9,0.1561642736196518,0.7934879660606384,0.7877118587493896,True
1710807515,fk_qslstm,ema,test,1000335,10,-0.7129112482070923,0.2070436179637909,0.19726836681365967,True
1710807515,fk_qslstm,ema,test,1000335,11,0.7823798060417175,0.6350627541542053,0.6292868852615356,True
1710807515,fk_qslstm,ema,test,1000335,12,0.5090706944465637,0.8134925961494446,0.8121958374977112,True
1710807515,fk_qslstm,ema,test,1000335,13,-0.9913121461868286,0.05600679665803909,0.06161533296108246,True
1710807515,fk_qslstm,ema,test,1000335,14,0.3625078499317169,0.2623101472854614,0.26468148827552795,True
1710807515,fk_qslstm,ema,test,1000335,15,0.43726208806037903,0.47220537066459656,0.47574567794799805,True
1710807515,fk_qslstm,ema,test,1000335,16,-0.1524493247270584,0.28629469871520996,0.29116925597190857,True
1710807515,fk_qslstm,ema,test,1000335,17,0.6245959401130676,0.6037933230400085,0.6100796461105347,True
1710807515,fk_qslstm,ema,test,1000335,18,-0.30049723386764526,0.3027363419532776,0.3089466691017151,True
1710807515,fk_qslstm,ema,test,1000335,19,-0.8119046092033386,-0.2449537068605423,-0.23936492204666138,True
1710807515,fk_qslstm,ema,test,1000335,20,0.11344324052333832,-0.1278970092535019,-0.12154009938240051,True
1710807515,fk_qslstm,ema,test,1000335,21,0.548500120639801,0.2267824411392212,0.23113217949867249,True
1710807515,fk_qslstm,ema,test,1000335,22,0.4417840540409088,0.4464963972568512,0.4490520656108856,True
1710807515,fk_qslstm,ema,test,1000335,23,-0.48017749190330505,0.06909061223268509,0.07290872931480408,True
1710807515,fk_qslstm,ema,test,1000335,24,0.9493235945701599,0.6248666644096375,0.6264097094535828,True
1710807515,fk_qslstm,ema,test,1000335,25,-0.5023374557495117,0.19849084317684174,0.19799983501434326,True
1710807515,fk_qslstm,ema,test,1000335,26,-0.6418812274932861,-0.2263360470533371,-0.2281319499015808,True
1710807515,fk_qslstm,ema,test,1000335,27,-0.18387548625469208,-0.2913941442966461,-0.28932493925094604,True
1710807515,fk_qslstm,ema,test,1000335,28,0.3000946342945099,-0.053058523684740067,-0.0524749755859375,True
1710807515,fk_qslstm,ema,test,1000335,29,0.354196697473526,0.17007119953632355,0.16725903749465942,True
1710807515,fk_qslstm,ema,test,1000335,30,0.844095766544342,0.6425144076347351,0.6413578391075134,True
1710807515,fk_qslstm,ema,test,1000335,31,-0.775599479675293,0.04865182563662529,0.046410590410232544,True
1710807515,fk_qslstm,ema,test,1000336,0,0.6079435348510742,0.36476612091064453,0.3636307418346405,True
1710807515,fk_qslstm,ema,test,1000336,1,-0.537022590637207,-0.03040066361427307,-0.016151845455169678,True
1710807515,fk_qslstm,ema,test,1000336,2,0.8979412317276001,0.5144441723823547,0.5150248408317566,True
1710807515,fk_qslstm,ema,test,1000336,3,-0.790709912776947,-0.06287060678005219,-0.061550796031951904,True
1710807515,fk_qslstm,ema,test,1000336,4,-0.02866130881011486,-0.0674932673573494,-0.06803151965141296,True
1710807515,fk_qslstm,ema,test,1000336,5,0.4628903567790985,0.2237395942211151,0.22095373272895813,True
1710807515,fk_qslstm,ema,test,1000336,6,-0.475094735622406,-0.10606516152620316,-0.10488146543502808,True
1710807515,fk_qslstm,ema,test,1000336,7,-0.919736385345459,-0.6366939544677734,-0.6385383009910583,True
1710807515,fk_qslstm,ema,test,1000336,8,0.3652481138706207,-0.29020631313323975,-0.28994107246398926,True
1710807515,fk_qslstm,ema,test,1000336,9,-0.5665758848190308,-0.5721105933189392,-0.5723975896835327,True
1710807515,fk_qslstm,ema,test,1000336,10,-0.6627495884895325,-0.8553382158279419,-0.8613291382789612,True
1710807515,fk_qslstm,ema,test,1000336,11,-0.6117042303085327,-1.051293134689331,-1.0589501857757568,True
1710807515,fk_qslstm,ema,test,1000336,12,0.36340630054473877,-0.6229907274246216,-0.627243161201477,True
1710807515,fk_qslstm,ema,test,1000336,13,-0.15840347111225128,-0.5934346318244934,-0.5970407724380493,True
1710807515,fk_qslstm,ema,test,1000336,14,0.2405303716659546,-0.3304294943809509,-0.33354896306991577,True
1710807515,fk_qslstm,ema,test,1000336,15,-0.6330764889717102,-0.6441894769668579,-0.6497984528541565,True
1710807515,fk_qslstm,ema,test,1000336,16,-0.14337097108364105,-0.6013741493225098,-0.605479896068573,True
1710807515,fk_qslstm,ema,test,1000336,17,0.6582533717155457,-0.08614732325077057,-0.08839407563209534,True
1710807515,fk_qslstm,ema,test,1000336,18,0.5305071473121643,0.24938644468784332,0.24384593963623047,True
1710807515,fk_qslstm,ema,test,1000336,19,-0.8891953229904175,-0.33400803804397583,-0.33614808320999146,True
1710807515,fk_qslstm,ema,test,1000336,20,-0.7187119126319885,-0.6984335780143738,-0.7066026329994202,True
1710807515,fk_qslstm,ema,test,1000336,21,0.03293297439813614,-0.5389871001243591,-0.5424939393997192,True
1710807515,fk_qslstm,ema,test,1000336,22,-0.5899172425270081,-0.7851399779319763,-0.7908459305763245,True
1710807515,fk_qslstm,ema,test,1000336,23,-0.16307221353054047,-0.7259553074836731,-0.730090320110321,True
1710807515,fk_qslstm,ema,test,1000336,24,0.10172389447689056,-0.5197299122810364,-0.5214239954948425,True
1710807515,fk_qslstm,ema,test,1000336,25,-0.03513142094016075,-0.4368627965450287,-0.43738114833831787,True
1710807515,fk_qslstm,ema,test,1000336,26,0.5637981295585632,-0.011211366392672062,-0.01459580659866333,True
1710807515,fk_qslstm,ema,test,1000336,27,0.8004379272460938,0.4712936580181122,0.46651706099510193,True
1710807515,fk_qslstm,ema,test,1000336,28,0.7406927347183228,0.8214505910873413,0.8211795687675476,True
1710807515,fk_qslstm,ema,test,1000336,29,0.5296321511268616,0.97493976354599,0.9764435887336731,True
1710807515,fk_qslstm,ema,test,1000336,30,0.21650883555412292,0.9098570942878723,0.9098159670829773,True
1710807515,fk_qslstm,ema,test,1000336,31,-0.06527744233608246,0.6887192130088806,0.6852071285247803,True
1710807515,fk_qslstm,ema,test,1000337,0,-0.5670692324638367,-0.34024152159690857,-0.33768266439437866,True
1710807515,fk_qslstm,ema,test,1000337,1,-0.6886796951293945,-0.6854010224342346,-0.6935003995895386,True
1710807515,fk_qslstm,ema,test,1000337,2,-0.9918330907821655,-1.143420696258545,-1.1533405780792236,True
1710807515,fk_qslstm,ema,test,1000337,3,0.9643277525901794,-0.33613988757133484,-0.3356110453605652,True
1710807515,fk_qslstm,ema,test,1000337,4,0.793936550617218,0.2074500173330307,0.2065371572971344,True
1710807515,fk_qslstm,ema,test,1000337,5,-0.2693915069103241,0.004325105343014002,0.010499179363250732,True
1710807515,fk_qslstm,ema,test,1000337,6,-0.45321622490882874,-0.2684696614742279,-0.26001667976379395,True
1710807515,fk_qslstm,ema,test,1000337,7,0.5203704833984375,0.09744655340909958,0.1034230887889862,True
1710807515,fk_qslstm,ema,test,1000337,8,-0.10330820828676224,0.01597231812775135,0.02542784810066223,True
1710807515,fk_qslstm,ema,test,1000337,9,0.17879977822303772,0.12005771696567535,0.12631724774837494,True
1710807515,fk_qslstm,ema,test,1000337,10,0.1545475721359253,0.1887747198343277,0.19348806142807007,True
1710807515,fk_qslstm,ema,test,1000337,11,-0.19641925394535065,0.03316822275519371,0.04064524173736572,True
1710807515,fk_qslstm,ema,test,1000337,12,-0.5073134303092957,-0.27785345911979675,-0.2694792151451111,True
1710807515,fk_qslstm,ema,test,1000337,13,0.20096981525421143,-0.10170088708400726,-0.09566760063171387,True
1710807515,fk_qslstm,ema,test,1000337,14,-0.4590243399143219,-0.35677531361579895,-0.349112331867218,True
1710807515,fk_qslstm,ema,test,1000337,15,0.4760286808013916,0.00019695944502018392,0.002993971109390259,True
1710807515,fk_qslstm,ema,test,1000337,16,0.23074574768543243,0.1386050134897232,0.1386621594429016,True
1710807515,fk_qslstm,ema,test,1000337,17,-0.9221705794334412,-0.44241833686828613,-0.44086891412734985,True
1710807515,fk_qslstm,ema,test,1000337,18,-0.7315316796302795,-0.7928537130355835,-0.7979515194892883,True
1710807515,fk_qslstm,ema,test,1000337,19,-0.048775047063827515,-0.6635479927062988,-0.6649386882781982,True
1710807515,fk_qslstm,ema,test,1000337,20,-0.5662782788276672,-0.8706053495407104,-0.874687135219574,True
1710807515,fk_qslstm,ema,test,1000337,21,0.8028202652931213,-0.2147921472787857,-0.21206718683242798,True
1710807515,fk_qslstm,ema,test,1000337,22,-0.4846951365470886,-0.4626508057117462,-0.45902252197265625,True
1710807515,fk_qslstm,ema,test,1000337,23,-0.3983774185180664,-0.6091470718383789,-0.6081761717796326,True
1710807515,fk_qslstm,ema,test,1000337,24,-0.2322203814983368,-0.6266499161720276,-0.6241586804389954,True
1710807515,fk_qslstm,ema,test,1000337,25,0.39833638072013855,-0.26231810450553894,-0.2601878046989441,True
1710807515,fk_qslstm,ema,test,1000337,26,-0.8780158758163452,-0.7366639971733093,-0.7383765578269958,True
1710807515,fk_qslstm,ema,test,1000337,27,0.8959254622459412,-0.05177592486143112,-0.05307501554489136,True
1710807515,fk_qslstm,ema,test,1000337,28,0.3253207206726074,0.15377169847488403,0.1497867852449417,True
1710807515,fk_qslstm,ema,test,1000337,29,0.13560399413108826,0.20437975227832794,0.19885976612567902,True
1710807515,fk_qslstm,ema,test,1000337,30,0.7079305052757263,0.5882620811462402,0.5848978161811829,True
1710807515,fk_qslstm,ema,test,1000337,31,-0.16903075575828552,0.3691912293434143,0.36601293087005615,True
1710807515,fk_qslstm,ema,test,1000338,0,0.568915843963623,0.3413495123386383,0.34058821201324463,True
1710807515,fk_qslstm,ema,test,1000338,1,-0.9123935699462891,-0.27435654401779175,-0.2554934620857239,True
1710807515,fk_qslstm,ema,test,1000338,2,-0.11519794166088104,-0.2886039912700653,-0.2804808020591736,True
1710807515,fk_qslstm,ema,test,1000338,3,0.9695704579353333,0.3508591055870056,0.35042738914489746,True
1710807515,fk_qslstm,ema,test,1000338,4,-0.013424068689346313,0.2726328372955322,0.271383136510849,True
1710807515,fk_qslstm,ema,test,1000338,5,0.07119324058294296,0.26082220673561096,0.2579505741596222,True
1710807515,fk_qslstm,ema,test,1000338,6,0.8697027564048767,0.7304794192314148,0.7317773103713989,True
1710807515,fk_qslstm,ema,test,1000338,7,0.02954220399260521,0.602108895778656,0.5995253324508667,True
1710807515,fk_qslstm,ema,test,1000338,8,0.8389914631843567,0.9850819706916809,0.9888067245483398,True
1710807515,fk_qslstm,ema,test,1000338,9,-0.7414292693138123,0.343207985162735,0.3409997820854187,True
1710807515,fk_qslstm,ema,test,1000338,10,-0.5650846362113953,-0.06448438763618469,-0.06738695502281189,True
1710807515,fk_qslstm,ema,test,1000338,11,0.6012080311775208,0.3091373145580292,0.3057943880558014,True
1710807515,fk_qslstm,ema,test,1000338,12,0.3349548578262329,0.44828277826309204,0.44534972310066223,True
1710807515,fk_qslstm,ema,test,1000338,13,-0.41019323468208313,0.11251027882099152,0.11190974712371826,True
1710807515,fk_qslstm,ema,test,1000338,14,0.0014631736557930708,0.09088613092899323,0.09141673147678375,True
1710807515,fk_qslstm,ema,test,1000338,15,0.8782686591148376,0.5996701121330261,0.6019238829612732,True
1710807515,fk_qslstm,ema,test,1000338,16,0.5687848329544067,0.8210070133209229,0.8253123164176941,True
1710807515,fk_qslstm,ema,test,1000338,17,0.14752382040023804,0.7453199028968811,0.7461146712303162,True
1710807515,fk_qslstm,ema,test,1000338,18,0.2564663290977478,0.7501357197761536,0.7498044967651367,True
1710807515,fk_qslstm,ema,test,1000338,19,-0.9179901480674744,0.0493144653737545,0.05155178904533386,True
1710807515,fk_qslstm,ema,test,1000338,20,-0.25232943892478943,-0.11194609105587006,-0.10573473572731018,True
1710807515,fk_qslstm,ema,test,1000338,21,-0.44437098503112793,-0.35617947578430176,-0.34623026847839355,True
1710807515,fk_qslstm,ema,test,1000338,22,0.5692493915557861,0.05660606175661087,0.06373287737369537,True
1710807515,fk_qslstm,ema,test,1000338,23,-0.2770124077796936,-0.12092260271310806,-0.11016488075256348,True
1710807515,fk_qslstm,ema,test,1000338,24,-0.3699340224266052,-0.3186984956264496,-0.308219850063324,True
1710807515,fk_qslstm,ema,test,1000338,25,0.05381137877702713,-0.2226719707250595,-0.21359413862228394,True
1710807515,fk_qslstm,ema,test,1000338,26,0.9534335136413574,0.3939225375652313,0.3957476317882538,True
1710807515,fk_qslstm,ema,test,1000338,27,0.8974539637565613,0.8536103963851929,0.8582178950309753,True
1710807515,fk_qslstm,ema,test,1000338,28,-0.255964994430542,0.5293093323707581,0.525581955909729,True
1710807515,fk_qslstm,ema,test,1000338,29,0.573783814907074,0.7677177786827087,0.7659801244735718,True
1710807515,fk_qslstm,ema,test,1000338,30,-0.4495082199573517,0.344469279050827,0.3390766978263855,True
1710807515,fk_qslstm,ema,test,1000338,31,-0.8312033414840698,-0.22314657270908356,-0.2282359004020691,True
1710807515,fk_qslstm,ema,test,1000339,0,-0.40864208340644836,-0.2451852560043335,-0.2429550290107727,True
1710807515,fk_qslstm,ema,test,1000339,1,-0.04838484153151512,-0.22517910599708557,-0.22742325067520142,True
1710807515,fk_qslstm,ema,test,1000339,2,0.880194365978241,0.3479733467102051,0.33752942085266113,True
1710807515,fk_qslstm,ema,test,1000339,3,-0.7204336524009705,-0.15388153493404388,-0.15798717737197876,True
1710807515,fk_qslstm,ema,test,1000339,4,0.3144358694553375,0.06555629521608353,0.058858126401901245,True
1710807515,fk_qslstm,ema,test,1000339,5,0.9204224944114685,0.6046985387802124,0.5998715162277222,True
1710807515,fk_qslstm,ema,test,1000339,6,-0.3821263611316681,0.25448301434516907,0.2495577037334442,True
1710807515,fk_qslstm,ema,test,1000339,7,-0.538330078125,-0.11941162496805191,-0.12296155095100403,True
1710807515,fk_qslstm,ema,test,1000339,8,-0.3836059272289276,-0.3256928622722626,-0.3254026770591736,True
1710807515,fk_qslstm,ema,test,1000339,9,-0.990511417388916,-0.8548611402511597,-0.8546248078346252,True
1710807515,fk_qslstm,ema,test,1000339,10,-0.49599719047546387,-0.9814872145652771,-0.9829463362693787,True
1710807515,fk_qslstm,ema,test,1000339,11,0.03267963230609894,-0.7655820250511169,-0.765446126461029,True
1710807515,fk_qslstm,ema,test,1000339,12,-0.7154117226600647,-1.0417126417160034,-1.046123743057251,True
1710807515,fk_qslstm,ema,test,1000339,13,0.7765486836433411,-0.3674409091472626,-0.36309880018234253,True
1710807515,fk_qslstm,ema,test,1000339,14,0.398584246635437,-0.05480216443538666,-0.053961336612701416,True
1710807515,fk_qslstm,ema,test,1000339,15,0.015978515148162842,-0.03425462171435356,-0.03290209174156189,True
1710807515,fk_qslstm,ema,test,1000339,16,-0.9617413282394409,-0.6044484972953796,-0.6028857827186584,True
1710807515,fk_qslstm,ema,test,1000339,17,0.24389678239822388,-0.3372207283973694,-0.3346351981163025,True
1710807515,fk_qslstm,ema,test,1000339,18,0.6248236894607544,0.10511761903762817,0.10566926002502441,True
1710807515,fk_qslstm,ema,test,1000339,19,-0.6051264405250549,-0.2789817750453949,-0.27630406618118286,True
1710807515,fk_qslstm,ema,test,1000339,20,-0.8206976652145386,-0.7156040072441101,-0.7196363806724548,True
1710807515,fk_qslstm,ema,test,1000339,21,0.9490609765052795,-0.0030466201715171337,-0.0058367252349853516,True
1710807515,fk_qslstm,ema,test,1000339,22,-0.9216217398643494,-0.5554103255271912,-0.5552182793617249,True
1710807515,fk_qslstm,ema,test,1000339,23,-0.11089139431715012,-0.5108631253242493,-0.511152446269989,True
1710807515,fk_qslstm,ema,test,1000339,24,0.7802698612213135,0.05947142094373703,0.059451013803482056,True
1710807515,fk_qslstm,ema,test,1000339,25,0.9690113067626953,0.6289839148521423,0.6268181204795837,True
1710807515,fk_qslstm,ema,test,1000339,26,0.9375625252723694,1.0657246112823486,1.0654618740081787,True
1710807515,fk_qslstm,ema,test,1000339,27,0.9305725693702698,1.4109232425689697,1.3927059173583984,True
1710807515,fk_qslstm,ema,test,1000339,28,-0.32120200991630554,0.9360173940658569,0.9295282959938049,True
1710807515,fk_qslstm,ema,test,1000339,29,-0.06211579218506813,0.7115444540977478,0.7048419713973999,True
1710807515,fk_qslstm,ema,test,1000339,30,0.24487711489200592,0.716161847114563,0.707000195980072,True
1710807515,fk_qslstm,ema,test,1000339,31,0.22103697061538696,0.7055516242980957,0.694652795791626,True
1710807515,fk_qslstm,ema,test,1000340,0,-0.26433515548706055,-0.1586010903120041,-0.15654507279396057,True
1710807515,fk_qslstm,ema,test,1000340,1,0.2888328731060028,0.04641885310411453,0.040214478969573975,True
1710807515,fk_qslstm,ema,test,1000340,2,0.3703004717826843,0.2593153715133667,0.24767890572547913,True
1710807515,fk_qslstm,ema,test,1000340,3,-0.8835741877555847,-0.32269221544265747,-0.32845211029052734,True
1710807515,fk_qslstm,ema,test,1000340,4,0.17590077221393585,-0.1526132971048355,-0.15667825937271118,True
1710807515,fk_qslstm,ema,test,1000340,5,0.5655394792556763,0.21723304688930511,0.2134336680173874,True
1710807515,fk_qslstm,ema,test,1000340,6,-0.3858533203601837,-0.05772555246949196,-0.05577704310417175,True
1710807515,fk_qslstm,ema,test,1000340,7,0.004347119480371475,-0.04357217252254486,-0.041111260652542114,True
1710807515,fk_qslstm,ema,test,1000340,8,0.21616597473621368,0.0948418453335762,0.09595733880996704,True
1710807515,fk_qslstm,ema,test,1000340,9,0.45657214522361755,0.34981676936149597,0.34869298338890076,True
1710807515,fk_qslstm,ema,test,1000340,10,-0.8869036436080933,-0.2522887885570526,-0.24963068962097168,True
1710807515,fk_qslstm,ema,test,1000340,11,-0.6497578024864197,-0.5916857123374939,-0.5935677886009216,True
1710807515,fk_qslstm,ema,test,1000340,12,-0.17868486046791077,-0.580559492111206,-0.5784069895744324,True
1710807515,fk_qslstm,ema,test,1000340,13,0.7782499194145203,0.002502377610653639,0.005829542875289917,True
1710807515,fk_qslstm,ema,test,1000340,14,-0.49854210019111633,-0.29712334275245667,-0.29119735956192017,True
1710807515,fk_qslstm,ema,test,1000340,15,-0.513909637928009,-0.5460444688796997,-0.5438891053199768,True
1710807515,fk_qslstm,ema,test,1000340,16,0.40470090508461,-0.1940150260925293,-0.19296535849571228,True
1710807515,fk_qslstm,ema,test,1000340,17,-0.34196925163269043,-0.36039358377456665,-0.35694485902786255,True
1710807515,fk_qslstm,ema,test,1000340,18,-0.4577222466468811,-0.5629482269287109,-0.5615332722663879,True
1710807515,fk_qslstm,ema,test,1000340,19,-0.11235947161912918,-0.517774224281311,-0.5150883197784424,True
1710807515,fk_qslstm,ema,test,1000340,20,0.5711944699287415,-0.07150270789861679,-0.07109653949737549,True
1710807515,fk_qslstm,ema,test,1000340,21,-0.0013839054154232144,-0.05803250893950462,-0.05751925706863403,True
1710807515,fk_qslstm,ema,test,1000340,22,0.09655185043811798,0.01150510460138321,0.009723693132400513,True
1710807515,fk_qslstm,ema,test,1000340,23,-0.7006175518035889,-0.4111664295196533,-0.4134957790374756,True
1710807515,fk_qslstm,ema,test,1000340,24,-0.6556466221809387,-0.722321093082428,-0.7293329834938049,True
1710807515,fk_qslstm,ema,test,1000340,25,-0.2372349351644516,-0.720197856426239,-0.7245422005653381,True
1710807515,fk_qslstm,ema,test,1000340,26,0.23382367193698883,-0.43586409091949463,-0.4378977417945862,True
1710807515,fk_qslstm,ema,test,1000340,27,-0.4048393964767456,-0.5915948748588562,-0.5938767194747925,True
1710807515,fk_qslstm,ema,test,1000340,28,0.03925313428044319,-0.4497240483760834,-0.4514705538749695,True
1710807515,fk_qslstm,ema,test,1000340,29,-0.02844276651740074,-0.3768448829650879,-0.377501904964447,True
1710807515,fk_qslstm,ema,test,1000340,30,0.3530551791191101,-0.08964280784130096,-0.09403955936431885,True
1710807515,fk_qslstm,ema,test,1000340,31,0.6260189414024353,0.3038971424102783,0.29633083939552307,True
1710807515,fk_qslstm,ema,test,1000341,0,0.8953551650047302,0.5372130870819092,0.5273849964141846,True
1710807515,fk_qslstm,ema,test,1000341,1,-0.4675748646259308,0.14922554790973663,0.1566333770751953,True
1710807515,fk_qslstm,ema,test,1000341,2,-0.844482958316803,-0.38730931282043457,-0.38735151290893555,True
1710807515,fk_qslstm,ema,test,1000341,3,0.9723349213600159,0.2735534906387329,0.2650624215602875,True
1710807515,fk_qslstm,ema,test,1000341,4,-0.05862390622496605,0.18366844952106476,0.1774648129940033,True
1710807515,fk_qslstm,ema,test,1000341,5,0.8304080963134766,0.6451796293258667,0.6402230262756348,True
1710807515,fk_qslstm,ema,test,1000341,6,-0.21344171464443207,0.3880786597728729,0.3816496431827545,True
1710807515,fk_qslstm,ema,test,1000341,7,-0.5742102265357971,-0.03406320884823799,-0.03980213403701782,True
1710807515,fk_qslstm,ema,test,1000341,8,0.9967845678329468,0.5708202123641968,0.5623336434364319,True
1710807515,fk_qslstm,ema,test,1000341,9,0.2745368182659149,0.6213782429695129,0.6116249561309814,True
1710807515,fk_qslstm,ema,test,1000341,10,0.6825020909309387,0.9066038727760315,0.9032455086708069,True
1710807515,fk_qslstm,ema,test,1000341,11,-0.694060206413269,0.30884695053100586,0.30101636052131653,True
1710807515,fk_qslstm,ema,test,1000341,12,-0.49095043540000916,-0.047492701560258865,-0.05365535616874695,True
1710807515,fk_qslstm,ema,test,1000341,13,0.7383854985237122,0.40503713488578796,0.40031546354293823,True
1710807515,fk_qslstm,ema,test,1000341,14,0.6627517938613892,0.721680760383606,0.7222058176994324,True
1710807515,fk_qslstm,ema,test,1000341,15,-0.34261319041252136,0.3717767000198364,0.369409441947937,True
1710807515,fk_qslstm,ema,test,1000341,16,-0.09979048371315002,0.23754708468914032,0.2357063889503479,True
1710807515,fk_qslstm,ema,test,1000341,17,-0.43216559290885925,-0.06926169991493225,-0.066433846950531,True
1710807515,fk_qslstm,ema,test,1000341,18,-0.26256313920021057,-0.21294723451137543,-0.20628368854522705,True
1710807515,fk_qslstm,ema,test,1000341,19,-0.6852425336837769,-0.5815033316612244,-0.5776672959327698,True
1710807515,fk_qslstm,ema,test,1000341,20,-0.24224397540092468,-0.6105490326881409,-0.6057199835777283,True
1710807515,fk_qslstm,ema,test,1000341,21,0.8662130236625671,0.03128858655691147,0.035221755504608154,True
1710807515,fk_qslstm,ema,test,1000341,22,-0.22946017980575562,-0.1126452386379242,-0.10579365491867065,True
1710807515,fk_qslstm,ema,test,1000341,23,0.4283931255340576,0.16691969335079193,0.16684195399284363,True
1710807515,fk_qslstm,ema,test,1000341,24,-0.1196671724319458,0.061735451221466064,0.06404566764831543,True
1710807515,fk_qslstm,ema,test,1000341,25,0.5594430565834045,0.38505420088768005,0.3843412399291992,True
1710807515,fk_qslstm,ema,test,1000341,26,-0.07693630456924438,0.261881560087204,0.26243484020233154,True
1710807515,fk_qslstm,ema,test,1000341,27,-0.8233049511909485,-0.28447774052619934,-0.2834770083427429,True
1710807515,fk_qslstm,ema,test,1000341,28,0.16927935183048248,-0.1260145753622055,-0.12520208954811096,True
1710807515,fk_qslstm,ema,test,1000341,29,0.4696899950504303,0.18100234866142273,0.17994916439056396,True
1710807515,fk_qslstm,ema,test,1000341,30,0.530266284942627,0.4629616439342499,0.46114665269851685,True
1710807515,fk_qslstm,ema,test,1000341,31,-0.3982713222503662,0.1314065158367157,0.13168451189994812,True
1710807515,fk_qslstm,ema,test,1000342,0,0.8836342096328735,0.5301805138587952,0.5209869146347046,True
1710807515,fk_qslstm,ema,test,1000342,1,-0.7774786949157715,-0.042342811822891235,-0.03089994192123413,True
1710807515,fk_qslstm,ema,test,1000342,2,-0.9644563794136047,-0.6125480532646179,-0.6099100708961487,True
1710807515,fk_qslstm,ema,test,1000342,3,0.715078592300415,-0.060991320759058,-0.05902475118637085,True
1710807515,fk_qslstm,ema,test,1000342,4,-0.492127388715744,-0.3440694808959961,-0.33937716484069824,True
1710807515,fk_qslstm,ema,test,1000342,5,0.920163631439209,0.27684256434440613,0.27424827218055725,True
1710807515,fk_qslstm,ema,test,1000342,6,0.4297946095466614,0.47935083508491516,0.4753573536872864,True
1710807515,fk_qslstm,ema,test,1000342,7,0.6766414046287537,0.7894654870033264,0.7894057631492615,True
1710807515,fk_qslstm,ema,test,1000342,8,-0.5469765663146973,0.30338647961616516,0.2990584671497345,True
1710807515,fk_qslstm,ema,test,1000342,9,0.6834033727645874,0.6527512073516846,0.650606632232666,True
1710807515,fk_qslstm,ema,test,1000342,10,-0.0233477633446455,0.5081923007965088,0.5056057572364807,True
1710807515,fk_qslstm,ema,test,1000342,11,-0.23993487656116486,0.2625929117202759,0.261139839887619,True
1710807515,fk_qslstm,ema,test,1000342,12,0.9487218856811523,0.77930748462677,0.7818450331687927,True
1710807515,fk_qslstm,ema,test,1000342,13,-0.3294772505760193,0.42575961351394653,0.42331939935684204,True
1710807515,fk_qslstm,ema,test,1000342,14,0.594066321849823,0.6970474720001221,0.6965608596801758,True
1710807515,fk_qslstm,ema,test,1000342,15,0.43784624338150024,0.8203457593917847,0.822192370891571,True
1710807515,fk_qslstm,ema,test,1000342,16,-0.6817699074745178,0.2472146600484848,0.2447170615196228,True
1710807515,fk_qslstm,ema,test,1000342,17,-0.7894060611724854,-0.2758719027042389,-0.27892565727233887,True
1710807515,fk_qslstm,ema,test,1000342,18,-0.6758716106414795,-0.6262204647064209,-0.6308825612068176,True
1710807515,fk_qslstm,ema,test,1000342,19,0.2991858124732971,-0.3214648962020874,-0.32203489542007446,True
1710807515,fk_qslstm,ema,test,1000342,20,-0.11427178233861923,-0.3257349729537964,-0.3230357766151428,True
1710807515,fk_qslstm,ema,test,1000342,21,0.8488755822181702,0.2487373650074005,0.24687743186950684,True
1710807515,fk_qslstm,ema,test,1000342,22,0.7574549317359924,0.653462827205658,0.6537631750106812,True
1710807515,fk_qslstm,ema,test,1000342,23,-0.8478579521179199,0.014055492356419563,0.014294981956481934,True
1710807515,fk_qslstm,ema,test,1000342,24,-0.9849053025245667,-0.5796988010406494,-0.5809934735298157,True
1710807515,fk_qslstm,ema,test,1000342,25,0.6009858250617981,-0.10316754132509232,-0.10076272487640381,True
1710807515,fk_qslstm,ema,test,1000342,26,-0.15789122879505157,-0.17726877331733704,-0.1699775755405426,True
1710807515,fk_qslstm,ema,test,1000342,27,-0.9883688688278198,-0.7348363399505615,-0.7297046780586243,True
1710807515,fk_qslstm,ema,test,1000342,28,-0.16776509582996368,-0.6885281205177307,-0.682681143283844,True
1710807515,fk_qslstm,ema,test,1000342,29,0.8368797898292542,-0.04869462177157402,-0.040875792503356934,True
1710807515,fk_qslstm,ema,test,1000342,30,-0.9802059531211853,-0.6270792484283447,-0.6174365878105164,True
1710807515,fk_qslstm,ema,test,1000342,31,-0.1931632161140442,-0.6175613403320312,-0.6103084683418274,True
1710807515,fk_qslstm,ema,test,1000343,0,0.7585579752922058,0.4551348090171814,0.45104414224624634,True
1710807515,fk_qslstm,ema,test,1000343,1,-0.9694133996963501,-0.2175402045249939,-0.1948258876800537,True
1710807515,fk_qslstm,ema,test,1000343,2,0.2266579121351242,-0.038037411868572235,-0.030890315771102905,True
1710807515,fk_qslstm,ema,test,1000343,3,-0.21776385605335236,-0.1610882431268692,-0.15246397256851196,True
1710807515,fk_qslstm,ema,test,1000343,4,0.59530109167099,0.22831004858016968,0.23132646083831787,True
1710807515,fk_qslstm,ema,test,1000343,5,0.23356932401657104,0.32278963923454285,0.32353755831718445,True
1710807515,fk_qslstm,ema,test,1000343,6,0.7587628960609436,0.7134894132614136,0.7172300815582275,True
1710807515,fk_qslstm,ema,test,1000343,7,-0.0037298977840691805,0.568553626537323,0.568666934967041,True
1710807515,fk_qslstm,ema,test,1000343,8,-0.0003969199606217444,0.45460474491119385,0.45290717482566833,True
1710807515,fk_qslstm,ema,test,1000343,9,-0.012558531016111374,0.3561486601829529,0.355556845664978,True
1710807515,fk_qslstm,ema,test,1000343,10,0.5785924196243286,0.6320743560791016,0.6348703503608704,True
1710807515,fk_qslstm,ema,test,1000343,11,-0.8132103681564331,0.017733275890350342,0.02177557349205017,True
1710807515,fk_qslstm,ema,test,1000343,12,0.9812759757041931,0.6029521822929382,0.6029089689254761,True
1710807515,fk_qslstm,ema,test,1000343,13,0.12194257974624634,0.5555273294448853,0.553395688533783,True
1710807515,fk_qslstm,ema,test,1000343,14,0.9048764109611511,0.9873477220535278,0.9907812476158142,True
1710807515,fk_qslstm,ema,test,1000343,15,0.4954138398170471,1.0871264934539795,1.0900592803955078,True
1710807515,fk_qslstm,ema,test,1000343,16,-0.4193030893802643,0.6181192994117737,0.6160106658935547,True
1710807515,fk_qslstm,ema,test,1000343,17,0.11924569308757782,0.5660429000854492,0.5616437196731567,True
1710807515,fk_qslstm,ema,test,1000343,18,-0.1479118913412094,0.36408716440200806,0.36027419567108154,True
1710807515,fk_qslstm,ema,test,1000343,19,0.004884903784841299,0.29420068860054016,0.2918538451194763,True
1710807515,fk_qslstm,ema,test,1000343,20,-0.6402037739753723,-0.14876170456409454,-0.1482570469379425,True
1710807515,fk_qslstm,ema,test,1000343,21,-0.013744601979851723,-0.1272561252117157,-0.12444734573364258,True
1710807515,fk_qslstm,ema,test,1000343,22,-0.7673577666282654,-0.5622195601463318,-0.5609772801399231,True
1710807515,fk_qslstm,ema,test,1000343,23,0.3333050012588501,-0.2497926652431488,-0.24892443418502808,True
1710807515,fk_qslstm,ema,test,1000343,24,-0.5813893675804138,-0.5486677289009094,-0.5485292077064514,True
1710807515,fk_qslstm,ema,test,1000343,25,-0.8080203533172607,-0.9237464070320129,-0.9296405911445618,True
1710807515,fk_qslstm,ema,test,1000343,26,0.10017603635787964,-0.6788914799690247,-0.6828266382217407,True
1710807515,fk_qslstm,ema,test,1000343,27,-0.20870324969291687,-0.6683351397514343,-0.671359121799469,True
1710807515,fk_qslstm,ema,test,1000343,28,0.8474552631378174,-0.026194967329502106,-0.027779459953308105,True
1710807515,fk_qslstm,ema,test,1000343,29,0.7716042399406433,0.44200655817985535,0.4387781023979187,True
1710807515,fk_qslstm,ema,test,1000343,30,0.7880194187164307,0.8264169096946716,0.827321469783783,True
1710807515,fk_qslstm,ema,test,1000343,31,-0.6283590197563171,0.284118115901947,0.27936145663261414,True
1710807515,fk_qslstm,ema,test,1000344,0,0.3002917468547821,0.1801750510931015,0.18019619584083557,True
1710807515,fk_qslstm,ema,test,1000344,1,0.3025308847427368,0.32565855979919434,0.3257535398006439,True
1710807515,fk_qslstm,ema,test,1000344,2,-0.8512588739395142,-0.25022849440574646,-0.2518860697746277,True
1710807515,fk_qslstm,ema,test,1000344,3,0.7844327092170715,0.2704768478870392,0.2653988003730774,True
1710807515,fk_qslstm,ema,test,1000344,4,-0.29379573464393616,0.040104031562805176,0.04192227125167847,True
1710807515,fk_qslstm,ema,test,1000344,5,0.22824423015117645,0.16902975738048553,0.1679522693157196,True
1710807515,fk_qslstm,ema,test,1000344,6,-0.17038191854953766,0.03299466148018837,0.036363959312438965,True
1710807515,fk_qslstm,ema,test,1000344,7,0.9984405040740967,0.6254600286483765,0.625542402267456,True
1710807515,fk_qslstm,ema,test,1000344,8,0.18625085055828094,0.6121185421943665,0.6079767942428589,True
1710807515,fk_qslstm,ema,test,1000344,9,0.7301385402679443,0.9277779459953308,0.9294549226760864,True
1710807515,fk_qslstm,ema,test,1000344,10,0.9240374565124512,1.2966448068618774,1.291996717453003,True
1710807515,fk_qslstm,ema,test,1000344,11,-0.34735146164894104,0.8289049863815308,0.8263577818870544,True
1710807515,fk_qslstm,ema,test,1000344,12,-0.1851540356874466,0.5520315766334534,0.5463104844093323,True
1710807515,fk_qslstm,ema,test,1000344,13,0.8221279978752136,0.9349020719528198,0.9375483393669128,True
1710807515,fk_qslstm,ema,test,1000344,14,-0.2554019093513489,0.5946804881095886,0.5898635387420654,True
1710807515,fk_qslstm,ema,test,1000344,15,-0.8477749228477478,-0.032920558005571365,-0.03919681906700134,True
1710807515,fk_qslstm,ema,test,1000344,16,0.1738702356815338,0.07798569649457932,0.07158777117729187,True
1710807515,fk_qslstm,ema,test,1000344,17,-0.6754083037376404,-0.34285643696784973,-0.3460052013397217,True
1710807515,fk_qslstm,ema,test,1000344,18,0.21107633411884308,-0.14763934910297394,-0.15131109952926636,True
1710807515,fk_qslstm,ema,test,1000344,19,-0.9075255393981934,-0.6626268029212952,-0.6664689183235168,True
1710807515,fk_qslstm,ema,test,1000344,20,-0.4023823142051697,-0.7715308666229248,-0.7766010165214539,True
1710807515,fk_qslstm,ema,test,1000344,21,-0.41194674372673035,-0.8643926978111267,-0.8690095543861389,True
1710807515,fk_qslstm,ema,test,1000344,22,0.8199411630630493,-0.19954946637153625,-0.19694393873214722,True
1710807515,fk_qslstm,ema,test,1000344,23,-0.561312198638916,-0.49642691016197205,-0.4940311908721924,True
1710807515,fk_qslstm,ema,test,1000344,24,0.5404939651489258,-0.07284516096115112,-0.07385432720184326,True
1710807515,fk_qslstm,ema,test,1000344,25,-0.9041253328323364,-0.6007513403892517,-0.6013737320899963,True
1710807515,fk_qslstm,ema,test,1000344,26,-0.9229389429092407,-1.0343644618988037,-1.0388574600219727,True
1710807515,fk_qslstm,ema,test,1000344,27,-0.6417950391769409,-1.2125685214996338,-1.2158527374267578,True
1710807515,fk_qslstm,ema,test,1000344,28,0.9277204871177673,-0.413422554731369,-0.4110158085823059,True
1710807515,fk_qslstm,ema,test,1000344,29,0.2025812864303589,-0.2091892808675766,-0.20854973793029785,True
1710807515,fk_qslstm,ema,test,1000344,30,0.0599563829600811,-0.13137759268283844,-0.13011682033538818,True
1710807515,fk_qslstm,ema,test,1000344,31,-0.723781168460846,-0.5393707752227783,-0.5401888489723206,True
1710807515,fk_qslstm,ema,test,1000345,0,0.12315117567777634,0.07389070838689804,0.07435496151447296,True
1710807515,fk_qslstm,ema,test,1000345,1,0.07504734396934509,0.10414096713066101,0.10524654388427734,True
1710807515,fk_qslstm,ema,test,1000345,2,0.3638128638267517,0.30160048604011536,0.2941263020038605,True
1710807515,fk_qslstm,ema,test,1000345,3,0.5784266591072083,0.5883364081382751,0.583214521408081,True
1710807515,fk_qslstm,ema,test,1000345,4,-0.4645633399486542,0.1919310986995697,0.18877102434635162,True
1710807515,fk_qslstm,ema,test,1000345,5,0.40542852878570557,0.39680200815200806,0.39228111505508423,True
1710807515,fk_qslstm,ema,test,1000345,6,-0.9151114821434021,-0.2316252887248993,-0.22941309213638306,True
1710807515,fk_qslstm,ema,test,1000345,7,0.5956483483314514,0.17208877205848694,0.17241626977920532,True
1710807515,fk_qslstm,ema,test,1000345,8,0.6024268269538879,0.4991270899772644,0.5015202760696411,True
1710807515,fk_qslstm,ema,test,1000345,9,0.6573507189750671,0.7937120795249939,0.7998882532119751,True
1710807515,fk_qslstm,ema,test,1000345,10,-0.5139855146408081,0.32657837867736816,0.328247994184494,True
1710807515,fk_qslstm,ema,test,1000345,11,-0.3128170371055603,0.07357247918844223,0.07665236294269562,True
1710807515,fk_qslstm,ema,test,1000345,12,-0.2629060745239258,-0.0988856628537178,-0.09103554487228394,True
1710807515,fk_qslstm,ema,test,1000345,13,0.1500280797481537,0.01090831309556961,0.017842650413513184,True
1710807515,fk_qslstm,ema,test,1000345,14,0.7861828804016113,0.48043638467788696,0.4862472116947174,True
1710807515,fk_qslstm,ema,test,1000345,15,0.4350149631500244,0.6453580856323242,0.6497670412063599,True
1710807515,fk_qslstm,ema,test,1000345,16,-0.3877311646938324,0.2836477756500244,0.2853061258792877,True
1710807515,fk_qslstm,ema,test,1000345,17,-0.192399263381958,0.11147865653038025,0.1146828681230545,True
1710807515,fk_qslstm,ema,test,1000345,18,0.39830175042152405,0.3281639814376831,0.33002984523773193,True
1710807515,fk_qslstm,ema,test,1000345,19,-0.19626498222351074,0.14477220177650452,0.15005657076835632,True
1710807515,fk_qslstm,ema,test,1000345,20,-0.14518393576145172,0.028707394376397133,0.03616821765899658,True
1710807515,fk_qslstm,ema,test,1000345,21,0.1913699507713318,0.13778789341449738,0.14346067607402802,True
1710807515,fk_qslstm,ema,test,1000345,22,0.5578991770744324,0.4449698328971863,0.44937998056411743,True
1710807515,fk_qslstm,ema,test,1000345,23,0.033946484327316284,0.3763437569141388,0.3796832263469696,True
1710807515,fk_qslstm,ema,test,1000345,24,0.7277396321296692,0.7377187609672546,0.7446926832199097,True
1710807515,fk_qslstm,ema,test,1000345,25,-0.3637126386165619,0.37194743752479553,0.37542733550071716,True
1710807515,fk_qslstm,ema,test,1000345,26,-0.3143071234226227,0.1089736819267273,0.11328849196434021,True
1710807515,fk_qslstm,ema,test,1000345,27,0.3119296431541443,0.27433672547340393,0.2770931124687195,True
1710807515,fk_qslstm,ema,test,1000345,28,-0.25623980164527893,0.06572549790143967,0.07279182970523834,True
1710807515,fk_qslstm,ema,test,1000345,29,-0.44155263900756836,-0.21235118806362152,-0.20333951711654663,True
1710807515,fk_qslstm,ema,test,1000345,30,0.18498143553733826,-0.058892082422971725,-0.05190548300743103,True
1710807515,fk_qslstm,ema,test,1000345,31,0.13719727098941803,0.0352046974003315,0.04072815179824829,True
1710807515,fk_qslstm,ema,test,1000346,0,0.7314354777336121,0.43886128067970276,0.43552184104919434,True
1710807515,fk_qslstm,ema,test,1000346,1,-0.9317545294761658,-0.20796367526054382,-0.18716037273406982,True
1710807515,fk_qslstm,ema,test,1000346,2,0.6442849636077881,0.22020003199577332,0.22490215301513672,True
1710807515,fk_qslstm,ema,test,1000346,3,-0.8152596950531006,-0.3129957914352417,-0.3069121837615967,True
1710807515,fk_qslstm,ema,test,1000346,4,-0.8754428029060364,-0.7756623029708862,-0.7777860760688782,True
1710807515,fk_qslstm,ema,test,1000346,5,0.37058570981025696,-0.3981783986091614,-0.3966904282569885,True
1710807515,fk_qslstm,ema,test,1000346,6,0.9186204671859741,0.23262953758239746,0.2291436791419983,True
1710807515,fk_qslstm,ema,test,1000346,7,-0.8363733291625977,-0.3157203495502472,-0.3162009119987488,True
1710807515,fk_qslstm,ema,test,1000346,8,0.4122715890407562,-0.005213335156440735,-0.010236799716949463,True
1710807515,fk_qslstm,ema,test,1000346,9,0.09264882653951645,0.05141862854361534,0.04831993579864502,True
1710807515,fk_qslstm,ema,test,1000346,10,-0.6182252168655396,-0.32980024814605713,-0.3317822217941284,True
1710807515,fk_qslstm,ema,test,1000346,11,0.6633946895599365,0.13419660925865173,0.13015876710414886,True
1710807515,fk_qslstm,ema,test,1000346,12,0.18213559687137604,0.21663865447044373,0.21290743350982666,True
1710807515,fk_qslstm,ema,test,1000346,13,-0.9545275568962097,-0.3994055986404419,-0.39908409118652344,True
1710807515,fk_qslstm,ema,test,1000346,14,0.3495402932167053,-0.1098003089427948,-0.11066120862960815,True
1710807515,fk_qslstm,ema,test,1000346,15,0.909518837928772,0.45787107944488525,0.4550871253013611,True
1710807515,fk_qslstm,ema,test,1000346,16,-0.3719027638435364,0.14315520226955414,0.14188720285892487,True
1710807515,fk_qslstm,ema,test,1000346,17,0.8696166276931763,0.6362941265106201,0.6347470879554749,True
1710807515,fk_qslstm,ema,test,1000346,18,-0.8277665376663208,0.012375393882393837,0.011794030666351318,True
1710807515,fk_qslstm,ema,test,1000346,19,0.02539246156811714,0.025135792791843414,0.02337193489074707,True
1710807515,fk_qslstm,ema,test,1000346,20,0.7503459453582764,0.47031620144844055,0.46980607509613037,True
1710807515,fk_qslstm,ema,test,1000346,21,-0.018114516511559486,0.3653842508792877,0.3646441102027893,True
1710807515,fk_qslstm,ema,test,1000346,22,-0.8151912093162537,-0.19680732488632202,-0.19669634103775024,True
1710807515,fk_qslstm,ema,test,1000346,23,-0.2919839322566986,-0.3326362371444702,-0.32940107583999634,True
1710807515,fk_qslstm,ema,test,1000346,24,-0.4003928005695343,-0.5063446760177612,-0.5005303025245667,True
1710807515,fk_qslstm,ema,test,1000346,25,0.7670616507530212,0.0551612414419651,0.05977809429168701,True
1710807515,fk_qslstm,ema,test,1000346,26,-0.21735996007919312,-0.0862869843840599,-0.07838594913482666,True
1710807515,fk_qslstm,ema,test,1000346,27,-0.9004406332969666,-0.6092939972877502,-0.6058122515678406,True
1710807515,fk_qslstm,ema,test,1000346,28,0.3739680051803589,-0.26305437088012695,-0.2602235674858093,True
1710807515,fk_qslstm,ema,test,1000346,29,0.11775579303503036,-0.13979002833366394,-0.137588769197464,True
1710807515,fk_qslstm,ema,test,1000346,30,0.12882937490940094,-0.03453440219163895,-0.034564822912216187,True
1710807515,fk_qslstm,ema,test,1000346,31,0.19689348340034485,0.09050856530666351,0.08808532357215881,True
1710807515,fk_qslstm,ema,test,1000347,0,0.8020080327987671,0.4812048077583313,0.47566482424736023,True
1710807515,fk_qslstm,ema,test,1000347,1,-0.760991632938385,-0.07163114845752716,-0.05761456489562988,True
1710807515,fk_qslstm,ema,test,1000347,2,0.27373844385147095,0.10693813860416412,0.10611617565155029,True
1710807515,fk_qslstm,ema,test,1000347,3,-0.9615095853805542,-0.4913552403450012,-0.4892609119415283,True
1710807515,fk_qslstm,ema,test,1000347,4,-0.7907283902168274,-0.8675212264060974,-0.8728349804878235,True
1710807515,fk_qslstm,ema,test,1000347,5,-0.75432950258255,-1.146614670753479,-1.1516504287719727,True
1710807515,fk_qslstm,ema,test,1000347,6,0.041960254311561584,-0.892115592956543,-0.8986671566963196,True
1710807515,fk_qslstm,ema,test,1000347,7,0.1575079709291458,-0.6191876530647278,-0.6243908405303955,True
1710807515,fk_qslstm,ema,test,1000347,8,-0.2673138380050659,-0.6557384729385376,-0.6594375967979431,True
1710807515,fk_qslstm,ema,test,1000347,9,0.3914916515350342,-0.28969576954841614,-0.29087960720062256,True
1710807515,fk_qslstm,ema,test,1000347,10,-0.026742836460471153,-0.24780231714248657,-0.2467384934425354,True
1710807515,fk_qslstm,ema,test,1000347,11,0.08294657617807388,-0.14847390353679657,-0.14816731214523315,True
1710807515,fk_qslstm,ema,test,1000347,12,0.6680575013160706,0.2820553481578827,0.27923333644866943,True
1710807515,fk_qslstm,ema,test,1000347,13,0.3079216778278351,0.4103972911834717,0.4059504568576813,True
1710807515,fk_qslstm,ema,test,1000347,14,0.5517434477806091,0.6593639254570007,0.6567409634590149,True
1710807515,fk_qslstm,ema,test,1000347,15,-0.6739487051963806,0.12312190979719162,0.1196674108505249,True
1710807515,fk_qslstm,ema,test,1000347,16,-0.5202691555023193,-0.2136639505624771,-0.2156183123588562,True
1710807515,fk_qslstm,ema,test,1000347,17,0.7735075950622559,0.2931733727455139,0.2911073565483093,True
1710807515,fk_qslstm,ema,test,1000347,18,0.40243226289749146,0.47599807381629944,0.4740397334098816,True
1710807515,fk_qslstm,ema,test,1000347,19,-0.6412611603736877,-0.003958235029131174,-0.005177110433578491,True
1710807515,fk_qslstm,ema,test,1000347,20,-0.691990852355957,-0.418361097574234,-0.42158806324005127,True
1710807515,fk_qslstm,ema,test,1000347,21,-0.2994217574596405,-0.5143419504165649,-0.5138046741485596,True
1710807515,fk_qslstm,ema,test,1000347,22,0.1133003756403923,-0.3434933125972748,-0.34065741300582886,True
1710807515,fk_qslstm,ema,test,1000347,23,0.20756152272224426,-0.15025773644447327,-0.14955461025238037,True
1710807515,fk_qslstm,ema,test,1000347,24,0.36979731917381287,0.10167219489812851,0.09775617718696594,True
1710807515,fk_qslstm,ema,test,1000347,25,-0.040699753910303116,0.05691790208220482,0.05457092821598053,True
1710807515,fk_qslstm,ema,test,1000347,26,-0.8883835077285767,-0.4874957799911499,-0.4899134039878845,True
1710807515,fk_qslstm,ema,test,1000347,27,-0.6444050669670105,-0.7766396403312683,-0.7835577130317688,True
1710807515,fk_qslstm,ema,test,1000347,28,0.5784597396850586,-0.27423587441444397,-0.2749221920967102,True
1710807515,fk_qslstm,ema,test,1000347,29,-0.03867587819695473,-0.24259422719478607,-0.2411826252937317,True
1710807515,fk_qslstm,ema,test,1000347,30,0.4463393986225128,0.07372826337814331,0.07021817564964294,True
1710807515,fk_qslstm,ema,test,1000347,31,0.12566716969013214,0.1343829184770584,0.1305200755596161,True
1710807515,fk_qslstm,ema,test,1000348,0,-0.8722096681594849,-0.5233258008956909,-0.5140977501869202,True
1710807515,fk_qslstm,ema,test,1000348,1,0.6900730729103088,-0.004616776946932077,-0.006083786487579346,True
1710807515,fk_qslstm,ema,test,1000348,2,0.6658810973167419,0.3958352506160736,0.39187008142471313,True
1710807515,fk_qslstm,ema,test,1000348,3,0.9050662517547607,0.8597079515457153,0.8597570061683655,True
1710807515,fk_qslstm,ema,test,1000348,4,0.15009132027626038,0.7778211236000061,0.7760759592056274,True
1710807515,fk_qslstm,ema,test,1000348,5,0.285330206155777,0.7934550046920776,0.7925703525543213,True
1710807515,fk_qslstm,ema,test,1000348,6,0.8169330954551697,1.124923825263977,1.1290278434753418,True
1710807515,fk_qslstm,ema,test,1000348,7,-0.36769890785217285,0.6793197393417358,0.6797799468040466,True
1710807515,fk_qslstm,ema,test,1000348,8,-0.4875749945640564,0.25091081857681274,0.24836388230323792,True
1710807515,fk_qslstm,ema,test,1000348,9,0.7232662439346313,0.6346883773803711,0.6360601186752319,True
1710807515,fk_qslstm,ema,test,1000348,10,0.544256329536438,0.8343045115470886,0.839350700378418,True
1710807515,fk_qslstm,ema,test,1000348,11,0.8898801803588867,1.201371669769287,1.2056294679641724,True
1710807515,fk_qslstm,ema,test,1000348,12,-0.24025548994541168,0.8169440627098083,0.8187555074691772,True
1710807515,fk_qslstm,ema,test,1000348,13,0.27823406457901,0.8204957246780396,0.8224714398384094,True
1710807515,fk_qslstm,ema,test,1000348,14,-0.10112977772951126,0.5957186818122864,0.5930885076522827,True
1710807515,fk_qslstm,ema,test,1000348,15,-0.8664146661758423,-0.04327383637428284,-0.04564628005027771,True
1710807515,fk_qslstm,ema,test,1000348,16,-0.49001964926719666,-0.32863086462020874,-0.32871514558792114,True
1710807515,fk_qslstm,ema,test,1000348,17,-0.9081769585609436,-0.80781090259552,-0.8099650740623474,True
1710807515,fk_qslstm,ema,test,1000348,18,0.049913421273231506,-0.616300642490387,-0.6148858070373535,True
1710807515,fk_qslstm,ema,test,1000348,19,-0.13509930670261383,-0.5741000771522522,-0.5707255005836487,True
1710807515,fk_qslstm,ema,test,1000348,20,-0.3491189181804657,-0.6687514185905457,-0.6660796999931335,True
1710807515,fk_qslstm,ema,test,1000348,21,-0.8837483525276184,-1.0652501583099365,-1.0648119449615479,True
1710807515,fk_qslstm,ema,test,1000348,22,0.09954352676868439,-0.7924740314483643,-0.7934690117835999,True
1710807515,fk_qslstm,ema,test,1000348,23,-0.6222689747810364,-1.0073405504226685,-1.013951301574707,True
1710807515,fk_qslstm,ema,test,1000348,24,0.31966128945350647,-0.6140757203102112,-0.6182652115821838,True
1710807515,fk_qslstm,ema,test,1000348,25,0.44519054889678955,-0.22414621710777283,-0.22807854413986206,True
1710807515,fk_qslstm,ema,test,1000348,26,-0.39122453331947327,-0.41405168175697327,-0.4153934717178345,True
1710807515,fk_qslstm,ema,test,1000348,27,-0.9579817652702332,-0.9060304164886475,-0.9102047085762024,True
1710807515,fk_qslstm,ema,test,1000348,28,0.4100906252861023,-0.4787699580192566,-0.47850024700164795,True
1710807515,fk_qslstm,ema,test,1000348,29,-0.09449171274900436,-0.43971097469329834,-0.43783408403396606,True
1710807515,fk_qslstm,ema,test,1000348,30,0.1491450071334839,-0.26228177547454834,-0.2615396976470947,True
1710807515,fk_qslstm,ema,test,1000348,31,0.6104676723480225,0.1564551591873169,0.15352919697761536,True
1710807515,fk_qslstm,ema,test,1000349,0,0.5701715350151062,0.34210291504859924,0.3413313925266266,True
1710807515,fk_qslstm,ema,test,1000349,1,-0.19496525824069977,0.1567031741142273,0.16848790645599365,True
1710807515,fk_qslstm,ema,test,1000349,2,-0.18061575293540955,0.016993088647723198,0.022588908672332764,True
1710807515,fk_qslstm,ema,test,1000349,3,0.6035387516021729,0.3757176995277405,0.377259224653244,True
1710807515,fk_qslstm,ema,test,1000349,4,0.8845977187156677,0.831332802772522,0.8374699950218201,True
1710807515,fk_qslstm,ema,test,1000349,5,-0.3803928792476654,0.4368305206298828,0.43573683500289917,True
1710807515,fk_qslstm,ema,test,1000349,6,0.11230967938899994,0.416850209236145,0.41265907883644104,True
1710807515,fk_qslstm,ema,test,1000349,7,-0.2417401224374771,0.1884361058473587,0.1877114325761795,True
1710807515,fk_qslstm,ema,test,1000349,8,-0.2505611181259155,0.00041220569983124733,0.003911346197128296,True
1710807515,fk_qslstm,ema,test,1000349,9,-0.43224993348121643,-0.25902020931243896,-0.25225764513015747,True
1710807515,fk_qslstm,ema,test,1000349,10,0.21931539475917816,-0.0756269246339798,-0.07082605361938477,True
1710807515,fk_qslstm,ema,test,1000349,11,-0.963108479976654,-0.6383666396141052,-0.6331785917282104,True
1710807515,fk_qslstm,ema,test,1000349,12,-0.6298560500144958,-0.8886069655418396,-0.8895360827445984,True
1710807515,fk_qslstm,ema,test,1000349,13,-0.5800678133964539,-1.0589262247085571,-1.061753511428833,True
1710807515,fk_qslstm,ema,test,1000349,14,0.5687999129295349,-0.5058610439300537,-0.502139151096344,True
1710807515,fk_qslstm,ema,test,1000349,15,-0.7090444564819336,-0.8301154971122742,-0.8332894444465637,True
1710807515,fk_qslstm,ema,test,1000349,16,0.008760952390730381,-0.6588358283042908,-0.6618607640266418,True
1710807515,fk_qslstm,ema,test,1000349,17,-0.5112413763999939,-0.833813488483429,-0.8388425707817078,True
1710807515,fk_qslstm,ema,test,1000349,18,0.05634079873561859,-0.6332463026046753,-0.6357777714729309,True
1710807515,fk_qslstm,ema,test,1000349,19,-0.9715379476547241,-1.0895198583602905,-1.090402364730835,True
1710807515,fk_qslstm,ema,test,1000349,20,-0.32782137393951416,-1.068308711051941,-1.0724310874938965,True
1710807515,fk_qslstm,ema,test,1000349,21,-0.5786021947860718,-1.201808214187622,-1.2073025703430176,True
1710807515,fk_qslstm,ema,test,1000349,22,-0.9087800979614258,-1.5067147016525269,-1.486893892288208,True
1710807515,fk_qslstm,ema,test,1000349,23,-0.5367320775985718,-1.5274109840393066,-1.508591651916504,True
1710807515,fk_qslstm,ema,test,1000349,24,0.8187730312347412,-0.7306649684906006,-0.7373095154762268,True
1710807515,fk_qslstm,ema,test,1000349,25,0.6739872097969055,-0.1801396608352661,-0.1834888458251953,True
1710807515,fk_qslstm,ema,test,1000349,26,0.1792648434638977,-0.03655282035470009,-0.032747358083724976,True
1710807515,fk_qslstm,ema,test,1000349,27,0.7491545081138611,0.42025044560432434,0.42496293783187866,True
1710807515,fk_qslstm,ema,test,1000349,28,-0.44027936458587646,0.07203274965286255,0.08240097761154175,True
1710807515,fk_qslstm,ema,test,1000349,29,0.2432839423418045,0.2035965621471405,0.21130621433258057,True
1710807515,fk_qslstm,ema,test,1000349,30,0.41176217794418335,0.4099345803260803,0.41710296273231506,True
1710807515,fk_qslstm,ema,test,1000349,31,-0.6799989938735962,-0.0800517350435257,-0.07156351208686829,True
1710807515,fk_qslstm,ema,test,1000350,0,-0.5111998915672302,-0.30671995878219604,-0.30435746908187866,True
1710807515,fk_qslstm,ema,test,1000350,1,0.9778658151626587,0.34134355187416077,0.32671552896499634,True
1710807515,fk_qslstm,ema,test,1000350,2,-0.4866158664226532,-0.01889469102025032,-0.02682894468307495,True
1710807515,fk_qslstm,ema,test,1000350,3,0.72592693567276,0.4204404056072235,0.4106789231300354,True
1710807515,fk_qslstm,ema,test,1000350,4,0.04888616129755974,0.36568400263786316,0.35951802134513855,True
1710807515,fk_qslstm,ema,test,1000350,5,0.21565794944763184,0.42194196581840515,0.4162127673625946,True
1710807515,fk_qslstm,ema,test,1000350,6,0.43946996331214905,0.601235568523407,0.5982033014297485,True
1710807515,fk_qslstm,ema,test,1000350,7,0.4308127462863922,0.7394760847091675,0.739311695098877,True
1710807515,fk_qslstm,ema,test,1000350,8,0.9072227478027344,1.1359145641326904,1.139135479927063,True
1710807515,fk_qslstm,ema,test,1000350,9,0.8522936701774597,1.4201078414916992,1.4055309295654297,True
1710807515,fk_qslstm,ema,test,1000350,10,0.7284099459648132,1.5731321573257446,1.5341312885284424,True
1710807515,fk_qslstm,ema,test,1000350,11,-0.8348110318183899,0.7576191425323486,0.7726722955703735,True
1710807515,fk_qslstm,ema,test,1000350,12,0.3072878420352936,0.7904680371284485,0.8123732209205627,True
1710807515,fk_qslstm,ema,test,1000350,13,0.878248929977417,1.159323811531067,1.1801700592041016,True
1710807515,fk_qslstm,ema,test,1000350,14,0.42387306690216064,1.181782841682434,1.195205807685852,True
1710807515,fk_qslstm,ema,test,1000350,15,0.5730991959571838,1.2892857789993286,1.2979916334152222,True
1710807515,fk_qslstm,ema,test,1000350,16,0.42712077498435974,1.28770112991333,1.295206069946289,True
1710807515,fk_qslstm,ema,test,1000350,17,0.0486646331846714,1.0593596696853638,1.0717456340789795,True
1710807515,fk_qslstm,ema,test,1000350,18,0.6805766224861145,1.2558337450027466,1.2682877779006958,True
1710807515,fk_qslstm,ema,test,1000350,19,0.7304566502571106,1.4429409503936768,1.4377069473266602,True
1710807515,fk_qslstm,ema,test,1000350,20,-0.7395694255828857,0.71061110496521,0.7222838401794434,True
1710807515,fk_qslstm,ema,test,1000350,21,0.6336870193481445,0.9487010836601257,0.9678543210029602,True
1710807515,fk_qslstm,ema,test,1000350,22,-0.19548191130161285,0.6416717171669006,0.6459554433822632,True
1710807515,fk_qslstm,ema,test,1000350,23,0.7748263478279114,0.9782331585884094,0.9861722588539124,True
1710807515,fk_qslstm,ema,test,1000350,24,0.537384569644928,1.1050173044204712,1.1113529205322266,True
1710807515,fk_qslstm,ema,test,1000350,25,0.11265307664871216,0.9516056776046753,0.9544211626052856,True
1710807515,fk_qslstm,ema,test,1000350,26,-0.05554763227701187,0.7279559373855591,0.7251021862030029,True
1710807515,fk_qslstm,ema,test,1000350,27,-0.5244735479354858,0.26768064498901367,0.2585274875164032,True
1710807515,fk_qslstm,ema,test,1000350,28,-0.30084195733070374,0.033639341592788696,0.02745264768600464,True
1710807515,fk_qslstm,ema,test,1000350,29,-0.8178471326828003,-0.46379679441452026,-0.46926456689834595,True
1710807515,fk_qslstm,ema,test,1000350,30,0.6595277190208435,0.02467920072376728,0.020092368125915527,True
1710807515,fk_qslstm,ema,test,1000350,31,-0.23472177982330322,-0.12108970433473587,-0.11976069211959839,True
1710807515,fk_qslstm,ema,test,1000351,0,0.2165621966123581,0.1299373209476471,0.13011127710342407,True
1710807515,fk_qslstm,ema,test,1000351,1,-0.6509773135185242,-0.2866365313529968,-0.278766930103302,True
1710807515,fk_qslstm,ema,test,1000351,2,-0.237272247672081,-0.3716725707054138,-0.37137478590011597,True
1710807515,fk_qslstm,ema,test,1000351,3,-0.9789012670516968,-0.8846787810325623,-0.8860340714454651,True
1710807515,fk_qslstm,ema,test,1000351,4,-0.25067511200904846,-0.8581480979919434,-0.859907329082489,True
1710807515,fk_qslstm,ema,test,1000351,5,0.6625413298606873,-0.2889936864376068,-0.28317588567733765,True
1710807515,fk_qslstm,ema,test,1000351,6,0.5193029642105103,0.08038685470819473,0.08245298266410828,True
1710807515,fk_qslstm,ema,test,1000351,7,0.4307486116886139,0.32275864481925964,0.3214114308357239,True
1710807515,fk_qslstm,ema,test,1000351,8,-0.23232966661453247,0.11880912631750107,0.12092716991901398,True
1710807515,fk_qslstm,ema,test,1000351,9,0.4773068428039551,0.3814314007759094,0.38124287128448486,True
1710807515,fk_qslstm,ema,test,1000351,10,-0.07465280592441559,0.2603534460067749,0.2624768018722534,True
1710807515,fk_qslstm,ema,test,1000351,11,-0.9352937340736389,-0.3528934717178345,-0.3478472828865051,True
1710807515,fk_qslstm,ema,test,1000351,12,-0.5382840037345886,-0.6052851676940918,-0.6021788716316223,True
1710807515,fk_qslstm,ema,test,1000351,13,-0.6373567581176758,-0.8666422367095947,-0.8665812611579895,True
1710807515,fk_qslstm,ema,test,1000351,14,-0.05610578879714012,-0.7269772291183472,-0.7244886755943298,True
1710807515,fk_qslstm,ema,test,1000351,15,0.11395804584026337,-0.513206958770752,-0.5093884468078613,True
1710807515,fk_qslstm,ema,test,1000351,16,0.12293769419193268,-0.33680295944213867,-0.33393996953964233,True
1710807515,fk_qslstm,ema,test,1000351,17,0.5364390015602112,0.05242104083299637,0.05080646276473999,True
1710807515,fk_qslstm,ema,test,1000351,18,0.12280326336622238,0.11561878770589828,0.11303263902664185,True
1710807515,fk_qslstm,ema,test,1000351,19,-0.05368851497769356,0.06028192490339279,0.05905464291572571,True
1710807515,fk_qslstm,ema,test,1000351,20,-0.7772297859191895,-0.4181123375892639,-0.4198834300041199,True
1710807515,fk_qslstm,ema,test,1000351,21,0.8613427877426147,0.18231581151485443,0.17831148207187653,True
1710807515,fk_qslstm,ema,test,1000351,22,-0.36111006140708923,-0.07081339508295059,-0.06886479258537292,True
1710807515,fk_qslstm,ema,test,1000351,23,0.3196338415145874,0.13512960076332092,0.1320798099040985,True
1710807515,fk_qslstm,ema,test,1000351,24,-0.7023343443870544,-0.31329694390296936,-0.3145805597305298,True
1710807515,fk_qslstm,ema,test,1000351,25,0.9648116230964661,0.32824942469596863,0.3205249309539795,True
1710807515,fk_qslstm,ema,test,1000351,26,-0.34375137090682983,0.05634872615337372,0.053354233503341675,True
1710807515,fk_qslstm,ema,test,1000351,27,0.7034481167793274,0.4671478569507599,0.4620823264122009,True
1710807515,fk_qslstm,ema,test,1000351,28,-0.31553202867507935,0.1843990683555603,0.18208837509155273,True
1710807515,fk_qslstm,ema,test,1000351,29,0.03591799736022949,0.1690700501203537,0.16636446118354797,True
1710807515,fk_qslstm,ema,test,1000351,30,-0.32680341601371765,-0.06082601472735405,-0.05842968821525574,True
1710807515,fk_qslstm,ema,test,1000351,31,0.5239008665084839,0.2656797170639038,0.26525500416755676,True
1710807515,fk_qslstm,ema,test,1000352,0,-0.6649951934814453,-0.39899712800979614,-0.39561551809310913,True
1710807515,fk_qslstm,ema,test,1000352,1,0.9828228950500488,0.27049604058265686,0.25690075755119324,True
1710807515,fk_qslstm,ema,test,1000352,2,-0.4405081272125244,-0.04790802672505379,-0.05347245931625366,True
1710807515,fk_qslstm,ema,test,1000352,3,-0.18864332139492035,-0.15151241421699524,-0.1535446047782898,True
1710807515,fk_qslstm,ema,test,1000352,4,0.9111692905426025,0.4254916310310364,0.42159441113471985,True
1710807515,fk_qslstm,ema,test,1000352,5,-0.6350493431091309,-0.04063628986477852,-0.04145479202270508,True
1710807515,fk_qslstm,ema,test,1000352,6,0.40993523597717285,0.21345210075378418,0.20818421244621277,True
1710807515,fk_qslstm,ema,test,1000352,7,-0.24126747250556946,0.026001203805208206,0.026897162199020386,True
1710807515,fk_qslstm,ema,test,1000352,8,-0.07468744367361069,-0.024011503905057907,-0.021060168743133545,True
1710807515,fk_qslstm,ema,test,1000352,9,0.9294865131378174,0.5384827256202698,0.5394426584243774,True
1710807515,fk_qslstm,ema,test,1000352,10,0.47615277767181396,0.7164778113365173,0.717072069644928,True
1710807515,fk_qslstm,ema,test,1000352,11,0.6508498787879944,0.9636921882629395,0.9682724475860596,True
1710807515,fk_qslstm,ema,test,1000352,12,-0.8578745722770691,0.256229043006897,0.2584041655063629,True
1710807515,fk_qslstm,ema,test,1000352,13,-0.9302290678024292,-0.3531542420387268,-0.35093212127685547,True
1710807515,fk_qslstm,ema,test,1000352,14,-0.1205768957734108,-0.3548695147037506,-0.34797364473342896,True
1710807515,fk_qslstm,ema,test,1000352,15,-0.6055715084075928,-0.6472384929656982,-0.642094612121582,True
1710807515,fk_qslstm,ema,test,1000352,16,-0.11003512889146805,-0.58381187915802,-0.5774639844894409,True
1710807515,fk_qslstm,ema,test,1000352,17,-0.4085523784160614,-0.7121809124946594,-0.7071515917778015,True
1710807515,fk_qslstm,ema,test,1000352,18,0.844929039478302,-0.06278733164072037,-0.05720412731170654,True
1710807515,fk_qslstm,ema,test,1000352,19,0.8846083879470825,0.4805351495742798,0.4819059371948242,True
1710807515,fk_qslstm,ema,test,1000352,20,-0.6096187233924866,0.01865689642727375,0.018613100051879883,True
1710807515,fk_qslstm,ema,test,1000352,21,0.5187748074531555,0.32619041204452515,0.3207947909832001,True
1710807515,fk_qslstm,ema,test,1000352,22,0.4919995665550232,0.5561520457267761,0.5524475574493408,True
1710807515,fk_qslstm,ema,test,1000352,23,0.6966445446014404,0.8629083633422852,0.8649590611457825,True
1710807515,fk_qslstm,ema,test,1000352,24,0.1049734354019165,0.7533107995986938,0.7524108290672302,True
1710807515,fk_qslstm,ema,test,1000352,25,0.46944889426231384,0.8843179941177368,0.8861188888549805,True
1710807515,fk_qslstm,ema,test,1000352,26,-0.9585350155830383,0.13233335316181183,0.13829538226127625,True
1710807515,fk_qslstm,ema,test,1000352,27,-0.6328321099281311,-0.2738325893878937,-0.26861029863357544,True
1710807515,fk_qslstm,ema,test,1000352,28,0.8956224322319031,0.31830736994743347,0.32153770327568054,True
1710807515,fk_qslstm,ema,test,1000352,29,0.3381500840187073,0.4575359523296356,0.45962005853652954,True
1710807515,fk_qslstm,ema,test,1000352,30,0.4864254593849182,0.6578840613365173,0.6601150035858154,True
1710807515,fk_qslstm,ema,test,1000352,31,-0.7879101634025574,0.05356115475296974,0.05543704330921173,True
1710807515,fk_qslstm,ema,test,1000353,0,-0.19424740970134735,-0.11654844880104065,-0.11468249559402466,True
1710807515,fk_qslstm,ema,test,1000353,1,0.6328427195549011,0.2864668667316437,0.2789554297924042,True
1710807515,fk_qslstm,ema,test,1000353,2,0.9285855889320374,0.7863248586654663,0.7771933078765869,True
1710807515,fk_qslstm,ema,test,1000353,3,0.24017417430877686,0.7731643915176392,0.7634903192520142,True
1710807515,fk_qslstm,ema,test,1000353,4,0.04017625376582146,0.6426372528076172,0.63270103931427,True
1710807515,fk_qslstm,ema,test,1000353,5,0.5872288346290588,0.8664470911026001,0.8634839653968811,True
1710807515,fk_qslstm,ema,test,1000353,6,-0.2366587370634079,0.5511624217033386,0.546417772769928,True
1710807515,fk_qslstm,ema,test,1000353,7,0.2327636182308197,0.580588161945343,0.5761655569076538,True
1710807515,fk_qslstm,ema,test,1000353,8,0.8249325156211853,0.9594300389289856,0.963718831539154,True
1710807515,fk_qslstm,ema,test,1000353,9,-0.6792716979980469,0.3599810302257538,0.3586544096469879,True
1710807515,fk_qslstm,ema,test,1000353,10,-0.9360945820808411,-0.2736719250679016,-0.27316999435424805,True
1710807515,fk_qslstm,ema,test,1000353,11,-0.7583639025688171,-0.6739559173583984,-0.6769585609436035,True
1710807515,fk_qslstm,ema,test,1000353,12,-0.16681578755378723,-0.6392542123794556,-0.6373017430305481,True
1710807515,fk_qslstm,ema,test,1000353,13,0.6931909322738647,-0.09548880159854889,-0.09044653177261353,True
1710807515,fk_qslstm,ema,test,1000353,14,-0.3618503212928772,-0.29350122809410095,-0.2854061722755432,True
1710807515,fk_qslstm,ema,test,1000353,15,0.7910807728767395,0.23984749615192413,0.2422151267528534,True
1710807515,fk_qslstm,ema,test,1000353,16,0.6916084289550781,0.6068430542945862,0.6103053689002991,True
1710807515,fk_qslstm,ema,test,1000353,17,-0.6980012655258179,0.0666736513376236,0.06772784888744354,True
1710807515,fk_qslstm,ema,test,1000353,18,-0.6118366122245789,-0.3137630522251129,-0.3147081732749939,True
1710807515,fk_qslstm,ema,test,1000353,19,-0.5424791574478149,-0.5764979720115662,-0.5777154564857483,True
1710807515,fk_qslstm,ema,test,1000353,20,-0.48729586601257324,-0.75357586145401,-0.7553078532218933,True
1710807515,fk_qslstm,ema,test,1000353,21,0.4364472031593323,-0.34099239110946655,-0.3398156762123108,True
1710807515,fk_qslstm,ema,test,1000353,22,0.5715327858924866,0.0701257735490799,0.0671854019165039,True
1710807515,fk_qslstm,ema,test,1000353,23,-0.3376580476760864,-0.14649420976638794,-0.1457647979259491,True
1710807515,fk_qslstm,ema,test,1000353,24,0.3925621807575226,0.11834194511175156,0.11413668096065521,True
1710807515,fk_qslstm,ema,test,1000353,25,0.10546907037496567,0.15795499086380005,0.15419092774391174,True
1710807515,fk_qslstm,ema,test,1000353,26,-0.9873628616333008,-0.46605372428894043,-0.465074360370636,True
1710807515,fk_qslstm,ema,test,1000353,27,0.602418839931488,-0.011391686275601387,-0.010656803846359253,True
1710807515,fk_qslstm,ema,test,1000353,28,-0.3616201877593994,-0.22608545422554016,-0.21975362300872803,True
1710807515,fk_qslstm,ema,test,1000353,29,-0.14591236412525177,-0.26841577887535095,-0.26138508319854736,True
1710807515,fk_qslstm,ema,test,1000353,30,0.2736474871635437,-0.050544124096632004,-0.046815723180770874,True
1710807515,fk_qslstm,ema,test,1000353,31,0.12952189147472382,0.037277840077877045,0.03912457823753357,True
1710807515,fk_qslstm,ema,test,1000354,0,0.3424672782421112,0.20548036694526672,0.20544973015785217,True
1710807515,fk_qslstm,ema,test,1000354,1,0.7952946424484253,0.6415610909461975,0.6441446542739868,True
1710807515,fk_qslstm,ema,test,1000354,2,0.7159784436225891,0.9428359270095825,0.9449790120124817,True
1710807515,fk_qslstm,ema,test,1000354,3,-0.9253101944923401,0.1990826576948166,0.20313993096351624,True
1710807515,fk_qslstm,ema,test,1000354,4,-0.5762786269187927,-0.18650104105472565,-0.18367141485214233,True
1710807515,fk_qslstm,ema,test,1000354,5,-0.6277323365211487,-0.5258402228355408,-0.5241957306861877,True
1710807515,fk_qslstm,ema,test,1000354,6,0.931500256061554,0.13822795450687408,0.1377263367176056,True
1710807515,fk_qslstm,ema,test,1000354,7,0.6451516151428223,0.4976733326911926,0.4971102476119995,True
1710807515,fk_qslstm,ema,test,1000354,8,0.8208488821983337,0.8906480073928833,0.8948065638542175,True
1710807515,fk_qslstm,ema,test,1000354,9,0.6657959818840027,1.1119959354400635,1.1170940399169922,True
1710807515,fk_qslstm,ema,test,1000354,10,-0.04243966192007065,0.8641330003738403,0.8664939403533936,True
1710807515,fk_qslstm,ema,test,1000354,11,0.6052497625350952,1.0544562339782715,1.0614372491836548,True
1710807515,fk_qslstm,ema,test,1000354,12,0.6170795559883118,1.2138127088546753,1.219411849975586,True
1710807515,fk_qslstm,ema,test,1000354,13,-0.21519029140472412,0.8419359922409058,0.8469302654266357,True
1710807515,fk_qslstm,ema,test,1000354,14,0.02111802250146866,0.6862196326255798,0.6875197291374207,True
1710807515,fk_qslstm,ema,test,1000354,15,0.0628620833158493,0.5866929292678833,0.5842243432998657,True
1710807515,fk_qslstm,ema,test,1000354,16,-0.8684428334236145,-0.051711343228816986,-0.05345463752746582,True
1710807515,fk_qslstm,ema,test,1000354,17,-0.45899009704589844,-0.31676313281059265,-0.31623733043670654,True
1710807515,fk_qslstm,ema,test,1000354,18,0.31085652112960815,-0.06689658761024475,-0.06623464822769165,True
1710807515,fk_qslstm,ema,test,1000354,19,-0.4359181523323059,-0.31506815552711487,-0.31096911430358887,True
1710807515,fk_qslstm,ema,test,1000354,20,-0.8745328187942505,-0.7767742276191711,-0.7781652808189392,True
1710807515,fk_qslstm,ema,test,1000354,21,0.24205075204372406,-0.47618892788887024,-0.47570765018463135,True
1710807515,fk_qslstm,ema,test,1000354,22,-0.7862063646316528,-0.8526749610900879,-0.8574487566947937,True
1710807515,fk_qslstm,ema,test,1000354,23,-0.09770072251558304,-0.7407603859901428,-0.7455165982246399,True
1710807515,fk_qslstm,ema,test,1000354,24,-0.17769362032413483,-0.6992244720458984,-0.7021382451057434,True
1710807515,fk_qslstm,ema,test,1000354,25,0.3484884798526764,-0.3502865135669708,-0.3517884612083435,True
1710807515,fk_qslstm,ema,test,1000354,26,0.9350717067718506,0.2808138132095337,0.273221880197525,True
1710807515,fk_qslstm,ema,test,1000354,27,0.5572581887245178,0.5590059757232666,0.5513007640838623,True
1710807515,fk_qslstm,ema,test,1000354,28,-0.34847837686538696,0.2381177544593811,0.23125731945037842,True
1710807515,fk_qslstm,ema,test,1000354,29,-0.959051787853241,-0.3849368691444397,-0.38828688859939575,True
1710807515,fk_qslstm,ema,test,1000354,30,0.10095428675413132,-0.2473769187927246,-0.24765974283218384,True
1710807515,fk_qslstm,ema,test,1000354,31,-0.06140580773353577,-0.23474502563476562,-0.2308998703956604,True
1710807515,fk_qslstm,ema,test,1000355,0,-0.5457053184509277,-0.32742321491241455,-0.3249560594558716,True
1710807515,fk_qslstm,ema,test,1000355,1,-0.37853723764419556,-0.4890609085559845,-0.4930601716041565,True
1710807515,fk_qslstm,ema,test,1000355,2,0.11542098969221115,-0.32199612259864807,-0.3281658887863159,True
1710807515,fk_qslstm,ema,test,1000355,3,0.27562567591667175,-0.09222149848937988,-0.0967065691947937,True
1710807515,fk_qslstm,ema,test,1000355,4,-0.5003064870834351,-0.37396109104156494,-0.37486499547958374,True
1710807515,fk_qslstm,ema,test,1000355,5,0.17820397019386292,-0.19224649667739868,-0.19287711381912231,True
1710807515,fk_qslstm,ema,test,1000355,6,-0.8892854452133179,-0.6873684525489807,-0.6896819472312927,True
1710807515,fk_qslstm,ema,test,1000355,7,0.6914735436439514,-0.13501065969467163,-0.13418841361999512,True
1710807515,fk_qslstm,ema,test,1000355,8,-0.05714187026023865,-0.14229364693164825,-0.1383625566959381,True
1710807515,fk_qslstm,ema,test,1000355,9,-0.07433207333087921,-0.1584341675043106,-0.1542072296142578,True
1710807515,fk_qslstm,ema,test,1000355,10,-0.8951631784439087,-0.6638452410697937,-0.6627594828605652,True
1710807515,fk_qslstm,ema,test,1000355,11,0.12194640189409256,-0.4579083323478699,-0.45600563287734985,True
1710807515,fk_qslstm,ema,test,1000355,12,0.37151315808296204,-0.14341877400875092,-0.14347892999649048,True
1710807515,fk_qslstm,ema,test,1000355,13,-0.9643138647079468,-0.6933233141899109,-0.6937233209609985,True
1710807515,fk_qslstm,ema,test,1000355,14,-0.31291133165359497,-0.7424054741859436,-0.7440956234931946,True
1710807515,fk_qslstm,ema,test,1000355,15,0.04688791185617447,-0.5657916069030762,-0.5644412040710449,True
1710807515,fk_qslstm,ema,test,1000355,16,-0.2114281952381134,-0.5794901847839355,-0.5769094228744507,True
1710807515,fk_qslstm,ema,test,1000355,17,0.8838109970092773,0.06669441610574722,0.06705847382545471,True
1710807515,fk_qslstm,ema,test,1000355,18,-0.9308996200561523,-0.5051842331886292,-0.5017699003219604,True
1710807515,fk_qslstm,ema,test,1000355,19,-0.7718403339385986,-0.8672515749931335,-0.8727522492408752,True
1710807515,fk_qslstm,ema,test,1000355,20,-0.7953805327415466,-1.1710295677185059,-1.1753840446472168,True
1710807515,fk_qslstm,ema,test,1000355,21,0.47336557507514954,-0.6528043150901794,-0.6544362306594849,True
1710807515,fk_qslstm,ema,test,1000355,22,-0.4062928557395935,-0.7660191655158997,-0.7711294293403625,True
1710807515,fk_qslstm,ema,test,1000355,23,-0.381997674703598,-0.842013955116272,-0.8482239842414856,True
1710807515,fk_qslstm,ema,test,1000355,24,-0.3500254452228546,-0.883626401424408,-0.8887651562690735,True
1710807515,fk_qslstm,ema,test,1000355,25,0.8385802507400513,-0.2037530094385147,-0.1999773383140564,True
1710807515,fk_qslstm,ema,test,1000355,26,0.9396840929985046,0.40080803632736206,0.3987421691417694,True
1710807515,fk_qslstm,ema,test,1000355,27,0.37577641010284424,0.5461122989654541,0.5416200160980225,True
1710807515,fk_qslstm,ema,test,1000355,28,0.7418138980865479,0.8819781541824341,0.8833330273628235,True
1710807515,fk_qslstm,ema,test,1000355,29,-0.7176441550254822,0.2749960124492645,0.272079199552536,True
1710807515,fk_qslstm,ema,test,1000355,30,-0.9780899882316589,-0.3668572008609772,-0.36698490381240845,True
1710807515,fk_qslstm,ema,test,1000355,31,-0.6733865141868591,-0.6975176930427551,-0.7002268433570862,True
1710807515,fk_qslstm,ema,test,1000356,0,0.7853804230690002,0.4712282717227936,0.466280460357666,True
1710807515,fk_qslstm,ema,test,1000356,1,0.15016767382621765,0.467083215713501,0.47190776467323303,True
1710807515,fk_qslstm,ema,test,1000356,2,-0.911003828048706,-0.17293573915958405,-0.16921183466911316,True
1710807515,fk_qslstm,ema,test,1000356,3,0.0897250548005104,-0.08451355993747711,-0.08372542262077332,True
1710807515,fk_qslstm,ema,test,1000356,4,-0.3487776815891266,-0.2768774628639221,-0.2718811631202698,True
1710807515,fk_qslstm,ema,test,1000356,5,0.28068429231643677,-0.05309140309691429,-0.0514947772026062,True
1710807515,fk_qslstm,ema,test,1000356,6,-0.9649073481559753,-0.6214175224304199,-0.6187015771865845,True
1710807515,fk_qslstm,ema,test,1000356,7,0.5580807328224182,-0.16228559613227844,-0.15955114364624023,True
1710807515,fk_qslstm,ema,test,1000356,8,0.23192638158798218,0.009327352046966553,0.01015019416809082,True
1710807515,fk_qslstm,ema,test,1000356,9,-0.9589051604270935,-0.5678812265396118,-0.5663526654243469,True
1710807515,fk_qslstm,ema,test,1000356,10,0.6722022891044617,-0.05098361149430275,-0.04902416467666626,True
1710807515,fk_qslstm,ema,test,1000356,11,-0.4247073233127594,-0.29561129212379456,-0.289248526096344,True
1710807515,fk_qslstm,ema,test,1000356,12,0.8418952822685242,0.2686481177806854,0.26950252056121826,True
1710807515,fk_qslstm,ema,test,1000356,13,-0.552422821521759,-0.11653519421815872,-0.11255103349685669,True
1710807515,fk_qslstm,ema,test,1000356,14,-0.9252597689628601,-0.6483840346336365,-0.6490591764450073,True
1710807515,fk_qslstm,ema,test,1000356,15,0.33299627900123596,-0.3189094662666321,-0.3178445100784302,True
1710807515,fk_qslstm,ema,test,1000356,16,-0.28379255533218384,-0.4254031181335449,-0.4214856028556824,True
1710807515,fk_qslstm,ema,test,1000356,17,-0.9745466709136963,-0.9250504970550537,-0.9237924218177795,True
1710807515,fk_qslstm,ema,test,1000356,18,-0.777838408946991,-1.2067434787750244,-1.2048203945159912,True
1710807515,fk_qslstm,ema,test,1000356,19,-0.4860817492008209,-1.2570438385009766,-1.2571768760681152,True
1710807515,fk_qslstm,ema,test,1000356,20,-0.35737064480781555,-1.220057487487793,-1.2264800071716309,True
1710807515,fk_qslstm,ema,test,1000356,21,0.009094593115150928,-0.9705891609191895,-0.9825144410133362,True
1710807515,fk_qslstm,ema,test,1000356,22,0.7581080794334412,-0.32160651683807373,-0.32101404666900635,True
1710807515,fk_qslstm,ema,test,1000356,23,0.812556266784668,0.23024854063987732,0.23072659969329834,True
1710807515,fk_qslstm,ema,test,1000356,24,-0.7597785592079163,-0.27166831493377686,-0.2671887278556824,True
1710807515,fk_qslstm,ema,test,1000356,25,-0.5898135900497437,-0.5712228417396545,-0.570561945438385,True
1710807515,fk_qslstm,ema,test,1000356,26,0.9918460845947266,0.13812939822673798,0.13636580109596252,True
1710807515,fk_qslstm,ema,test,1000356,27,-0.011190639808773994,0.10378912836313248,0.10512116551399231,True
1710807515,fk_qslstm,ema,test,1000356,28,0.44273898005485535,0.3486746847629547,0.3463975787162781,True
1710807515,fk_qslstm,ema,test,1000356,29,0.42557355761528015,0.5342838764190674,0.5322921872138977,True
1710807515,fk_qslstm,ema,test,1000356,30,0.7437322735786438,0.873666524887085,0.8778941631317139,True
1710807515,fk_qslstm,ema,test,1000356,31,-0.8249536752700806,0.20396099984645844,0.20596474409103394,True
1710807515,fk_qslstm,ema,test,1000357,0,-0.21161237359046936,-0.1269674152135849,-0.1250467300415039,True
1710807515,fk_qslstm,ema,test,1000357,1,0.02549874037504196,-0.08627469092607498,-0.08746173977851868,True
1710807515,fk_qslstm,ema,test,1000357,2,-0.02811257168650627,-0.08588729798793793,-0.08937528729438782,True
1710807515,fk_qslstm,ema,test,1000357,3,-0.20159295201301575,-0.18966561555862427,-0.1883898675441742,True
1710807515,fk_qslstm,ema,test,1000357,4,0.31429189443588257,0.03684264421463013,0.03616756200790405,True
1710807515,fk_qslstm,ema,test,1000357,5,-0.8555391430854797,-0.4838493764400482,-0.48380643129348755,True
1710807515,fk_qslstm,ema,test,1000357,6,0.3417940139770508,-0.18200309574604034,-0.18299967050552368,True
1710807515,fk_qslstm,ema,test,1000357,7,0.08623898774385452,-0.09385908395051956,-0.09352153539657593,True
1710807515,fk_qslstm,ema,test,1000357,8,-0.26468491554260254,-0.23389822244644165,-0.23062771558761597,True
1710807515,fk_qslstm,ema,test,1000357,9,-0.5025256872177124,-0.48863399028778076,-0.48608189821243286,True
1710807515,fk_qslstm,ema,test,1000357,10,-0.7486230134963989,-0.840080976486206,-0.8430907130241394,True
1710807515,fk_qslstm,ema,test,1000357,11,-0.3895457684993744,-0.9057922959327698,-0.909708559513092,True
1710807515,fk_qslstm,ema,test,1000357,12,0.38565123081207275,-0.4932430684566498,-0.49349313974380493,True
1710807515,fk_qslstm,ema,test,1000357,13,-0.10054072737693787,-0.45491889119148254,-0.45443427562713623,True
1710807515,fk_qslstm,ema,test,1000357,14,0.2956768870353699,-0.1865289807319641,-0.18868756294250488,True
1710807515,fk_qslstm,ema,test,1000357,15,0.03481224551796913,-0.1283358335494995,-0.13014310598373413,True
1710807515,fk_qslstm,ema,test,1000357,16,-0.6735910773277283,-0.5068233013153076,-0.5107069611549377,True
1710807515,fk_qslstm,ema,test,1000357,17,-0.207022026181221,-0.529671847820282,-0.5319688320159912,True
1710807515,fk_qslstm,ema,test,1000357,18,0.43616172671318054,-0.16204044222831726,-0.16470754146575928,True
1710807515,fk_qslstm,ema,test,1000357,19,0.06466426700353622,-0.09083379805088043,-0.09364083409309387,True
1710807515,fk_qslstm,ema,test,1000357,20,0.7440329194068909,0.3737527132034302,0.36792847514152527,True
1710807515,fk_qslstm,ema,test,1000357,21,-0.6861134171485901,-0.11266587674617767,-0.11614561080932617,True
1710807515,fk_qslstm,ema,test,1000357,22,0.3715902268886566,0.13282142579555511,0.12469284236431122,True
1710807515,fk_qslstm,ema,test,1000357,23,-0.40412625670433044,-0.1362186223268509,-0.13814550638198853,True
1710807515,fk_qslstm,ema,test,1000357,24,-0.47534704208374023,-0.39418312907218933,-0.3951227068901062,True
1710807515,fk_qslstm,ema,test,1000357,25,-0.11994154751300812,-0.3873114287853241,-0.38538604974746704,True
1710807515,fk_qslstm,ema,test,1000357,26,0.6667669415473938,0.09021103382110596,0.0896638035774231,True
1710807515,fk_qslstm,ema,test,1000357,27,-0.2815791964530945,-0.09677869826555252,-0.09354165196418762,True
1710807515,fk_qslstm,ema,test,1000357,28,-0.9528026580810547,-0.6491045951843262,-0.6483316421508789,True
1710807515,fk_qslstm,ema,test,1000357,29,0.8378444314002991,-0.016577009111642838,-0.014543294906616211,True
1710807515,fk_qslstm,ema,test,1000357,30,0.8106313347816467,0.4731172025203705,0.4738863408565521,True
1710807515,fk_qslstm,ema,test,1000357,31,-0.2720455825328827,0.2152664065361023,0.21593180298805237,True
1710807515,fk_qslstm,ema,test,1000358,0,-0.5832427144050598,-0.34994563460350037,-0.3473004698753357,True
1710807515,fk_qslstm,ema,test,1000358,1,0.14102770388126373,-0.1953398883342743,-0.20175814628601074,True
1710807515,fk_qslstm,ema,test,1000358,2,-0.6187933683395386,-0.5275478959083557,-0.5374687314033508,True
1710807515,fk_qslstm,ema,test,1000358,3,0.010943032801151276,-0.41547250747680664,-0.42136943340301514,True
1710807515,fk_qslstm,ema,test,1000358,4,0.1849626749753952,-0.2214004099369049,-0.22387248277664185,True
1710807515,fk_qslstm,ema,test,1000358,5,-0.6907009482383728,-0.5915409326553345,-0.5958002805709839,True
1710807515,fk_qslstm,ema,test,1000358,6,0.722791850566864,-0.039557624608278275,-0.041835933923721313,True
1710807515,fk_qslstm,ema,test,1000358,7,0.686877429485321,0.3804803490638733,0.37743544578552246,True
1710807515,fk_qslstm,ema,test,1000358,8,0.7668753862380981,0.7645094990730286,0.7653034925460815,True
1710807515,fk_qslstm,ema,test,1000358,9,-0.4984661936759949,0.3125278949737549,0.30912530422210693,True
1710807515,fk_qslstm,ema,test,1000358,10,-0.8137840032577515,-0.2382480949163437,-0.2423303723335266,True
1710807515,fk_qslstm,ema,test,1000358,11,0.823734700679779,0.3036423325538635,0.2989553213119507,True
1710807515,fk_qslstm,ema,test,1000358,12,-0.01305913645774126,0.23507839441299438,0.2336319386959076,True
1710807515,fk_qslstm,ema,test,1000358,13,0.029345668852329254,0.20567011833190918,0.20436826348304749,True
1710807515,fk_qslstm,ema,test,1000358,14,-0.7673476338386536,-0.2958724796772003,-0.2958272099494934,True
1710807515,fk_qslstm,ema,test,1000358,15,-0.28533828258514404,-0.40790095925331116,-0.4051700234413147,True
1710807515,fk_qslstm,ema,test,1000358,16,-0.9609715342521667,-0.90290367603302,-0.9013134837150574,True
1710807515,fk_qslstm,ema,test,1000358,17,-0.16424958407878876,-0.8208727240562439,-0.8187475800514221,True
1710807515,fk_qslstm,ema,test,1000358,18,-0.8587970733642578,-1.1719764471054077,-1.1693739891052246,True
1710807515,fk_qslstm,ema,test,1000358,19,-0.8369598984718323,-1.4397571086883545,-1.4224114418029785,True
1710807515,fk_qslstm,ema,test,1000358,20,-0.6427837014198303,-1.537475824356079,-1.5132513046264648,True
1710807515,fk_qslstm,ema,test,1000358,21,-0.8857703804969788,-1.7614428997039795,-1.6952195167541504,True
1710807515,fk_qslstm,ema,test,1000358,22,0.5516220927238464,-1.0781811475753784,-1.0867314338684082,True
1710807515,fk_qslstm,ema,test,1000358,23,0.4248497188091278,-0.6076350212097168,-0.6282731890678406,True
1710807515,fk_qslstm,ema,test,1000358,24,-0.47089245915412903,-0.7686434984207153,-0.786312997341156,True
1710807515,fk_qslstm,ema,test,1000358,25,0.5221039652824402,-0.3016524314880371,-0.3020995259284973,True
1710807515,fk_qslstm,ema,test,1000358,26,-0.22283916175365448,-0.3750254213809967,-0.3659910559654236,True
1710807515,fk_qslstm,ema,test,1000358,27,-0.16280725598335266,-0.39770469069480896,-0.3850201964378357,True
1710807515,fk_qslstm,ema,test,1000358,28,0.9402969479560852,0.24601441621780396,0.2535516917705536,True
1710807515,fk_qslstm,ema,test,1000358,29,0.8527510762214661,0.7084621787071228,0.7173621654510498,True
1710807515,fk_qslstm,ema,test,1000358,30,-0.556026816368103,0.23315365612506866,0.23670247197151184,True
1710807515,fk_qslstm,ema,test,1000358,31,-0.0839969739317894,0.13612474501132965,0.13844668865203857,True
1710807515,fk_qslstm,ema,test,1000359,0,0.12280711531639099,0.07368426769971848,0.07414981722831726,True
1710807515,fk_qslstm,ema,test,1000359,1,0.13103368878364563,0.13756762444972992,0.13752201199531555,True
1710807515,fk_qslstm,ema,test,1000359,2,-0.3153967559337616,-0.07918395102024078,-0.0802033543586731,True
1710807515,fk_qslstm,ema,test,1000359,3,0.45540955662727356,0.20989857614040375,0.20557036995887756,True
1710807515,fk_qslstm,ema,test,1000359,4,-0.575829267501831,-0.17757871747016907,-0.17743134498596191,True
1710807515,fk_qslstm,ema,test,1000359,5,0.45085978507995605,0.12845291197299957,0.12511013448238373,True
1710807515,fk_qslstm,ema,test,1000359,6,0.04289666935801506,0.1285003274679184,0.1277247965335846,True
1710807515,fk_qslstm,ema,test,1000359,7,0.9799826145172119,0.6907898187637329,0.6893185377120972,True
1710807515,fk_qslstm,ema,test,1000359,8,0.2832995057106018,0.7226116061210632,0.717986524105072,True
1710807515,fk_qslstm,ema,test,1000359,9,0.5742915272712708,0.9226641654968262,0.9220175743103027,True
1710807515,fk_qslstm,ema,test,1000359,10,0.8107138872146606,1.2245596647262573,1.2239940166473389,True
1710807515,fk_qslstm,ema,test,1000359,11,-0.10799119621515274,0.914853036403656,0.9151923060417175,True
1710807515,fk_qslstm,ema,test,1000359,12,-0.4007359445095062,0.49144086241722107,0.4867418110370636,True
1710807515,fk_qslstm,ema,test,1000359,13,-0.25581833720207214,0.23966169357299805,0.23443955183029175,True
1710807515,fk_qslstm,ema,test,1000359,14,-0.44246232509613037,-0.07374803721904755,-0.0750797688961029,True
1710807515,fk_qslstm,ema,test,1000359,15,-0.7727543115615845,-0.5226510167121887,-0.5256915092468262,True
1710807515,fk_qslstm,ema,test,1000359,16,-0.5229001045227051,-0.731860876083374,-0.7360137104988098,True
1710807515,fk_qslstm,ema,test,1000359,17,0.9591248631477356,-0.010013779625296593,-0.013046413660049438,True
1710807515,fk_qslstm,ema,test,1000359,18,0.6776318550109863,0.3985680937767029,0.3937234878540039,True
1710807515,fk_qslstm,ema,test,1000359,19,0.3895570635795593,0.552588701248169,0.5460942983627319,True
1710807515,fk_qslstm,ema,test,1000359,20,-0.6065971851348877,0.0781126618385315,0.07205204665660858,True
1710807515,fk_qslstm,ema,test,1000359,21,-0.6747235059738159,-0.3423439562320709,-0.34870684146881104,True
1710807515,fk_qslstm,ema,test,1000359,22,0.6798408031463623,0.1340293139219284,0.12854284048080444,True
1710807515,fk_qslstm,ema,test,1000359,23,-0.7706354856491089,-0.35515785217285156,-0.3569919466972351,True
1710807515,fk_qslstm,ema,test,1000359,24,0.07538795471191406,-0.2388935089111328,-0.24106478691101074,True
1710807515,fk_qslstm,ema,test,1000359,25,-0.5390385985374451,-0.5145379304885864,-0.5157731175422668,True
1710807515,fk_qslstm,ema,test,1000359,26,-0.2827500104904175,-0.5812803506851196,-0.5814621448516846,True
1710807515,fk_qslstm,ema,test,1000359,27,-0.5396012663841248,-0.7887850403785706,-0.7911757826805115,True
1710807515,fk_qslstm,ema,test,1000359,28,0.6111926436424255,-0.2643124461174011,-0.2629620432853699,True
1710807515,fk_qslstm,ema,test,1000359,29,0.05483238026499748,-0.17855052649974823,-0.17779162526130676,True
1710807515,fk_qslstm,ema,test,1000359,30,-0.48171451687812805,-0.43186914920806885,-0.4318687319755554,True
1710807515,fk_qslstm,ema,test,1000359,31,0.3193918466567993,-0.1538602113723755,-0.15651282668113708,True
1710807515,fk_qslstm,ema,test,1000360,0,-0.45132988691329956,-0.2707979381084442,-0.26853179931640625,True
1710807515,fk_qslstm,ema,test,1000360,1,-0.9466105103492737,-0.7846046686172485,-0.7870541214942932,True
1710807515,fk_qslstm,ema,test,1000360,2,0.6653785109519958,-0.22845664620399475,-0.2309168577194214,True
1710807515,fk_qslstm,ema,test,1000360,3,0.6121742725372314,0.18453925848007202,0.18218833208084106,True
1710807515,fk_qslstm,ema,test,1000360,4,-0.8060303330421448,-0.33598682284355164,-0.3351055979728699,True
1710807515,fk_qslstm,ema,test,1000360,5,-0.7854880094528198,-0.7400822639465332,-0.7460132241249084,True
1710807515,fk_qslstm,ema,test,1000360,6,-0.9659884572029114,-1.1716588735580444,-1.1722822189331055,True
1710807515,fk_qslstm,ema,test,1000360,7,0.15357540547847748,-0.8451818227767944,-0.8464277386665344,True
1710807515,fk_qslstm,ema,test,1000360,8,-0.8745505213737488,-1.2008757591247559,-1.202544927597046,True
1710807515,fk_qslstm,ema,test,1000360,9,-0.507881760597229,-1.2654297351837158,-1.2689287662506104,True
1710807515,fk_qslstm,ema,test,1000360,10,0.6978427767753601,-0.5936380624771118,-0.5924063324928284,True
1710807515,fk_qslstm,ema,test,1000360,11,-0.9233315587043762,-1.0289093255996704,-1.033379316329956,True
1710807515,fk_qslstm,ema,test,1000360,12,-0.6166364550590515,-1.193109393119812,-1.2002038955688477,True
1710807515,fk_qslstm,ema,test,1000360,13,-0.3060428500175476,-1.138113260269165,-1.1474545001983643,True
1710807515,fk_qslstm,ema,test,1000360,14,-0.6948978304862976,-1.3274292945861816,-1.332047939300537,True
1710807515,fk_qslstm,ema,test,1000360,15,-0.26633375883102417,-1.2217437028884888,-1.2329580783843994,True
1710807515,fk_qslstm,ema,test,1000360,16,-0.29125988483428955,-1.1521508693695068,-1.1680405139923096,True
1710807515,fk_qslstm,ema,test,1000360,17,-0.16116288304328918,-1.0184184312820435,-1.0339336395263672,True
1710807515,fk_qslstm,ema,test,1000360,18,-0.801899254322052,-1.2958743572235107,-1.3039381504058838,True
1710807515,fk_qslstm,ema,test,1000360,19,-0.23630516231060028,-1.1784825325012207,-1.19041109085083,True
1710807515,fk_qslstm,ema,test,1000360,20,0.3264109492301941,-0.746939480304718,-0.7546759247779846,True
1710807515,fk_qslstm,ema,test,1000360,21,0.0963110402226448,-0.539764940738678,-0.540168046951294,True
1710807515,fk_qslstm,ema,test,1000360,22,-0.5098652243614197,-0.7377310991287231,-0.7379639744758606,True
1710807515,fk_qslstm,ema,test,1000360,23,0.4241238236427307,-0.3357105851173401,-0.3294055461883545,True
1710807515,fk_qslstm,ema,test,1000360,24,0.8670738339424133,0.2516758441925049,0.2550937533378601,True
1710807515,fk_qslstm,ema,test,1000360,25,0.8033396601676941,0.6833444833755493,0.6885159015655518,True
1710807515,fk_qslstm,ema,test,1000360,26,-0.5622850656509399,0.20930451154708862,0.2114202380180359,True
1710807515,fk_qslstm,ema,test,1000360,27,-0.6641594767570496,-0.23105205595493317,-0.2305455207824707,True
1710807515,fk_qslstm,ema,test,1000360,28,-0.9550230503082275,-0.7578554749488831,-0.7595606446266174,True
1710807515,fk_qslstm,ema,test,1000360,29,0.04196283966302872,-0.5811067223548889,-0.578304648399353,True
1710807515,fk_qslstm,ema,test,1000360,30,-0.9421496391296387,-1.0301752090454102,-1.0284364223480225,True
1710807515,fk_qslstm,ema,test,1000360,31,-0.8162408471107483,-1.3138846158981323,-1.3063485622406006,True
1710807515,fk_qslstm,ema,test,1000361,0,-0.6397929191589355,-0.3838757574558258,-0.38078343868255615,True
1710807515,fk_qslstm,ema,test,1000361,1,-0.31971874833106995,-0.4989318549633026,-0.5038927793502808,True
1710807515,fk_qslstm,ema,test,1000361,2,0.2809988856315613,-0.23054616153240204,-0.2371543049812317,True
1710807515,fk_qslstm,ema,test,1000361,3,0.04180217906832695,-0.15935562551021576,-0.16127634048461914,True
1710807515,fk_qslstm,ema,test,1000361,4,0.25463393330574036,0.025295862928032875,0.023049980401992798,True
1710807515,fk_qslstm,ema,test,1000361,5,-0.08459436148405075,-0.03051992878317833,-0.028423845767974854,True
1710807515,fk_qslstm,ema,test,1000361,6,0.24675169587135315,0.12363506853580475,0.12379644811153412,True
1710807515,fk_qslstm,ema,test,1000361,7,0.4805813729763031,0.3872568607330322,0.38615816831588745,True
1710807515,fk_qslstm,ema,test,1000361,8,-0.6931222677230835,-0.10606786608695984,-0.10511499643325806,True
1710807515,fk_qslstm,ema,test,1000361,9,0.2123306840658188,0.04254411906003952,0.041155993938446045,True
1710807515,fk_qslstm,ema,test,1000361,10,0.1885690987110138,0.14717675745487213,0.1462978720664978,True
1710807515,fk_qslstm,ema,test,1000361,11,-0.6728475093841553,-0.2859671115875244,-0.28541654348373413,True
1710807515,fk_qslstm,ema,test,1000361,12,0.4430132806301117,0.037034280598163605,0.03463709354400635,True
1710807515,fk_qslstm,ema,test,1000361,13,-0.23387986421585083,-0.11070049554109573,-0.10752987861633301,True
1710807515,fk_qslstm,ema,test,1000361,14,-0.3150666654109955,-0.27760040760040283,-0.272413969039917,True
1710807515,fk_qslstm,ema,test,1000361,15,-0.6563695073127747,-0.6159020662307739,-0.6143860816955566,True
1710807515,fk_qslstm,ema,test,1000361,16,-0.32665732502937317,-0.6887159943580627,-0.6872236132621765,True
1710807515,fk_qslstm,ema,test,1000361,17,-0.21821101009845734,-0.6818994283676147,-0.6790054440498352,True
1710807515,fk_qslstm,ema,test,1000361,18,-0.23184356093406677,-0.6846256852149963,-0.6814454793930054,True
1710807515,fk_qslstm,ema,test,1000361,19,-0.585655927658081,-0.8990941047668457,-0.9004073739051819,True
1710807515,fk_qslstm,ema,test,1000361,20,-0.267775297164917,-0.8799404501914978,-0.8822515606880188,True
1710807515,fk_qslstm,ema,test,1000361,21,-0.9191420078277588,-1.2554376125335693,-1.2509520053863525,True
1710807515,fk_qslstm,ema,test,1000361,22,-0.7490882873535156,-1.4538030624389648,-1.4374639987945557,True
1710807515,fk_qslstm,ema,test,1000361,23,-0.7938634157180786,-1.6393604278564453,-1.5988459587097168,True
1710807515,fk_qslstm,ema,test,1000361,24,-0.8617346882820129,-1.8285292387008667,-1.7431654930114746,True
1710807515,fk_qslstm,ema,test,1000361,25,0.5110779404640198,-1.1561765670776367,-1.1662509441375732,True
1710807515,fk_qslstm,ema,test,1000361,26,-0.7208453416824341,-1.3574484586715698,-1.3882722854614258,True
1710807515,fk_qslstm,ema,test,1000361,27,0.7386253476142883,-0.6427835822105408,-0.6667404770851135,True
1710807515,fk_qslstm,ema,test,1000361,28,-0.3359845280647278,-0.7158175706863403,-0.732100784778595,True
1710807515,fk_qslstm,ema,test,1000361,29,-0.8914527297019958,-1.1075257062911987,-1.1214635372161865,True
1710807515,fk_qslstm,ema,test,1000361,30,-0.6940937638282776,-1.3024767637252808,-1.3088557720184326,True
1710807515,fk_qslstm,ema,test,1000361,31,-0.6348399519920349,-1.4228854179382324,-1.42130708694458,True
1710807515,fk_qslstm,ema,test,1000362,0,0.8364928364753723,0.5018957257270813,0.4949692487716675,True
1710807515,fk_qslstm,ema,test,1000362,1,0.5155557990074158,0.7108500599861145,0.7156898975372314,True
1710807515,fk_qslstm,ema,test,1000362,2,-0.844517707824707,0.061969414353370667,0.06338998675346375,True
1710807515,fk_qslstm,ema,test,1000362,3,-0.434299111366272,-0.21100392937660217,-0.21077948808670044,True
1710807515,fk_qslstm,ema,test,1000362,4,0.9199163317680359,0.38314664363861084,0.37988168001174927,True
1710807515,fk_qslstm,ema,test,1000362,5,-0.16831910610198975,0.20552584528923035,0.20391355454921722,True
1710807515,fk_qslstm,ema,test,1000362,6,-0.17857645452022552,0.05727480351924896,0.05701741576194763,True
1710807515,fk_qslstm,ema,test,1000362,7,0.4805791676044464,0.33416733145713806,0.3317282199859619,True
1710807515,fk_qslstm,ema,test,1000362,8,0.667569100856781,0.667875349521637,0.6691431999206543,True
1710807515,fk_qslstm,ema,test,1000362,9,-0.7375419735908508,0.0917750895023346,0.09142379462718964,True
1710807515,fk_qslstm,ema,test,1000362,10,0.40063512325286865,0.3138011395931244,0.3097609877586365,True
1710807515,fk_qslstm,ema,test,1000362,11,-0.014739645645022392,0.24219714105129242,0.2417488992214203,True
1710807515,fk_qslstm,ema,test,1000362,12,0.95151287317276,0.764665424823761,0.7668747305870056,True
1710807515,fk_qslstm,ema,test,1000362,13,-0.31335803866386414,0.42371752858161926,0.4209509491920471,True
1710807515,fk_qslstm,ema,test,1000362,14,-0.8036864399909973,-0.14323782920837402,-0.14654678106307983,True
1710807515,fk_qslstm,ema,test,1000362,15,-0.01924443058669567,-0.1261369287967682,-0.1264929175376892,True
1710807515,fk_qslstm,ema,test,1000362,16,-0.3241174817085266,-0.29538002610206604,-0.29050540924072266,True
1710807515,fk_qslstm,ema,test,1000362,17,0.6354400515556335,0.14496001601219177,0.1466277539730072,True
1710807515,fk_qslstm,ema,test,1000362,18,0.5803574919700623,0.4641824960708618,0.46484458446502686,True
1710807515,fk_qslstm,ema,test,1000362,19,-0.8915306925773621,-0.16357243061065674,-0.15985196828842163,True
1710807515,fk_qslstm,ema,test,1000362,20,-0.22535917162895203,-0.26607343554496765,-0.2611744999885559,True
1710807515,fk_qslstm,ema,test,1000362,21,-0.6827258467674255,-0.6224942803382874,-0.6201569437980652,True
1710807515,fk_qslstm,ema,test,1000362,22,-0.829989492893219,-0.9959890842437744,-0.9981545805931091,True
1710807515,fk_qslstm,ema,test,1000362,23,-0.6023677587509155,-1.1582119464874268,-1.1608946323394775,True
1710807515,fk_qslstm,ema,test,1000362,24,0.4758656322956085,-0.6410501599311829,-0.6412176489830017,True
1710807515,fk_qslstm,ema,test,1000362,25,0.9008550643920898,0.027672886848449707,0.024666011333465576,True
1710807515,fk_qslstm,ema,test,1000362,26,0.2206253856420517,0.15451353788375854,0.15073531866073608,True
1710807515,fk_qslstm,ema,test,1000362,27,-0.8513645529747009,-0.38720789551734924,-0.38964468240737915,True
1710807515,fk_qslstm,ema,test,1000362,28,0.6947070956230164,0.10705792903900146,0.10391061007976532,True
1710807515,fk_qslstm,ema,test,1000362,29,0.6312500834465027,0.4643963873386383,0.46278485655784607,True
1710807515,fk_qslstm,ema,test,1000362,30,0.44551950693130493,0.6388288140296936,0.6375150680541992,True
1710807515,fk_qslstm,ema,test,1000362,31,0.6635187268257141,0.9091743230819702,0.9131494164466858,True
1710807515,fk_qslstm,ema,test,1000363,0,-0.3019220530986786,-0.18115323781967163,-0.17902854084968567,True
1710807515,fk_qslstm,ema,test,1000363,1,-0.6007212996482849,-0.5053553581237793,-0.5070595145225525,True
1710807515,fk_qslstm,ema,test,1000363,2,0.37000253796577454,-0.18228276073932648,-0.19003397226333618,True
1710807515,fk_qslstm,ema,test,1000363,3,0.3078392446041107,0.038877345621585846,0.03161492943763733,True
1710807515,fk_qslstm,ema,test,1000363,4,0.1843152940273285,0.14169105887413025,0.13522151112556458,True
1710807515,fk_qslstm,ema,test,1000363,5,-0.36716917157173157,-0.10694866627454758,-0.10743772983551025,True
1710807515,fk_qslstm,ema,test,1000363,6,-0.7370639443397522,-0.527797281742096,-0.5305443406105042,True
1710807515,fk_qslstm,ema,test,1000363,7,-0.9357297420501709,-0.9836756587028503,-0.9882622361183167,True
1710807515,fk_qslstm,ema,test,1000363,8,0.2016860693693161,-0.6659289002418518,-0.6670293211936951,True
1710807515,fk_qslstm,ema,test,1000363,9,-0.24806217849254608,-0.6815804243087769,-0.6823222637176514,True
1710807515,fk_qslstm,ema,test,1000363,10,-0.6340380907058716,-0.9256871938705444,-0.930939257144928,True
1710807515,fk_qslstm,ema,test,1000363,11,0.7783195376396179,-0.27355802059173584,-0.27034956216812134,True
1710807515,fk_qslstm,ema,test,1000363,12,0.8531877398490906,0.29306623339653015,0.29151707887649536,True
1710807515,fk_qslstm,ema,test,1000363,13,-0.7712968587875366,-0.22832514345645905,-0.2279178500175476,True
1710807515,fk_qslstm,ema,test,1000363,14,-0.333382248878479,-0.3826894760131836,-0.382162868976593,True
1710807515,fk_qslstm,ema,test,1000363,15,0.739676833152771,0.13765452802181244,0.13741128146648407,True
1710807515,fk_qslstm,ema,test,1000363,16,0.47342467308044434,0.3941784203052521,0.3923875093460083,True
1710807515,fk_qslstm,ema,test,1000363,17,-0.15681114792823792,0.2212560474872589,0.22072255611419678,True
1710807515,fk_qslstm,ema,test,1000363,18,0.6607275009155273,0.5734413266181946,0.5739008188247681,True
1710807515,fk_qslstm,ema,test,1000363,19,0.6675516366958618,0.8592840433120728,0.8650767207145691,True
1710807515,fk_qslstm,ema,test,1000363,20,-0.7625077962875366,0.22992254793643951,0.23126843571662903,True
1710807515,fk_qslstm,ema,test,1000363,21,-0.11171523481607437,0.11690890043973923,0.11871376633644104,True
1710807515,fk_qslstm,ema,test,1000363,22,0.24954219162464142,0.2432524412870407,0.2450380027294159,True
1710807515,fk_qslstm,ema,test,1000363,23,0.6315089464187622,0.5735073089599609,0.5772749781608582,True
1710807515,fk_qslstm,ema,test,1000363,24,-0.791385293006897,-0.01602533459663391,-0.011651962995529175,True
1710807515,fk_qslstm,ema,test,1000363,25,-0.9152882695198059,-0.5619932413101196,-0.5613275766372681,True
1710807515,fk_qslstm,ema,test,1000363,26,-0.7874481678009033,-0.9220634698867798,-0.9257181286811829,True
1710807515,fk_qslstm,ema,test,1000363,27,0.6765039563179016,-0.3317483961582184,-0.3255847096443176,True
1710807515,fk_qslstm,ema,test,1000363,28,0.2405424565076828,-0.12107323855161667,-0.11681908369064331,True
1710807515,fk_qslstm,ema,test,1000363,29,-0.6731595396995544,-0.5007542967796326,-0.49944138526916504,True
1710807515,fk_qslstm,ema,test,1000363,30,-0.5447984337806702,-0.7274824976921082,-0.7301544547080994,True
1710807515,fk_qslstm,ema,test,1000363,31,0.012201943434774876,-0.574664831161499,-0.5741811394691467,True
1710807515,fk_qslstm,ema,test,1000364,0,0.05793438106775284,0.03476062789559364,0.03549906611442566,True
1710807515,fk_qslstm,ema,test,1000364,1,-0.3304687738418579,-0.17047275602817535,-0.16412204504013062,True
1710807515,fk_qslstm,ema,test,1000364,2,-0.6005935072898865,-0.49673429131507874,-0.4993780255317688,True
1710807515,fk_qslstm,ema,test,1000364,3,0.20052199065685272,-0.27707424759864807,-0.27937108278274536,True
1710807515,fk_qslstm,ema,test,1000364,4,0.4747052490711212,0.06316375732421875,0.058868408203125,True
1710807515,fk_qslstm,ema,test,1000364,5,0.26342830061912537,0.20858797430992126,0.20283323526382446,True
1710807515,fk_qslstm,ema,test,1000364,6,-0.032310567796230316,0.14748404920101166,0.1440301239490509,True
1710807515,fk_qslstm,ema,test,1000364,7,-0.5650522112846375,-0.22104407846927643,-0.22180718183517456,True
1710807515,fk_qslstm,ema,test,1000364,8,0.3142549991607666,0.01171774324029684,0.008914470672607422,True
1710807515,fk_qslstm,ema,test,1000364,9,0.3988182544708252,0.24866515398025513,0.2444067895412445,True
1710807515,fk_qslstm,ema,test,1000364,10,0.4972136914730072,0.49726033210754395,0.4929063320159912,True
1710807515,fk_qslstm,ema,test,1000364,11,-0.27313029766082764,0.2339300960302353,0.23169398307800293,True
1710807515,fk_qslstm,ema,test,1000364,12,0.4782526195049286,0.4740956425666809,0.47117966413497925,True
1710807515,fk_qslstm,ema,test,1000364,13,0.5865747928619385,0.7312213778495789,0.7329546213150024,True
1710807515,fk_qslstm,ema,test,1000364,14,-0.3516111969947815,0.3740103840827942,0.3736030161380768,True
1710807515,fk_qslstm,ema,test,1000364,15,-0.8307864665985107,-0.1992635726928711,-0.19910770654678345,True
1710807515,fk_qslstm,ema,test,1000364,16,-0.606410801410675,-0.523257315158844,-0.5239153504371643,True
1710807515,fk_qslstm,ema,test,1000364,17,0.5462705492973328,-0.09084353595972061,-0.08899471163749695,True
1710807515,fk_qslstm,ema,test,1000364,18,0.8181147575378418,0.4181939959526062,0.41859570145606995,True
1710807515,fk_qslstm,ema,test,1000364,19,-0.14401023089885712,0.2481490671634674,0.24880996346473694,True
1710807515,fk_qslstm,ema,test,1000364,20,-0.5480427145957947,-0.13030636310577393,-0.12887874245643616,True
1710807515,fk_qslstm,ema,test,1000364,21,-0.7557416558265686,-0.5576900839805603,-0.5597410798072815,True
1710807515,fk_qslstm,ema,test,1000364,22,0.7244415879249573,-0.011487113311886787,-0.011483192443847656,True
1710807515,fk_qslstm,ema,test,1000364,23,0.25935688614845276,0.14642442762851715,0.14512954652309418,True
1710807515,fk_qslstm,ema,test,1000364,24,0.9877048134803772,0.709762454032898,0.7069724798202515,True
1710807515,fk_qslstm,ema,test,1000364,25,0.1934407651424408,0.6838744282722473,0.6767736077308655,True
1710807515,fk_qslstm,ema,test,1000364,26,-0.6828842163085938,0.13736899197101593,0.12765391170978546,True
1710807515,fk_qslstm,ema,test,1000364,27,0.08541879057884216,0.16114646196365356,0.15221348404884338,True
1710807515,fk_qslstm,ema,test,1000364,28,0.8027020692825317,0.6105384230613708,0.6068242192268372,True
1710807515,fk_qslstm,ema,test,1000364,29,0.5267159938812256,0.804460346698761,0.8037505745887756,True
1710807515,fk_qslstm,ema,test,1000364,30,-0.07543205469846725,0.5983090400695801,0.5944191217422485,True
1710807515,fk_qslstm,ema,test,1000364,31,-0.79775071144104,-3.196714942532708e-06,-0.003918111324310303,True
1710807515,fk_qslstm,ema,test,1000365,0,-0.9903029799461365,-0.5941817760467529,-0.5773926973342896,True
1710807515,fk_qslstm,ema,test,1000365,1,0.11405156552791595,-0.40691450238227844,-0.4062737822532654,True
1710807515,fk_qslstm,ema,test,1000365,2,-0.9883173704147339,-0.91852205991745,-0.9219105839729309,True
1710807515,fk_qslstm,ema,test,1000365,3,0.5675374865531921,-0.3942951261997223,-0.38875335454940796,True
1710807515,fk_qslstm,ema,test,1000365,4,-0.20941846072673798,-0.44108718633651733,-0.4302911162376404,True
1710807515,fk_qslstm,ema,test,1000365,5,-0.446880042552948,-0.6209977865219116,-0.6117873787879944,True
1710807515,fk_qslstm,ema,test,1000365,6,-0.6993796229362488,-0.9164260029792786,-0.913017213344574,True
1710807515,fk_qslstm,ema,test,1000365,7,-0.8729127049446106,-1.2568883895874023,-1.2490694522857666,True
1710807515,fk_qslstm,ema,test,1000365,8,-0.7502533793449402,-1.455662727355957,-1.4363429546356201,True
1710807515,fk_qslstm,ema,test,1000365,9,0.2697090208530426,-1.0027048587799072,-1.0058298110961914,True
1710807515,fk_qslstm,ema,test,1000365,10,0.15966731309890747,-0.7063634395599365,-0.7146101593971252,True
1710807515,fk_qslstm,ema,test,1000365,11,-0.7823519110679626,-1.0345019102096558,-1.0470292568206787,True
1710807515,fk_qslstm,ema,test,1000365,12,0.42103320360183716,-0.5749815702438354,-0.5791293978691101,True
1710807515,fk_qslstm,ema,test,1000365,13,0.7755844593048096,0.005365415941923857,0.0047290027141571045,True
1710807515,fk_qslstm,ema,test,1000365,14,-0.4692239761352539,-0.2772420644760132,-0.27237218618392944,True
1710807515,fk_qslstm,ema,test,1000365,15,-0.041676148772239685,-0.24679933488368988,-0.24091321229934692,True
1710807515,fk_qslstm,ema,test,1000365,16,0.5827140212059021,0.15218892693519592,0.15538203716278076,True
1710807515,fk_qslstm,ema,test,1000365,17,0.2696422338485718,0.28353649377822876,0.28464600443840027,True
1710807515,fk_qslstm,ema,test,1000365,18,0.29190593957901,0.4019727408885956,0.4009433388710022,True
1710807515,fk_qslstm,ema,test,1000365,19,0.30878937244415283,0.5068517923355103,0.5053074359893799,True
1710807515,fk_qslstm,ema,test,1000365,20,-0.969257116317749,-0.17607280611991882,-0.17025601863861084,True
1710807515,fk_qslstm,ema,test,1000365,21,0.7966875433921814,0.3371542692184448,0.3407627046108246,True
1710807515,fk_qslstm,ema,test,1000365,22,0.5991997122764587,0.6292432546615601,0.6358813047409058,True
1710807515,fk_qslstm,ema,test,1000365,23,-0.1386483609676361,0.42020559310913086,0.42480936646461487,True
1710807515,fk_qslstm,ema,test,1000365,24,-0.5132399201393127,0.02822052873671055,0.03343769907951355,True
1710807515,fk_qslstm,ema,test,1000365,25,0.00707187969237566,0.02681954950094223,0.03338265419006348,True
1710807515,fk_qslstm,ema,test,1000365,26,-0.6312813758850098,-0.3573131859302521,-0.34977930784225464,True
1710807515,fk_qslstm,ema,test,1000365,27,-0.7374456524848938,-0.72831791639328,-0.7269547581672668,True
1710807515,fk_qslstm,ema,test,1000365,28,0.7086302638053894,-0.15747618675231934,-0.15176931023597717,True
1710807515,fk_qslstm,ema,test,1000365,29,0.6113612651824951,0.24083580076694489,0.24276819825172424,True
1710807515,fk_qslstm,ema,test,1000365,30,-0.31792205572128296,0.001915411907248199,0.006485402584075928,True
1710807515,fk_qslstm,ema,test,1000365,31,-0.9428735375404358,-0.5641917586326599,-0.5613449215888977,True
1710807515,fk_qslstm,ema,test,1000366,0,0.8498018383979797,0.5098810791969299,0.5023594498634338,True
1710807515,fk_qslstm,ema,test,1000366,1,0.5261852145195007,0.7236160039901733,0.728192925453186,True
1710807515,fk_qslstm,ema,test,1000366,2,-0.7930867671966553,0.10304073989391327,0.10268822312355042,True
1710807515,fk_qslstm,ema,test,1000366,3,0.7568436861038208,0.53653883934021,0.5332094430923462,True
1710807515,fk_qslstm,ema,test,1000366,4,0.1362302303314209,0.5109692215919495,0.5068213939666748,True
1710807515,fk_qslstm,ema,test,1000366,5,0.07844297587871552,0.45584115386009216,0.45044374465942383,True
1710807515,fk_qslstm,ema,test,1000366,6,-0.6163141131401062,-0.00511555140838027,-0.008489400148391724,True
1710807515,fk_qslstm,ema,test,1000366,7,-0.2704463303089142,-0.16636022925376892,-0.16511130332946777,True
1710807515,fk_qslstm,ema,test,1000366,8,-0.23361016809940338,-0.27325427532196045,-0.26704615354537964,True
1710807515,fk_qslstm,ema,test,1000366,9,-0.03126562759280205,-0.237362802028656,-0.22981810569763184,True
1710807515,fk_qslstm,ema,test,1000366,10,0.32616671919822693,0.005809790920466185,0.00893893837928772,True
1710807515,fk_qslstm,ema,test,1000366,11,0.44270291924476624,0.27026957273483276,0.2691133916378021,True
1710807515,fk_qslstm,ema,test,1000366,12,0.04621356725692749,0.24394381046295166,0.24234572052955627,True
1710807515,fk_qslstm,ema,test,1000366,13,0.5613017082214355,0.5319360494613647,0.5303065776824951,True
1710807515,fk_qslstm,ema,test,1000366,14,-0.6225003004074097,0.05204867571592331,0.05126872658729553,True
1710807515,fk_qslstm,ema,test,1000366,15,-0.7419561743736267,-0.40353477001190186,-0.40659213066101074,True
1710807515,fk_qslstm,ema,test,1000366,16,-0.22788020968437195,-0.4595559239387512,-0.45826154947280884,True
1710807515,fk_qslstm,ema,test,1000366,17,0.16576117277145386,-0.2681880593299866,-0.2654346823692322,True
1710807515,fk_qslstm,ema,test,1000366,18,-0.12588495016098022,-0.2900814116001129,-0.2855304479598999,True
1710807515,fk_qslstm,ema,test,1000366,19,0.9199085235595703,0.31988000869750977,0.31796795129776,True
1710807515,fk_qslstm,ema,test,1000366,20,0.4058406949043274,0.49940842390060425,0.4950995445251465,True
1710807515,fk_qslstm,ema,test,1000366,21,-0.9454954862594604,-0.16777054965496063,-0.16702216863632202,True
1710807515,fk_qslstm,ema,test,1000366,22,-0.6473973393440247,-0.5226548314094543,-0.525536298751831,True
1710807515,fk_qslstm,ema,test,1000366,23,-0.4955948293209076,-0.7154807448387146,-0.7182262539863586,True
1710807515,fk_qslstm,ema,test,1000366,24,-0.98293137550354,-1.1621434688568115,-1.158989667892456,True
1710807515,fk_qslstm,ema,test,1000366,25,-0.9096822142601013,-1.4755240678787231,-1.4499244689941406,True
1710807515,fk_qslstm,ema,test,1000366,26,0.8351133465766907,-0.6793512105941772,-0.6694051623344421,True
1710807515,fk_qslstm,ema,test,1000366,27,-0.4978567957878113,-0.8421950936317444,-0.8453355431556702,True
1710807515,fk_qslstm,ema,test,1000366,28,-0.03624989092350006,-0.6955059766769409,-0.6971874833106995,True
1710807515,fk_qslstm,ema,test,1000366,29,-0.2279042750597,-0.6931473612785339,-0.6912057995796204,True
1710807515,fk_qslstm,ema,test,1000366,30,-0.7039289474487305,-0.9768752455711365,-0.9790924191474915,True
1710807515,fk_qslstm,ema,test,1000366,31,0.6617725491523743,-0.3844366669654846,-0.3776172995567322,True
1710807515,fk_qslstm,ema,test,1000367,0,0.6277047991752625,0.37662285566329956,0.37524816393852234,True
1710807515,fk_qslstm,ema,test,1000367,1,0.6928584575653076,0.7170133590698242,0.7256730198860168,True
1710807515,fk_qslstm,ema,test,1000367,2,0.5177160501480103,0.8842403292655945,0.8896455764770508,True
1710807515,fk_qslstm,ema,test,1000367,3,-0.3140488266944885,0.5189629793167114,0.5176241993904114,True
1710807515,fk_qslstm,ema,test,1000367,4,0.5841962099075317,0.7656880617141724,0.7672550678253174,True
1710807515,fk_qslstm,ema,test,1000367,5,0.4149927794933319,0.8615460991859436,0.8646221160888672,True
1710807515,fk_qslstm,ema,test,1000367,6,0.5912408232688904,1.0439814329147339,1.0500684976577759,True
1710807515,fk_qslstm,ema,test,1000367,7,-0.00818842276930809,0.8302720785140991,0.8335946202278137,True
1710807515,fk_qslstm,ema,test,1000367,8,0.8462260961532593,1.1719533205032349,1.1784212589263916,True
1710807515,fk_qslstm,ema,test,1000367,9,-0.36382856965065,0.7192655205726624,0.7211796045303345,True
1710807515,fk_qslstm,ema,test,1000367,10,0.7025002837181091,0.9969125986099243,1.0054709911346436,True
1710807515,fk_qslstm,ema,test,1000367,11,-0.7357943058013916,0.35605350136756897,0.35639747977256775,True
1710807515,fk_qslstm,ema,test,1000367,12,-0.08011407405138016,0.23677435517311096,0.23514991998672485,True
1710807515,fk_qslstm,ema,test,1000367,13,0.7288414835929871,0.626724362373352,0.6293725371360779,True
1710807515,fk_qslstm,ema,test,1000367,14,0.38813549280166626,0.7342607975006104,0.7366439700126648,True
1710807515,fk_qslstm,ema,test,1000367,15,-0.4714418649673462,0.30454352498054504,0.3029869794845581,True
1710807515,fk_qslstm,ema,test,1000367,16,-0.19857291877269745,0.12449105083942413,0.1250045746564865,True
1710807515,fk_qslstm,ema,test,1000367,17,-0.6588403582572937,-0.29571136832237244,-0.2933575510978699,True
1710807515,fk_qslstm,ema,test,1000367,18,0.9269165396690369,0.3195808231830597,0.3180186450481415,True
1710807515,fk_qslstm,ema,test,1000367,19,-0.3073985278606415,0.07122554630041122,0.07378296554088593,True
1710807515,fk_qslstm,ema,test,1000367,20,0.5818769931793213,0.4061066508293152,0.4050407409667969,True
1710807515,fk_qslstm,ema,test,1000367,21,0.9534657597541809,0.8969647884368896,0.9008831977844238,True
1710807515,fk_qslstm,ema,test,1000367,22,-0.8915610313415527,0.18263520300388336,0.1841631382703781,True
1710807515,fk_qslstm,ema,test,1000367,23,0.5624515414237976,0.4835790693759918,0.48175525665283203,True
1710807515,fk_qslstm,ema,test,1000367,24,-0.16844666004180908,0.28579527139663696,0.2864527702331543,True
1710807515,fk_qslstm,ema,test,1000367,25,0.13790877163410187,0.3113814890384674,0.3109380602836609,True
1710807515,fk_qslstm,ema,test,1000367,26,-0.9344393610954285,-0.31155845522880554,-0.30709755420684814,True
1710807515,fk_qslstm,ema,test,1000367,27,-0.1961514800786972,-0.36693763732910156,-0.3594687581062317,True
1710807515,fk_qslstm,ema,test,1000367,28,-0.14928030967712402,-0.38311830163002014,-0.37198203802108765,True
1710807515,fk_qslstm,ema,test,1000367,29,-0.7682614326477051,-0.7674515247344971,-0.762538492679596,True
1710807515,fk_qslstm,ema,test,1000367,30,0.24022182822227478,-0.4698280990123749,-0.46484583616256714,True
1710807515,fk_qslstm,ema,test,1000367,31,-0.9198699593544006,-0.9277844429016113,-0.9268509745597839,True
1710807515,fk_qslstm,ema,test,1000368,0,0.7889085412025452,0.4733451306819916,0.46827566623687744,True
1710807515,fk_qslstm,ema,test,1000368,1,-0.28459152579307556,0.20792119204998016,0.21845638751983643,True
1710807515,fk_qslstm,ema,test,1000368,2,0.27340492606163025,0.3303799033164978,0.32925736904144287,True
1710807515,fk_qslstm,ema,test,1000368,3,-0.1349724680185318,0.18332044780254364,0.18299038708209991,True
1710807515,fk_qslstm,ema,test,1000368,4,-0.09925361722707748,0.0871041938662529,0.08836677670478821,True
1710807515,fk_qslstm,ema,test,1000368,5,0.04457349702715874,0.09642744809389114,0.09839802980422974,True
1710807515,fk_qslstm,ema,test,1000368,6,-0.22493281960487366,-0.0578177310526371,-0.05207449197769165,True
1710807515,fk_qslstm,ema,test,1000368,7,0.2913677394390106,0.1285664588212967,0.13083487749099731,True
1710807515,fk_qslstm,ema,test,1000368,8,0.20043130218982697,0.22311194241046906,0.22381927073001862,True
1710807515,fk_qslstm,ema,test,1000368,9,-0.779636561870575,-0.2892923951148987,-0.2878320813179016,True
1710807515,fk_qslstm,ema,test,1000368,10,-0.9541025757789612,-0.8038954734802246,-0.8065260052680969,True
1710807515,fk_qslstm,ema,test,1000368,11,0.4908253252506256,-0.3486211597919464,-0.345318078994751,True
1710807515,fk_qslstm,ema,test,1000368,12,0.15794633328914642,-0.18412911891937256,-0.18132656812667847,True
1710807515,fk_qslstm,ema,test,1000368,13,-0.3024929165840149,-0.3287990391254425,-0.32425016164779663,True
1710807515,fk_qslstm,ema,test,1000368,14,0.439222514629364,0.0004942677333019674,0.0009045302867889404,True
1710807515,fk_qslstm,ema,test,1000368,15,0.9246474504470825,0.5551838874816895,0.5534051656723022,True
1710807515,fk_qslstm,ema,test,1000368,16,0.6984574794769287,0.8632215857505798,0.8647894263267517,True
1710807515,fk_qslstm,ema,test,1000368,17,0.23524752259254456,0.8317257761955261,0.8304020762443542,True
1710807515,fk_qslstm,ema,test,1000368,18,-0.21854889392852783,0.5342512726783752,0.5285006761550903,True
1710807515,fk_qslstm,ema,test,1000368,19,-0.6218776702880859,0.05427444353699684,0.048037946224212646,True
1710807515,fk_qslstm,ema,test,1000368,20,-0.2879166007041931,-0.12933039665222168,-0.1303040087223053,True
1710807515,fk_qslstm,ema,test,1000368,21,-0.8414653539657593,-0.6083435416221619,-0.6104516983032227,True
1710807515,fk_qslstm,ema,test,1000368,22,-0.6810118556022644,-0.895281970500946,-0.9013523459434509,True
1710807515,fk_qslstm,ema,test,1000368,23,0.25539788603782654,-0.5629867911338806,-0.5648518204689026,True
1710807515,fk_qslstm,ema,test,1000368,24,-0.9648276567459106,-1.0292860269546509,-1.0316622257232666,True
1710807515,fk_qslstm,ema,test,1000368,25,0.9010851383209229,-0.2827777564525604,-0.27908623218536377,True
1710807515,fk_qslstm,ema,test,1000368,26,0.4763246774673462,0.059572599828243256,0.058702051639556885,True
1710807515,fk_qslstm,ema,test,1000368,27,-0.5900219082832336,-0.3063550889492035,-0.30600273609161377,True
1710807515,fk_qslstm,ema,test,1000368,28,0.9164418578147888,0.304781049489975,0.2997684180736542,True
1710807515,fk_qslstm,ema,test,1000368,29,0.0557655394077301,0.277284175157547,0.27351072430610657,True
1710807515,fk_qslstm,ema,test,1000368,30,0.8144612908363342,0.7105041146278381,0.7097631692886353,True
1710807515,fk_qslstm,ema,test,1000368,31,-0.5568878650665283,0.23427054286003113,0.2307048738002777,True
1710807515,fk_qslstm,ema,test,1000369,0,0.5367575883865356,0.32205453515052795,0.32151827216148376,True
1710807515,fk_qslstm,ema,test,1000369,1,0.7402423024177551,0.7017890214920044,0.7093195915222168,True
1710807515,fk_qslstm,ema,test,1000369,2,0.052387312054634094,0.5928635597229004,0.5919315218925476,True
1710807515,fk_qslstm,ema,test,1000369,3,0.42191794514656067,0.7274416089057922,0.7261852025985718,True
1710807515,fk_qslstm,ema,test,1000369,4,0.06181696057319641,0.6190434694290161,0.6159924268722534,True
1710807515,fk_qslstm,ema,test,1000369,5,-0.5455320477485657,0.16791555285453796,0.16433855891227722,True
1710807515,fk_qslstm,ema,test,1000369,6,0.9300553798675537,0.6923657059669495,0.6912949085235596,True
1710807515,fk_qslstm,ema,test,1000369,7,0.363264262676239,0.771851122379303,0.7706526517868042,True
1710807515,fk_qslstm,ema,test,1000369,8,0.09637186676263809,0.6753039956092834,0.671669602394104,True
1710807515,fk_qslstm,ema,test,1000369,9,-0.9093395471572876,-0.005360508803278208,-0.005987972021102905,True
1710807515,fk_qslstm,ema,test,1000369,10,-0.12820880115032196,-0.08121368288993835,-0.07768023014068604,True
1710807515,fk_qslstm,ema,test,1000369,11,0.5325788855552673,0.2545763850212097,0.2576843500137329,True
1710807515,fk_qslstm,ema,test,1000369,12,-0.18038271367549896,0.09543147683143616,0.10224604606628418,True
1710807515,fk_qslstm,ema,test,1000369,13,-0.39654064178466797,-0.1615792065858841,-0.15271061658859253,True
1710807515,fk_qslstm,ema,test,1000369,14,-0.9933522343635559,-0.7252747416496277,-0.7179499268531799,True
1710807515,fk_qslstm,ema,test,1000369,15,0.5947607755661011,-0.22336332499980927,-0.2127748727798462,True
1710807515,fk_qslstm,ema,test,1000369,16,-0.4572725296020508,-0.45305418968200684,-0.441883385181427,True
1710807515,fk_qslstm,ema,test,1000369,17,0.05534840002655983,-0.3292343020439148,-0.3203740119934082,True
1710807515,fk_qslstm,ema,test,1000369,18,0.5305255651473999,0.05492788180708885,0.058980897068977356,True
1710807515,fk_qslstm,ema,test,1000369,19,-0.13016916811466217,-0.03415919467806816,-0.028384029865264893,True
1710807515,fk_qslstm,ema,test,1000369,20,0.745035707950592,0.41969406604766846,0.42183446884155273,True
1710807515,fk_qslstm,ema,test,1000369,21,-0.5046833157539368,0.03294524550437927,0.03639158606529236,True
1710807515,fk_qslstm,ema,test,1000369,22,-0.4014471173286438,-0.21451206505298615,-0.2105940580368042,True
1710807515,fk_qslstm,ema,test,1000369,23,-0.317074179649353,-0.3618541657924652,-0.3554134964942932,True
1710807515,fk_qslstm,ema,test,1000369,24,-0.969464123249054,-0.8711618185043335,-0.8670061230659485,True
1710807515,fk_qslstm,ema,test,1000369,25,-0.793343186378479,-1.1729353666305542,-1.169447660446167,True
1710807515,fk_qslstm,ema,test,1000369,26,0.2366899996995926,-0.7963342666625977,-0.7956516146659851,True
1710807515,fk_qslstm,ema,test,1000369,27,0.635951042175293,-0.2554967999458313,-0.2532930374145508,True
1710807515,fk_qslstm,ema,test,1000369,28,0.8357900977134705,0.29707661271095276,0.2950379252433777,True
1710807515,fk_qslstm,ema,test,1000369,29,-0.18765540421009064,0.1250680536031723,0.12637171149253845,True
1710807515,fk_qslstm,ema,test,1000369,30,0.08240887522697449,0.149499773979187,0.14967948198318481,True
1710807515,fk_qslstm,ema,test,1000369,31,0.6253987550735474,0.494839072227478,0.4956219792366028,True
1710807515,fk_qslstm,ema,test,1000370,0,-0.9640811085700989,-0.5784486532211304,-0.5636848211288452,True
1710807515,fk_qslstm,ema,test,1000370,1,0.33072030544281006,-0.2643267512321472,-0.26433664560317993,True
1710807515,fk_qslstm,ema,test,1000370,2,-0.8069806694984436,-0.6956498026847839,-0.7014268040657043,True
1710807515,fk_qslstm,ema,test,1000370,3,-0.18574285507202148,-0.6679655909538269,-0.6723612546920776,True
1710807515,fk_qslstm,ema,test,1000370,4,0.47258010506629944,-0.2508243918418884,-0.247708261013031,True
1710807515,fk_qslstm,ema,test,1000370,5,0.4152753949165344,0.048505716025829315,0.05053013563156128,True
1710807515,fk_qslstm,ema,test,1000370,6,0.7420348525047302,0.4840254783630371,0.48537957668304443,True
1710807515,fk_qslstm,ema,test,1000370,7,0.8832504749298096,0.9171706438064575,0.9234715104103088,True
1710807515,fk_qslstm,ema,test,1000370,8,-0.48145434260368347,0.4448639154434204,0.4437864124774933,True
1710807515,fk_qslstm,ema,test,1000370,9,-0.6121296286582947,-0.011386627331376076,-0.014161139726638794,True
1710807515,fk_qslstm,ema,test,1000370,10,0.6497114300727844,0.38071757555007935,0.3777603209018707,True
1710807515,fk_qslstm,ema,test,1000370,11,0.8089102506637573,0.7899202108383179,0.7937566637992859,True
1710807515,fk_qslstm,ema,test,1000370,12,0.15530233085155487,0.725117564201355,0.7250039577484131,True
1710807515,fk_qslstm,ema,test,1000370,13,0.11360828578472137,0.6482589840888977,0.6455384492874146,True
1710807515,fk_qslstm,ema,test,1000370,14,0.9448680877685547,1.085528016090393,1.0880181789398193,True
1710807515,fk_qslstm,ema,test,1000370,15,-0.3945501744747162,0.6316923499107361,0.6274737119674683,True
1710807515,fk_qslstm,ema,test,1000370,16,0.4573827385902405,0.7797835469245911,0.7776471376419067,True
1710807515,fk_qslstm,ema,test,1000370,17,-0.9592425227165222,0.04828130826354027,0.05082544684410095,True
1710807515,fk_qslstm,ema,test,1000370,18,0.47932884097099304,0.32622236013412476,0.32618045806884766,True
1710807515,fk_qslstm,ema,test,1000370,19,0.46264421939849854,0.5385643839836121,0.5406316518783569,True
1710807515,fk_qslstm,ema,test,1000370,20,0.5896692276000977,0.7846530675888062,0.7902524471282959,True
1710807515,fk_qslstm,ema,test,1000370,21,-0.9894153475761414,0.034073252230882645,0.04652148485183716,True
1710807515,fk_qslstm,ema,test,1000370,22,-0.15530753135681152,-0.06592591106891632,-0.05213698744773865,True
1710807515,fk_qslstm,ema,test,1000370,23,0.002618711441755295,-0.051169503480196,-0.03554177284240723,True
1710807515,fk_qslstm,ema,test,1000370,24,-0.7710726857185364,-0.5035791993141174,-0.4914998412132263,True
1710807515,fk_qslstm,ema,test,1000370,25,-0.3931635916233063,-0.6387615203857422,-0.6288847327232361,True
1710807515,fk_qslstm,ema,test,1000370,26,-0.5217129588127136,-0.8240370154380798,-0.8173442482948303,True
1710807515,fk_qslstm,ema,test,1000370,27,-0.09346703439950943,-0.7153097987174988,-0.7082096934318542,True
1710807515,fk_qslstm,ema,test,1000370,28,-0.7152652144432068,-1.0014070272445679,-0.9998831152915955,True
1710807515,fk_qslstm,ema,test,1000370,29,-0.766871452331543,-1.2612484693527222,-1.2576968669891357,True
1710807515,fk_qslstm,ema,test,1000370,30,-0.3041263520717621,-1.1914745569229126,-1.1943299770355225,True
1710807515,fk_qslstm,ema,test,1000370,31,0.19813856482505798,-0.8342965245246887,-0.8418708443641663,True
1710807515,fk_qslstm,ema,test,1000371,0,-0.9457681179046631,-0.567460834980011,-0.553987443447113,True
1710807515,fk_qslstm,ema,test,1000371,1,-0.519271194934845,-0.7655314207077026,-0.7710543274879456,True
1710807515,fk_qslstm,ema,test,1000371,2,-0.00645969994366169,-0.6163009405136108,-0.6229441165924072,True
1710807515,fk_qslstm,ema,test,1000371,3,0.35328179597854614,-0.2810716927051544,-0.28029805421829224,True
1710807515,fk_qslstm,ema,test,1000371,4,0.5165910124778748,0.08509727567434311,0.08638066053390503,True
1710807515,fk_qslstm,ema,test,1000371,5,0.9310126304626465,0.626685380935669,0.6275022029876709,True
1710807515,fk_qslstm,ema,test,1000371,6,0.8550087809562683,1.014353632926941,1.0190813541412354,True
1710807515,fk_qslstm,ema,test,1000371,7,-0.3521202504634857,0.6002107262611389,0.5988074541091919,True
1710807515,fk_qslstm,ema,test,1000371,8,-0.8684160709381104,-0.04088104888796806,-0.04258793592453003,True
1710807515,fk_qslstm,ema,test,1000371,9,0.03787709027528763,-0.009978586807847023,-0.009861022233963013,True
1710807515,fk_qslstm,ema,test,1000371,10,0.994526743888855,0.5887331366539001,0.5874896049499512,True
1710807515,fk_qslstm,ema,test,1000371,11,0.6166354417800903,0.8409678339958191,0.84183269739151,True
1710807515,fk_qslstm,ema,test,1000371,12,0.3039092421531677,0.8551197648048401,0.8544304966926575,True
1710807515,fk_qslstm,ema,test,1000371,13,0.5824670791625977,1.0335760116577148,1.03645920753479,True
1710807515,fk_qslstm,ema,test,1000371,14,-0.12037038803100586,0.7546386122703552,0.7539846301078796,True
1710807515,fk_qslstm,ema,test,1000371,15,-0.22656700015068054,0.46777069568634033,0.4639987647533417,True
1710807515,fk_qslstm,ema,test,1000371,16,-0.5055156350135803,0.07090717554092407,0.06836307048797607,True
1710807515,fk_qslstm,ema,test,1000371,17,-0.6137959957122803,-0.31155186891555786,-0.3125110864639282,True
1710807515,fk_qslstm,ema,test,1000371,18,-0.2804684340953827,-0.4175225496292114,-0.4143090844154358,True
1710807515,fk_qslstm,ema,test,1000371,19,0.22432638704776764,-0.1994222104549408,-0.1963903307914734,True
1710807515,fk_qslstm,ema,test,1000371,20,0.3079003393650055,0.02520243637263775,0.02435702085494995,True
1710807515,fk_qslstm,ema,test,1000371,21,0.8951712250709534,0.5572646856307983,0.5545729994773865,True
1710807515,fk_qslstm,ema,test,1000371,22,0.16098284721374512,0.5424014329910278,0.536290168762207,True
1710807515,fk_qslstm,ema,test,1000371,23,0.4785332977771759,0.7210411429405212,0.7163420915603638,True
1710807515,fk_qslstm,ema,test,1000371,24,-0.99583899974823,-0.020670482888817787,-0.016909301280975342,True
1710807515,fk_qslstm,ema,test,1000371,25,-0.20902372896671295,-0.14195062220096588,-0.13511502742767334,True
1710807515,fk_qslstm,ema,test,1000371,26,0.1017676442861557,-0.052499908953905106,-0.04422387480735779,True
1710807515,fk_qslstm,ema,test,1000371,27,-0.2007334679365158,-0.16244001686573029,-0.15113908052444458,True
1710807515,fk_qslstm,ema,test,1000371,28,0.4305250942707062,0.12836305797100067,0.13436225056648254,True
1710807515,fk_qslstm,ema,test,1000371,29,0.326913982629776,0.2988388240337372,0.30153506994247437,True
1710807515,fk_qslstm,ema,test,1000371,30,0.6111884117126465,0.6057841181755066,0.6090473532676697,True
1710807515,fk_qslstm,ema,test,1000371,31,0.13670985400676727,0.5666531920433044,0.5674774646759033,True
1710807515,fk_qslstm,ema,test,1000372,0,-0.7306899428367615,-0.43841397762298584,-0.4339355230331421,True
1710807515,fk_qslstm,ema,test,1000372,1,0.462927907705307,-0.07297444343566895,-0.08013087511062622,True
1710807515,fk_qslstm,ema,test,1000372,2,-0.21986813843250275,-0.19030043482780457,-0.1925773024559021,True
1710807515,fk_qslstm,ema,test,1000372,3,0.6856464743614197,0.2591475248336792,0.25536611676216125,True
1710807515,fk_qslstm,ema,test,1000372,4,-0.20994074642658234,0.0813535675406456,0.08461247384548187,True
1710807515,fk_qslstm,ema,test,1000372,5,0.4098849296569824,0.3110138177871704,0.3116130530834198,True
1710807515,fk_qslstm,ema,test,1000372,6,0.0827675461769104,0.2984715700149536,0.3003808856010437,True
1710807515,fk_qslstm,ema,test,1000372,7,0.3545156419277191,0.45148664712905884,0.45254087448120117,True
1710807515,fk_qslstm,ema,test,1000372,8,0.4859063923358917,0.6527331471443176,0.655823826789856,True
1710807515,fk_qslstm,ema,test,1000372,9,-0.2792026698589325,0.3546649217605591,0.35731983184814453,True
1710807515,fk_qslstm,ema,test,1000372,10,0.11575310677289963,0.3531838059425354,0.35524609684944153,True
1710807515,fk_qslstm,ema,test,1000372,11,-0.5224319100379944,-0.03091210313141346,-0.02517300844192505,True
1710807515,fk_qslstm,ema,test,1000372,12,0.7412382960319519,0.42001327872276306,0.42463865876197815,True
1710807515,fk_qslstm,ema,test,1000372,13,0.4059106111526489,0.5795570015907288,0.584301769733429,True
1710807515,fk_qslstm,ema,test,1000372,14,-0.21099096536636353,0.33705103397369385,0.34080368280410767,True
1710807515,fk_qslstm,ema,test,1000372,15,0.6816054582595825,0.6786041259765625,0.685150682926178,True
1710807515,fk_qslstm,ema,test,1000372,16,-0.5045209527015686,0.2401707023382187,0.24473506212234497,True
1710807515,fk_qslstm,ema,test,1000372,17,0.005915020126849413,0.19568556547164917,0.19950002431869507,True
1710807515,fk_qslstm,ema,test,1000372,18,0.8800429701805115,0.6845742464065552,0.6918331384658813,True
1710807515,fk_qslstm,ema,test,1000372,19,0.4840991497039795,0.8381189107894897,0.8453598022460938,True
1710807515,fk_qslstm,ema,test,1000372,20,-0.8606009483337402,0.15413455665111542,0.1591072678565979,True
1710807515,fk_qslstm,ema,test,1000372,21,0.10688669234514236,0.1874396651983261,0.1903938353061676,True
1710807515,fk_qslstm,ema,test,1000372,22,0.40142354369163513,0.39080584049224854,0.39390188455581665,True
1710807515,fk_qslstm,ema,test,1000372,23,-0.8844946026802063,-0.21805208921432495,-0.21138399839401245,True
1710807515,fk_qslstm,ema,test,1000372,24,-0.5800206661224365,-0.5224540829658508,-0.5187109112739563,True
1710807515,fk_qslstm,ema,test,1000372,25,0.15428605675697327,-0.32539162039756775,-0.3191612958908081,True
1710807515,fk_qslstm,ema,test,1000372,26,0.6035731434822083,0.10183060169219971,0.10504499077796936,True
1710807515,fk_qslstm,ema,test,1000372,27,0.4546228051185608,0.3542381525039673,0.35426175594329834,True
1710807515,fk_qslstm,ema,test,1000372,28,-0.3326452374458313,0.08380337804555893,0.08625617623329163,True
1710807515,fk_qslstm,ema,test,1000372,29,0.5195828676223755,0.3787924349308014,0.3782925009727478,True
1710807515,fk_qslstm,ema,test,1000372,30,0.43875399231910706,0.5662863254547119,0.5665428638458252,True
1710807515,fk_qslstm,ema,test,1000372,31,0.2558227777481079,0.6065227389335632,0.6057330965995789,True
1710807515,fk_qslstm,ema,test,1000373,0,-0.7753244042396545,-0.4651946425437927,-0.45962125062942505,True
1710807515,fk_qslstm,ema,test,1000373,1,-0.0024999778252094984,-0.3736557066440582,-0.37887775897979736,True
1710807515,fk_qslstm,ema,test,1000373,2,0.3019756078720093,-0.11773920804262161,-0.12407141923904419,True
1710807515,fk_qslstm,ema,test,1000373,3,-0.9767944812774658,-0.6802680492401123,-0.6847658157348633,True
1710807515,fk_qslstm,ema,test,1000373,4,0.14932231605052948,-0.4546210467815399,-0.4552620053291321,True
1710807515,fk_qslstm,ema,test,1000373,5,-0.21092954277992249,-0.49025455117225647,-0.48597824573516846,True
1710807515,fk_qslstm,ema,test,1000373,6,-0.1257028579711914,-0.46762537956237793,-0.46087199449539185,True
1710807515,fk_qslstm,ema,test,1000373,7,-0.35741543769836426,-0.5885495543479919,-0.5815180540084839,True
1710807515,fk_qslstm,ema,test,1000373,8,-0.27245157957077026,-0.6343106031417847,-0.6272914409637451,True
1710807515,fk_qslstm,ema,test,1000373,9,-0.5398221015930176,-0.8313417434692383,-0.8283389210700989,True
1710807515,fk_qslstm,ema,test,1000373,10,0.3478568494319916,-0.45635926723480225,-0.4523330330848694,True
1710807515,fk_qslstm,ema,test,1000373,11,-0.05923045054078102,-0.40062570571899414,-0.39685505628585815,True
1710807515,fk_qslstm,ema,test,1000373,12,-0.6301941275596619,-0.6986170411109924,-0.7002050280570984,True
1710807515,fk_qslstm,ema,test,1000373,13,0.5637850761413574,-0.22062258422374725,-0.2209511399269104,True
1710807515,fk_qslstm,ema,test,1000373,14,-0.17448894679546356,-0.2811914384365082,-0.2789015769958496,True
1710807515,fk_qslstm,ema,test,1000373,15,-0.23014982044696808,-0.36304304003715515,-0.3602091073989868,True
1710807515,fk_qslstm,ema,test,1000373,16,0.8814877271652222,0.23845820128917694,0.2364124357700348,True
1710807515,fk_qslstm,ema,test,1000373,17,-0.05146047845482826,0.159890279173851,0.15874376893043518,True
1710807515,fk_qslstm,ema,test,1000373,18,0.45710694789886475,0.4021763801574707,0.39740660786628723,True
1710807515,fk_qslstm,ema,test,1000373,19,0.7355391979217529,0.7630646228790283,0.7637150287628174,True
1710807515,fk_qslstm,ema,test,1000373,20,0.11927750706672668,0.6820182204246521,0.6795307993888855,True
1710807515,fk_qslstm,ema,test,1000373,21,0.7326157093048096,0.9851840138435364,0.9888841509819031,True
1710807515,fk_qslstm,ema,test,1000373,22,-0.1496906578540802,0.6983327865600586,0.6976794004440308,True
1710807515,fk_qslstm,ema,test,1000373,23,-0.7491471767425537,0.10917794704437256,0.10540889203548431,True
1710807515,fk_qslstm,ema,test,1000373,24,0.2357778251171112,0.22880905866622925,0.22435390949249268,True
1710807515,fk_qslstm,ema,test,1000373,25,-0.7593512535095215,-0.27256351709365845,-0.2732524275779724,True
1710807515,fk_qslstm,ema,test,1000373,26,0.4466821253299713,0.049958474934101105,0.047257035970687866,True
1710807515,fk_qslstm,ema,test,1000373,27,0.7164717316627502,0.4698498249053955,0.4685605764389038,True
1710807515,fk_qslstm,ema,test,1000373,28,0.9826577305793762,0.9654744863510132,0.9678111672401428,True
1710807515,fk_qslstm,ema,test,1000373,29,0.7787700295448303,1.2396416664123535,1.2378590106964111,True
1710807515,fk_qslstm,ema,test,1000373,30,0.3142458498477936,1.1802607774734497,1.179680347442627,True
1710807515,fk_qslstm,ema,test,1000373,31,0.7605583071708679,1.4005436897277832,1.3921544551849365,True
1710807515,fk_qslstm,ema,test,1000374,0,0.5403913855552673,0.32423484325408936,0.32367652654647827,True
1710807515,fk_qslstm,ema,test,1000374,1,0.975856363773346,0.8449016809463501,0.8513337969779968,True
1710807515,fk_qslstm,ema,test,1000374,2,0.4393148124217987,0.9395102262496948,0.9402773976325989,True
1710807515,fk_qslstm,ema,test,1000374,3,-0.003841440426185727,0.7493033409118652,0.7452290058135986,True
1710807515,fk_qslstm,ema,test,1000374,4,-0.827414870262146,0.10299373418092728,0.09616108238697052,True
1710807515,fk_qslstm,ema,test,1000374,5,-0.8782707452774048,-0.4445674419403076,-0.4518125653266907,True
1710807515,fk_qslstm,ema,test,1000374,6,0.7880077362060547,0.1171506866812706,0.11265513300895691,True
1710807515,fk_qslstm,ema,test,1000374,7,-0.9799495339393616,-0.494249165058136,-0.4912331700325012,True
1710807515,fk_qslstm,ema,test,1000374,8,-0.1533164381980896,-0.4873892068862915,-0.4837583899497986,True
1710807515,fk_qslstm,ema,test,1000374,9,0.06568606197834015,-0.3504997193813324,-0.3448689579963684,True
1710807515,fk_qslstm,ema,test,1000374,10,0.06755834072828293,-0.239864781498909,-0.23483878374099731,True
1710807515,fk_qslstm,ema,test,1000374,11,0.16893061995506287,-0.09053345024585724,-0.08842509984970093,True
1710807515,fk_qslstm,ema,test,1000374,12,-0.9344175457954407,-0.6330772638320923,-0.6321648955345154,True
1710807515,fk_qslstm,ema,test,1000374,13,0.7491806149482727,-0.05695347115397453,-0.05516177415847778,True
1710807515,fk_qslstm,ema,test,1000374,14,0.3516591191291809,0.16543269157409668,0.16446158289909363,True
1710807515,fk_qslstm,ema,test,1000374,15,-0.1976972073316574,0.013727830722928047,0.015391349792480469,True
1710807515,fk_qslstm,ema,test,1000374,16,-0.9923350214958191,-0.584418773651123,-0.5813501477241516,True
1710807515,fk_qslstm,ema,test,1000374,17,-0.10409314930438995,-0.5299909114837646,-0.5244514346122742,True
1710807515,fk_qslstm,ema,test,1000374,18,0.5796140432357788,-0.07622430473566055,-0.07070142030715942,True
1710807515,fk_qslstm,ema,test,1000374,19,-0.22105950117111206,-0.1936151385307312,-0.18515723943710327,True
1710807515,fk_qslstm,ema,test,1000374,20,-0.854450523853302,-0.6675624251365662,-0.6649736762046814,True
1710807515,fk_qslstm,ema,test,1000374,21,-0.6609536409378052,-0.9306221008300781,-0.9336535334587097,True
1710807515,fk_qslstm,ema,test,1000374,22,0.489093542098999,-0.4510415494441986,-0.44870811700820923,True
1710807515,fk_qslstm,ema,test,1000374,23,0.29753202199935913,-0.18231403827667236,-0.18269526958465576,True
1710807515,fk_qslstm,ema,test,1000374,24,0.1299387812614441,-0.06788796186447144,-0.07000857591629028,True
1710807515,fk_qslstm,ema,test,1000374,25,-0.39288023114204407,-0.290038526058197,-0.28934192657470703,True
1710807515,fk_qslstm,ema,test,1000374,26,0.4718821346759796,0.05109846591949463,0.04806974530220032,True
1710807515,fk_qslstm,ema,test,1000374,27,-0.29857513308525085,-0.13826631009578705,-0.13648194074630737,True
1710807515,fk_qslstm,ema,test,1000374,28,0.18248456716537476,-0.0011223099427297711,-0.0023291409015655518,True
1710807515,fk_qslstm,ema,test,1000374,29,-0.3155032694339752,-0.1901998221874237,-0.18747243285179138,True
1710807515,fk_qslstm,ema,test,1000374,30,0.595380961894989,0.20506873726844788,0.2036541998386383,True
1710807515,fk_qslstm,ema,test,1000374,31,-0.6001458764076233,-0.1960325390100479,-0.19468972086906433,True
1710807515,fk_qslstm,ema,test,1000375,0,-0.06582114100456238,-0.039492685347795486,-0.03815966844558716,True
1710807515,fk_qslstm,ema,test,1000375,1,-0.7192009091377258,-0.4631146788597107,-0.4610772132873535,True
1710807515,fk_qslstm,ema,test,1000375,2,0.1860302984714508,-0.2588735818862915,-0.2651641368865967,True
1710807515,fk_qslstm,ema,test,1000375,3,0.4891003668308258,0.086361363530159,0.07904735207557678,True
1710807515,fk_qslstm,ema,test,1000375,4,0.377145379781723,0.29537633061408997,0.28736841678619385,True
1710807515,fk_qslstm,ema,test,1000375,5,0.21776054799556732,0.3669573962688446,0.3594638407230377,True
1710807515,fk_qslstm,ema,test,1000375,6,-0.9817445278167725,-0.29548078775405884,-0.2945908308029175,True
1710807515,fk_qslstm,ema,test,1000375,7,-0.389193058013916,-0.4699004888534546,-0.4669134020805359,True
1710807515,fk_qslstm,ema,test,1000375,8,0.35597988963127136,-0.1623324453830719,-0.15791088342666626,True
1710807515,fk_qslstm,ema,test,1000375,9,0.044415753334760666,-0.1032165065407753,-0.09792611002922058,True
1710807515,fk_qslstm,ema,test,1000375,10,-0.8207030892372131,-0.5749950408935547,-0.573340892791748,True
1710807515,fk_qslstm,ema,test,1000375,11,0.11593842506408691,-0.39043301343917847,-0.388577401638031,True
1710807515,fk_qslstm,ema,test,1000375,12,0.9559128284454346,0.26120129227638245,0.25708314776420593,True
1710807515,fk_qslstm,ema,test,1000375,13,0.9802383184432983,0.797104001045227,0.7939884662628174,True
1710807515,fk_qslstm,ema,test,1000375,14,0.21113111078739166,0.7643618583679199,0.7562323808670044,True
1710807515,fk_qslstm,ema,test,1000375,15,0.20327486097812653,0.7334544062614441,0.7235101461410522,True
1710807515,fk_qslstm,ema,test,1000375,16,-0.3981502652168274,0.34787338972091675,0.3362363278865814,True
1710807515,fk_qslstm,ema,test,1000375,17,0.9716466069221497,0.8612866401672363,0.8556246161460876,True
1710807515,fk_qslstm,ema,test,1000375,18,-0.3747759461402893,0.46416378021240234,0.4531896114349365,True
1710807515,fk_qslstm,ema,test,1000375,19,0.42100808024406433,0.623935878276825,0.6134610176086426,True
1710807515,fk_qslstm,ema,test,1000375,20,0.8235659599304199,0.9932882785797119,0.9920125603675842,True
1710807515,fk_qslstm,ema,test,1000375,21,-0.854861319065094,0.2817138135433197,0.27887365221977234,True
1710807515,fk_qslstm,ema,test,1000375,22,0.3009832203388214,0.40596097707748413,0.4005042314529419,True
1710807515,fk_qslstm,ema,test,1000375,23,0.6521430015563965,0.7160546183586121,0.71696937084198,True
1710807515,fk_qslstm,ema,test,1000375,24,-0.44317689538002014,0.3069375455379486,0.3057647943496704,True
1710807515,fk_qslstm,ema,test,1000375,25,0.6664731502532959,0.6454339027404785,0.646452009677887,True
1710807515,fk_qslstm,ema,test,1000375,26,-0.9857016801834106,-0.07507387548685074,-0.06536209583282471,True
1710807515,fk_qslstm,ema,test,1000375,27,-0.3441500663757324,-0.26654914021492004,-0.2555080056190491,True
1710807515,fk_qslstm,ema,test,1000375,28,0.8990739583969116,0.3262050747871399,0.33379632234573364,True
1710807515,fk_qslstm,ema,test,1000375,29,0.36428752541542053,0.4795365631580353,0.4845961928367615,True
1710807515,fk_qslstm,ema,test,1000375,30,-0.27223193645477295,0.22029009461402893,0.22514140605926514,True
1710807515,fk_qslstm,ema,test,1000375,31,-0.9421240091323853,-0.38904231786727905,-0.3827376365661621,True
1710807515,fk_qslstm,ema,test,1000376,0,0.09335020929574966,0.05601012706756592,0.05659358203411102,True
1710807515,fk_qslstm,ema,test,1000376,1,0.25472453236579895,0.19764281809329987,0.19507116079330444,True
1710807515,fk_qslstm,ema,test,1000376,2,0.42789992690086365,0.4148541986942291,0.40544945001602173,True
1710807515,fk_qslstm,ema,test,1000376,3,0.17754460871219635,0.4384101331233978,0.43029242753982544,True
1710807515,fk_qslstm,ema,test,1000376,4,-0.8776625990867615,-0.17586946487426758,-0.17882871627807617,True
1710807515,fk_qslstm,ema,test,1000376,5,-0.2781870365142822,-0.3076077997684479,-0.3059425950050354,True
1710807515,fk_qslstm,ema,test,1000376,6,0.9936022162437439,0.3500750958919525,0.34709715843200684,True
1710807515,fk_qslstm,ema,test,1000376,7,0.4728104770183563,0.5637463331222534,0.5604175329208374,True
1710807515,fk_qslstm,ema,test,1000376,8,-0.42164549231529236,0.19800978899002075,0.1948949098587036,True
1710807515,fk_qslstm,ema,test,1000376,9,0.7494179010391235,0.6080585718154907,0.6066696643829346,True
1710807515,fk_qslstm,ema,test,1000376,10,0.31676533818244934,0.6765060424804688,0.6753365993499756,True
1710807515,fk_qslstm,ema,test,1000376,11,-0.10036317259073257,0.48098695278167725,0.4781358242034912,True
1710807515,fk_qslstm,ema,test,1000376,12,-0.6943403482437134,-0.03181463107466698,-0.03382769227027893,True
1710807515,fk_qslstm,ema,test,1000376,13,-0.8093045353889465,-0.5110344290733337,-0.5148998498916626,True
1710807515,fk_qslstm,ema,test,1000376,14,0.9640013575553894,0.16957329213619232,0.16460725665092468,True
1710807515,fk_qslstm,ema,test,1000376,15,0.045714814215898514,0.16308753192424774,0.1608729511499405,True
1710807515,fk_qslstm,ema,test,1000376,16,-0.46843162178993225,-0.15058894455432892,-0.15019762516021729,True
1710807515,fk_qslstm,ema,test,1000376,17,0.6023411750793457,0.24093355238437653,0.23842978477478027,True
1710807515,fk_qslstm,ema,test,1000376,18,0.7033737301826477,0.6147710680961609,0.6154357194900513,True
1710807515,fk_qslstm,ema,test,1000376,19,-0.919630229473114,-0.05996129661798477,-0.05542686581611633,True
1710807515,fk_qslstm,ema,test,1000376,20,-0.5965601205825806,-0.4059050977230072,-0.40411657094955444,True
1710807515,fk_qslstm,ema,test,1000376,21,0.8936043381690979,0.21143852174282074,0.21145448088645935,True
1710807515,fk_qslstm,ema,test,1000376,22,-0.20336100459098816,0.047134216874837875,0.05169829726219177,True
1710807515,fk_qslstm,ema,test,1000376,23,-0.7580122351646423,-0.4170999526977539,-0.41543370485305786,True
1710807515,fk_qslstm,ema,test,1000376,24,0.38029399514198303,-0.10550357401371002,-0.10583263635635376,True
1710807515,fk_qslstm,ema,test,1000376,25,-0.2778454124927521,-0.25111010670661926,-0.24689489603042603,True
1710807515,fk_qslstm,ema,test,1000376,26,-0.5696166157722473,-0.5426580905914307,-0.5411276817321777,True
1710807515,fk_qslstm,ema,test,1000376,27,0.5618572235107422,-0.09701212495565414,-0.09645456075668335,True
1710807515,fk_qslstm,ema,test,1000376,28,0.13343657553195953,0.0024522445164620876,0.0019165277481079102,True
1710807515,fk_qslstm,ema,test,1000376,29,-0.3194505274295807,-0.18970853090286255,-0.18784046173095703,True
1710807515,fk_qslstm,ema,test,1000376,30,0.05472779646515846,-0.1189301386475563,-0.11782830953598022,True
1710807515,fk_qslstm,ema,test,1000376,31,0.41528692841529846,0.1540280431509018,0.15125787258148193,True
1710807515,fk_qslstm,ema,test,1000377,0,-0.33691930770874023,-0.2021515965461731,-0.1999812126159668,True
1710807515,fk_qslstm,ema,test,1000377,1,-0.29896798729896545,-0.34110206365585327,-0.34067827463150024,True
1710807515,fk_qslstm,ema,test,1000377,2,0.00769656291231513,-0.26826372742652893,-0.27130329608917236,True
1710807515,fk_qslstm,ema,test,1000377,3,-0.9444789886474609,-0.7812983989715576,-0.7861594557762146,True
1710807515,fk_qslstm,ema,test,1000377,4,-0.9421308636665344,-1.1903172731399536,-1.1917297840118408,True
1710807515,fk_qslstm,ema,test,1000377,5,-0.07546405494213104,-0.9975321888923645,-1.0019557476043701,True
1710807515,fk_qslstm,ema,test,1000377,6,0.8910588622093201,-0.263390451669693,-0.25954437255859375,True
1710807515,fk_qslstm,ema,test,1000377,7,-0.8198622465133667,-0.7026297450065613,-0.7025600075721741,True
1710807515,fk_qslstm,ema,test,1000377,8,-0.9529520869255066,-1.1338750123977661,-1.1351501941680908,True
1710807515,fk_qslstm,ema,test,1000377,9,-0.856627881526947,-1.421076774597168,-1.4065814018249512,True
1710807515,fk_qslstm,ema,test,1000377,10,-0.19930846989154816,-1.2564464807510376,-1.2567620277404785,True
1710807515,fk_qslstm,ema,test,1000377,11,-0.37414905428886414,-1.2296465635299683,-1.2399654388427734,True
1710807515,fk_qslstm,ema,test,1000377,12,-0.2776431441307068,-1.1503031253814697,-1.1653707027435303,True
1710807515,fk_qslstm,ema,test,1000377,13,-0.17615455389022827,-1.0259352922439575,-1.0407743453979492,True
1710807515,fk_qslstm,ema,test,1000377,14,-0.3617208003997803,-1.0377806425094604,-1.0503740310668945,True
1710807515,fk_qslstm,ema,test,1000377,15,-0.7078915238380432,-1.2549594640731812,-1.2625317573547363,True
1710807515,fk_qslstm,ema,test,1000377,16,0.024242859333753586,-0.9894218444824219,-0.9990120530128479,True
1710807515,fk_qslstm,ema,test,1000377,17,0.7775807976722717,-0.3249890208244324,-0.32023459672927856,True
1710807515,fk_qslstm,ema,test,1000377,18,0.31690332293510437,-0.06984923034906387,-0.06255114078521729,True
1710807515,fk_qslstm,ema,test,1000377,19,-0.6851947903633118,-0.46699628233909607,-0.4604441523551941,True
1710807515,fk_qslstm,ema,test,1000377,20,-0.7247540950775146,-0.8084494471549988,-0.8087945580482483,True
1710807515,fk_qslstm,ema,test,1000377,21,0.9070895314216614,-0.1025058776140213,-0.09649914503097534,True
1710807515,fk_qslstm,ema,test,1000377,22,-0.30977189540863037,-0.2678678333759308,-0.2571437954902649,True
1710807515,fk_qslstm,ema,test,1000377,23,0.6246780157089233,0.1605125516653061,0.16552308201789856,True
1710807515,fk_qslstm,ema,test,1000377,24,0.8699281811714172,0.6503669619560242,0.656259298324585,True
1710807515,fk_qslstm,ema,test,1000377,25,0.2560768723487854,0.6739397048950195,0.6756500005722046,True
1710807515,fk_qslstm,ema,test,1000377,26,-0.6638393998146057,0.1408481001853943,0.13909777998924255,True
1710807515,fk_qslstm,ema,test,1000377,27,-0.11691932380199432,0.04252689331769943,0.04292231798171997,True
1710807515,fk_qslstm,ema,test,1000377,28,0.41089192032814026,0.28055667877197266,0.2803240418434143,True
1710807515,fk_qslstm,ema,test,1000377,29,-0.23009610176086426,0.08638767153024673,0.09040039777755737,True
1710807515,fk_qslstm,ema,test,1000377,30,0.40932631492614746,0.31470590829849243,0.31565916538238525,True
1710807515,fk_qslstm,ema,test,1000377,31,0.692739725112915,0.6674085855484009,0.6719875335693359,True
1710807515,fk_qslstm,ema,test,1000378,0,-0.9541382193565369,-0.5724829435348511,-0.5584320425987244,True
1710807515,fk_qslstm,ema,test,1000378,1,0.25066453218460083,-0.3075876235961914,-0.30852019786834717,True
1710807515,fk_qslstm,ema,test,1000378,2,-0.5065358281135559,-0.5499916076660156,-0.5523497462272644,True
1710807515,fk_qslstm,ema,test,1000378,3,-0.7327865958213806,-0.879665195941925,-0.8882940411567688,True
1710807515,fk_qslstm,ema,test,1000378,4,-0.9374505877494812,-1.2662025690078735,-1.2656657695770264,True
1710807515,fk_qslstm,ema,test,1000378,5,0.37809449434280396,-0.7861053347587585,-0.786915123462677,True
1710807515,fk_qslstm,ema,test,1000378,6,0.7816087007522583,-0.15991902351379395,-0.1567205786705017,True
1710807515,fk_qslstm,ema,test,1000378,7,-0.6982977986335754,-0.5469139218330383,-0.5446016192436218,True
1710807515,fk_qslstm,ema,test,1000378,8,0.3327281177043915,-0.23789426684379578,-0.23568660020828247,True
1710807515,fk_qslstm,ema,test,1000378,9,0.31628304719924927,-0.0005455819191411138,0.0006238222122192383,True
1710807515,fk_qslstm,ema,test,1000378,10,0.9484448432922363,0.5686304569244385,0.5667575597763062,True
1710807515,fk_qslstm,ema,test,1000378,11,-0.6190446615219116,0.08347757160663605,0.08081749081611633,True
1710807515,fk_qslstm,ema,test,1000378,12,-0.5638092756271362,-0.2715035378932953,-0.27484792470932007,True
1710807515,fk_qslstm,ema,test,1000378,13,-0.379688024520874,-0.44501563906669617,-0.4452856183052063,True
1710807515,fk_qslstm,ema,test,1000378,14,0.4191117286682129,-0.1045454666018486,-0.10548120737075806,True
1710807515,fk_qslstm,ema,test,1000378,15,0.17834410071372986,0.02337009273469448,0.02101731300354004,True
1710807515,fk_qslstm,ema,test,1000378,16,-0.8010991811752319,-0.4619634449481964,-0.4653627276420593,True
1710807515,fk_qslstm,ema,test,1000378,17,-0.44888246059417725,-0.6389002203941345,-0.6435757279396057,True
1710807515,fk_qslstm,ema,test,1000378,18,-0.7008013129234314,-0.9316009879112244,-0.939028799533844,True
1710807515,fk_qslstm,ema,test,1000378,19,0.21138688921928406,-0.6184486150741577,-0.6230731010437012,True
1710807515,fk_qslstm,ema,test,1000378,20,-0.022272637113928795,-0.5081225037574768,-0.5115150809288025,True
1710807515,fk_qslstm,ema,test,1000378,21,-0.07843517512083054,-0.45355910062789917,-0.4555057883262634,True
1710807515,fk_qslstm,ema,test,1000378,22,-0.26965439319610596,-0.524639904499054,-0.5250834822654724,True
1710807515,fk_qslstm,ema,test,1000378,23,0.7598532438278198,0.03620002046227455,0.03462576866149902,True
1710807515,fk_qslstm,ema,test,1000378,24,0.8939325213432312,0.5653195381164551,0.5624567270278931,True
1710807515,fk_qslstm,ema,test,1000378,25,0.6971259713172913,0.8705312013626099,0.8709223866462708,True
1710807515,fk_qslstm,ema,test,1000378,26,0.3475715219974518,0.9049679040908813,0.9041959047317505,True
1710807515,fk_qslstm,ema,test,1000378,27,-0.7940797209739685,0.24752649664878845,0.24209389090538025,True
1710807515,fk_qslstm,ema,test,1000378,28,-0.5049822926521301,-0.10496818274259567,-0.10894551873207092,True
1710807515,fk_qslstm,ema,test,1000378,29,-0.42228201031684875,-0.3373437523841858,-0.33683276176452637,True
1710807515,fk_qslstm,ema,test,1000378,30,0.3801373541355133,-0.04179258644580841,-0.04253959655761719,True
1710807515,fk_qslstm,ema,test,1000378,31,-0.5953487157821655,-0.39064329862594604,-0.39004647731781006,True
1710807515,fk_qslstm,ema,test,1000379,0,-0.10696075856685638,-0.06417645514011383,-0.06265294551849365,True
1710807515,fk_qslstm,ema,test,1000379,1,0.7132066488265991,0.3765828311443329,0.3698218762874603,True
1710807515,fk_qslstm,ema,test,1000379,2,-0.7231776714324951,-0.1326403170824051,-0.13782697916030884,True
1710807515,fk_qslstm,ema,test,1000379,3,-0.0697859600186348,-0.1479838341474533,-0.151281476020813,True
1710807515,fk_qslstm,ema,test,1000379,4,-0.6267216205596924,-0.49442005157470703,-0.4965851902961731,True
1710807515,fk_qslstm,ema,test,1000379,5,0.2317943125963211,-0.25645944476127625,-0.2576783299446106,True
1710807515,fk_qslstm,ema,test,1000379,6,-0.4338178038597107,-0.4654582440853119,-0.46439504623413086,True
1710807515,fk_qslstm,ema,test,1000379,7,0.17255400121212006,-0.2688342034816742,-0.2688029408454895,True
1710807515,fk_qslstm,ema,test,1000379,8,-0.015217836946249008,-0.22419805824756622,-0.22320765256881714,True
1710807515,fk_qslstm,ema,test,1000379,9,-0.37372133135795593,-0.40359124541282654,-0.4016427993774414,True
1710807515,fk_qslstm,ema,test,1000379,10,0.40250834822654724,-0.08136798441410065,-0.08310490846633911,True
1710807515,fk_qslstm,ema,test,1000379,11,0.5178752541542053,0.24563077092170715,0.2401653528213501,True
1710807515,fk_qslstm,ema,test,1000379,12,-0.5967802405357361,-0.16156354546546936,-0.16466796398162842,True
1710807515,fk_qslstm,ema,test,1000379,13,-0.9976414442062378,-0.7278357148170471,-0.7320910096168518,True
1710807515,fk_qslstm,ema,test,1000379,14,0.7497740387916565,-0.1324041336774826,-0.1306440234184265,True
1710807515,fk_qslstm,ema,test,1000379,15,0.6763696074485779,0.2998984456062317,0.2995026409626007,True
1710807515,fk_qslstm,ema,test,1000379,16,0.9016242623329163,0.7808933258056641,0.7828476428985596,True
1710807515,fk_qslstm,ema,test,1000379,17,0.8831337690353394,1.154594898223877,1.156846523284912,True
1710807515,fk_qslstm,ema,test,1000379,18,0.6928685903549194,1.3393970727920532,1.3332231044769287,True
1710807515,fk_qslstm,ema,test,1000379,19,0.8690900206565857,1.592971682548523,1.5518009662628174,True
1710807515,fk_qslstm,ema,test,1000379,20,0.27830445766448975,1.4413599967956543,1.419384241104126,True
1710807515,fk_qslstm,ema,test,1000379,21,0.004918930120766163,1.1560393571853638,1.1647847890853882,True
1710807515,fk_qslstm,ema,test,1000379,22,-0.3900108337402344,0.6908249855041504,0.6968045830726624,True
1710807515,fk_qslstm,ema,test,1000379,23,-0.9093649983406067,0.007040977943688631,0.003874361515045166,True
1710807515,fk_qslstm,ema,test,1000379,24,-0.6060822010040283,-0.3580165505409241,-0.36495155096054077,True
1710807515,fk_qslstm,ema,test,1000379,25,0.1466594636440277,-0.1984175443649292,-0.20701342821121216,True
1710807515,fk_qslstm,ema,test,1000379,26,0.30844053626060486,0.026330281049013138,0.013763844966888428,True
1710807515,fk_qslstm,ema,test,1000379,27,-0.0035317540168762207,0.018945172429084778,0.0072446465492248535,True
1710807515,fk_qslstm,ema,test,1000379,28,0.27031272649765015,0.17734378576278687,0.16328054666519165,True
1710807515,fk_qslstm,ema,test,1000379,29,-0.566832423210144,-0.19822442531585693,-0.20822232961654663,True
1710807515,fk_qslstm,ema,test,1000379,30,0.6437157392501831,0.22764989733695984,0.21570813655853271,True
1710807515,fk_qslstm,ema,test,1000379,31,-0.3170895278453827,-0.008133801631629467,-0.013424485921859741,True
1710807515,fk_qslstm,ema,test,1000380,0,0.6618068218231201,0.3970840871334076,0.39520463347435,True
1710807515,fk_qslstm,ema,test,1000380,1,0.7515780329704285,0.7686141133308411,0.7782104015350342,True
1710807515,fk_qslstm,ema,test,1000380,2,0.9915663599967957,1.2098311185836792,1.2121224403381348,True
1710807515,fk_qslstm,ema,test,1000380,3,0.3898056447505951,1.201748251914978,1.2008028030395508,True
1710807515,fk_qslstm,ema,test,1000380,4,0.08419723063707352,1.011916995048523,1.013901710510254,True
1710807515,fk_qslstm,ema,test,1000380,5,-0.10054578632116318,0.7492060661315918,0.7468001842498779,True
1710807515,fk_qslstm,ema,test,1000380,6,0.5664437413215637,0.9392310976982117,0.9409490823745728,True
1710807515,fk_qslstm,ema,test,1000380,7,0.7960910797119141,1.2290395498275757,1.230130910873413,True
1710807515,fk_qslstm,ema,test,1000380,8,0.5154213905334473,1.2924845218658447,1.2899752855300903,True
1710807515,fk_qslstm,ema,test,1000380,9,0.5410254001617432,1.3586028814315796,1.3545129299163818,True
1710807515,fk_qslstm,ema,test,1000380,10,-0.9314314126968384,0.5280234217643738,0.5439882278442383,True
1710807515,fk_qslstm,ema,test,1000380,11,-0.9333815574645996,-0.13761018216609955,-0.122518390417099,True
1710807515,fk_qslstm,ema,test,1000380,12,0.34441429376602173,0.09656042605638504,0.1033305674791336,True
1710807515,fk_qslstm,ema,test,1000380,13,-0.3881671130657196,-0.15565192699432373,-0.14736613631248474,True
1710807515,fk_qslstm,ema,test,1000380,14,0.08794266730546951,-0.07175593823194504,-0.0673932135105133,True
1710807515,fk_qslstm,ema,test,1000380,15,0.7002847194671631,0.3627660870552063,0.3636820912361145,True
1710807515,fk_qslstm,ema,test,1000380,16,-0.02121657505631447,0.27748292684555054,0.2773211598396301,True
1710807515,fk_qslstm,ema,test,1000380,17,-0.3983723223209381,-0.017037050798535347,-0.015587925910949707,True
1710807515,fk_qslstm,ema,test,1000380,18,-0.8677981495857239,-0.5343084931373596,-0.5350168347358704,True
1710807515,fk_qslstm,ema,test,1000380,19,0.8820882439613342,0.10180612653493881,0.1005495935678482,True
1710807515,fk_qslstm,ema,test,1000380,20,-0.7720068693161011,-0.3817591965198517,-0.3804122805595398,True
1710807515,fk_qslstm,ema,test,1000380,21,-0.5578575730323792,-0.6401219367980957,-0.6437228918075562,True
1710807515,fk_qslstm,ema,test,1000380,22,-0.25172901153564453,-0.6631349325180054,-0.6642146706581116,True
1710807515,fk_qslstm,ema,test,1000380,23,0.4331870377063751,-0.2705957293510437,-0.2701228857040405,True
1710807515,fk_qslstm,ema,test,1000380,24,0.5712489485740662,0.1262727826833725,0.12257078289985657,True
1710807515,fk_qslstm,ema,test,1000380,25,0.12966454029083252,0.17881695926189423,0.17406699061393738,True
1710807515,fk_qslstm,ema,test,1000380,26,-0.9551966786384583,-0.43006443977355957,-0.4311174750328064,True
1710807515,fk_qslstm,ema,test,1000380,27,0.11498061567544937,-0.2750631868839264,-0.2750855088233948,True
1710807515,fk_qslstm,ema,test,1000380,28,0.816209614276886,0.26967522501945496,0.26787039637565613,True
1710807515,fk_qslstm,ema,test,1000380,29,0.5838518142700195,0.5660513043403625,0.564720630645752,True
1710807515,fk_qslstm,ema,test,1000380,30,-0.9383688569068909,-0.11018028110265732,-0.10633048415184021,True
1710807515,fk_qslstm,ema,test,1000380,31,0.08963241428136826,-0.03436477482318878,-0.03182843327522278,True
1710807515,fk_qslstm,ema,test,1000381,0,0.9955831170082092,0.5973498821258545,0.5808376669883728,True
1710807515,fk_qslstm,ema,test,1000381,1,0.7667995095252991,0.937959611415863,0.9377239346504211,True
1710807515,fk_qslstm,ema,test,1000381,2,-0.9743145108222961,0.1657789796590805,0.17026174068450928,True
1710807515,fk_qslstm,ema,test,1000381,3,0.7855210304260254,0.6039358377456665,0.6053833961486816,True
1710807515,fk_qslstm,ema,test,1000381,4,-0.2108861207962036,0.3566169738769531,0.35586413741111755,True
1710807515,fk_qslstm,ema,test,1000381,5,0.8416954278945923,0.7903108596801758,0.7933001518249512,True
1710807515,fk_qslstm,ema,test,1000381,6,0.9507833123207092,1.2027186155319214,1.2042412757873535,True
1710807515,fk_qslstm,ema,test,1000381,7,0.12097275257110596,1.0347585678100586,1.0344836711883545,True
1710807515,fk_qslstm,ema,test,1000381,8,0.3966565430164337,1.0658007860183716,1.068540334701538,True
1710807515,fk_qslstm,ema,test,1000381,9,0.1655522733926773,0.9519720077514648,0.9533727765083313,True
1710807515,fk_qslstm,ema,test,1000381,10,-0.6557399034500122,0.36813363432884216,0.3604462146759033,True
1710807515,fk_qslstm,ema,test,1000381,11,-0.730302631855011,-0.14367464184761047,-0.1526564061641693,True
1710807515,fk_qslstm,ema,test,1000381,12,-0.3014468848705292,-0.2958078384399414,-0.2995258569717407,True
1710807515,fk_qslstm,ema,test,1000381,13,-0.10210983455181122,-0.2979121804237366,-0.2972937822341919,True
1710807515,fk_qslstm,ema,test,1000381,14,-0.4673303961753845,-0.5187280178070068,-0.5177081823348999,True
1710807515,fk_qslstm,ema,test,1000381,15,0.10563424229621887,-0.35160183906555176,-0.3510071635246277,True
1710807515,fk_qslstm,ema,test,1000381,16,-0.3669261038303375,-0.5014371275901794,-0.500289261341095,True
1710807515,fk_qslstm,ema,test,1000381,17,-0.47613653540611267,-0.6868316531181335,-0.6883291602134705,True
1710807515,fk_qslstm,ema,test,1000381,18,0.5603163838386536,-0.2132754921913147,-0.2138763666152954,True
1710807515,fk_qslstm,ema,test,1000381,19,-0.6300368905067444,-0.5486425757408142,-0.5510715246200562,True
1710807515,fk_qslstm,ema,test,1000381,20,0.5402078628540039,-0.11478932946920395,-0.11970460414886475,True
1710807515,fk_qslstm,ema,test,1000381,21,-0.9062689542770386,-0.6355928182601929,-0.6402013301849365,True
1710807515,fk_qslstm,ema,test,1000381,22,-0.9610990881919861,-1.085133671760559,-1.0902554988861084,True
1710807515,fk_qslstm,ema,test,1000381,23,-0.33597561717033386,-1.0696923732757568,-1.0759809017181396,True
1710807515,fk_qslstm,ema,test,1000381,24,-0.3400208353996277,-1.059766411781311,-1.0682196617126465,True
1710807515,fk_qslstm,ema,test,1000381,25,-0.18825002014636993,-0.9607630968093872,-0.96961909532547,True
1710807515,fk_qslstm,ema,test,1000381,26,0.6137946248054504,-0.4003337025642395,-0.39879053831100464,True
1710807515,fk_qslstm,ema,test,1000381,27,-0.16714781522750854,-0.42055565118789673,-0.41520339250564575,True
1710807515,fk_qslstm,ema,test,1000381,28,-0.37684041261672974,-0.5625487565994263,-0.5572854280471802,True
1710807515,fk_qslstm,ema,test,1000381,29,-0.44100242853164673,-0.7146404981613159,-0.7106474041938782,True
1710807515,fk_qslstm,ema,test,1000381,30,-0.8552931547164917,-1.084888219833374,-1.0830411911010742,True
1710807515,fk_qslstm,ema,test,1000381,31,-0.3015383780002594,-1.0488336086273193,-1.0497446060180664,True
1710807515,fk_qslstm,ema,test,1000382,0,0.3136182427406311,0.18817095458507538,0.18817473948001862,True
1710807515,fk_qslstm,ema,test,1000382,1,-0.7172778248786926,-0.2798299491405487,-0.2699524760246277,True
1710807515,fk_qslstm,ema,test,1000382,2,0.466618150472641,0.05610693246126175,0.05249932408332825,True
1710807515,fk_qslstm,ema,test,1000382,3,0.17166027426719666,0.14788171648979187,0.14410868287086487,True
1710807515,fk_qslstm,ema,test,1000382,4,-0.47221896052360535,-0.165025994181633,-0.16528603434562683,True
1710807515,fk_qslstm,ema,test,1000382,5,-0.5363565683364868,-0.45383474230766296,-0.45430654287338257,True
1710807515,fk_qslstm,ema,test,1000382,6,-0.8823699951171875,-0.8924897909164429,-0.8965879082679749,True
1710807515,fk_qslstm,ema,test,1000382,7,-0.46863090991973877,-0.9951703548431396,-1.000260829925537,True
1710807515,fk_qslstm,ema,test,1000382,8,0.9022281169891357,-0.25479942560195923,-0.2517753839492798,True
1710807515,fk_qslstm,ema,test,1000382,9,-0.3405452370643616,-0.40816667675971985,-0.40305423736572266,True
1710807515,fk_qslstm,ema,test,1000382,10,0.4454790949821472,-0.05924588441848755,-0.05853918194770813,True
1710807515,fk_qslstm,ema,test,1000382,11,0.6549710035324097,0.3455859124660492,0.34397774934768677,True
1710807515,fk_qslstm,ema,test,1000382,12,-0.7131540179252625,-0.15142370760440826,-0.15119481086730957,True
1710807515,fk_qslstm,ema,test,1000382,13,-0.47679489850997925,-0.4072158932685852,-0.40775710344314575,True
1710807515,fk_qslstm,ema,test,1000382,14,-0.6590105891227722,-0.7211790680885315,-0.7246605753898621,True
1710807515,fk_qslstm,ema,test,1000382,15,-0.9162874817848206,-1.1267157793045044,-1.1283864974975586,True
1710807515,fk_qslstm,ema,test,1000382,16,0.27612802386283875,-0.7356957793235779,-0.737225353717804,True
1710807515,fk_qslstm,ema,test,1000382,17,0.6322475075721741,-0.20920811593532562,-0.2098405957221985,True
1710807515,fk_qslstm,ema,test,1000382,18,-0.468235045671463,-0.44830751419067383,-0.4476810097694397,True
1710807515,fk_qslstm,ema,test,1000382,19,-0.8088269233703613,-0.8439421653747559,-0.8500414490699768,True
1710807515,fk_qslstm,ema,test,1000382,20,0.24380743503570557,-0.5288692712783813,-0.531771719455719,True
1710807515,fk_qslstm,ema,test,1000382,21,-0.22612400352954865,-0.5587698221206665,-0.5597299933433533,True
1710807515,fk_qslstm,ema,test,1000382,22,-0.019457336515188217,-0.45869025588035583,-0.45833367109298706,True
1710807515,fk_qslstm,ema,test,1000382,23,-0.18861043453216553,-0.48011845350265503,-0.47801434993743896,True
1710807515,fk_qslstm,ema,test,1000382,24,0.07477813214063644,-0.3392278850078583,-0.33748942613601685,True
1710807515,fk_qslstm,ema,test,1000382,25,0.23818521201610565,-0.12847118079662323,-0.1299094259738922,True
1710807515,fk_qslstm,ema,test,1000382,26,0.7014570236206055,0.3180972635746002,0.31306037306785583,True
1710807515,fk_qslstm,ema,test,1000382,27,0.2500215172767639,0.40449073910713196,0.3976418673992157,True
1710807515,fk_qslstm,ema,test,1000382,28,0.22731788456439972,0.45998331904411316,0.4519420266151428,True
1710807515,fk_qslstm,ema,test,1000382,29,-0.3654881715774536,0.1486937552690506,0.14407548308372498,True
1710807515,fk_qslstm,ema,test,1000382,30,0.1290431171655655,0.1963808685541153,0.19229063391685486,True
1710807515,fk_qslstm,ema,test,1000382,31,-0.2623699903488159,-0.0003172963915858418,0.0016009509563446045,True
1710807515,fk_qslstm,ema,test,1000383,0,-0.4957996606826782,-0.2974798083305359,-0.29515039920806885,True
1710807515,fk_qslstm,ema,test,1000383,1,0.22002770006656647,-0.10596722364425659,-0.11283889412879944,True
1710807515,fk_qslstm,ema,test,1000383,2,0.622272789478302,0.2885898947715759,0.2769101858139038,True
1710807515,fk_qslstm,ema,test,1000383,3,0.4456425905227661,0.49825745820999146,0.4890443682670593,True
1710807515,fk_qslstm,ema,test,1000383,4,-0.47492071986198425,0.11365353316068649,0.10949790477752686,True
1710807515,fk_qslstm,ema,test,1000383,5,-0.45221492648124695,-0.1804061233997345,-0.18031609058380127,True
1710807515,fk_qslstm,ema,test,1000383,6,0.41157907247543335,0.10262255370616913,0.10202896595001221,True
1710807515,fk_qslstm,ema,test,1000383,7,0.39507338404655457,0.31914207339286804,0.31789183616638184,True
1710807515,fk_qslstm,ema,test,1000383,8,-0.45191916823387146,-0.015837833285331726,-0.013443350791931152,True
1710807515,fk_qslstm,ema,test,1000383,9,-0.1803845316171646,-0.12090098857879639,-0.11592483520507812,True
1710807515,fk_qslstm,ema,test,1000383,10,-0.3941575586795807,-0.3332153260707855,-0.32540035247802734,True
1710807515,fk_qslstm,ema,test,1000383,11,-0.7893010377883911,-0.740152895450592,-0.7381051182746887,True
1710807515,fk_qslstm,ema,test,1000383,12,0.6017921566963196,-0.23104700446128845,-0.22626614570617676,True
1710807515,fk_qslstm,ema,test,1000383,13,-0.14240017533302307,-0.2702777087688446,-0.2635517120361328,True
1710807515,fk_qslstm,ema,test,1000383,14,-0.7690795063972473,-0.677669882774353,-0.6774886846542358,True
1710807515,fk_qslstm,ema,test,1000383,15,-0.7321420907974243,-0.981421172618866,-0.986616313457489,True
1710807515,fk_qslstm,ema,test,1000383,16,0.759754478931427,-0.3292842507362366,-0.32591933012008667,True
1710807515,fk_qslstm,ema,test,1000383,17,0.2805025577545166,-0.09512586146593094,-0.0951494574546814,True
1710807515,fk_qslstm,ema,test,1000383,18,0.45350462198257446,0.1960020810365677,0.1911984086036682,True
1710807515,fk_qslstm,ema,test,1000383,19,-0.3125157654285431,-0.030707797035574913,-0.030633479356765747,True
1710807515,fk_qslstm,ema,test,1000383,20,0.1943044811487198,0.09201645106077194,0.08987736701965332,True
1710807515,fk_qslstm,ema,test,1000383,21,0.8991196155548096,0.6130849719047546,0.6120350360870361,True
1710807515,fk_qslstm,ema,test,1000383,22,0.10029805451631546,0.5506467819213867,0.5462833642959595,True
1710807515,fk_qslstm,ema,test,1000383,23,0.38098281621932983,0.6691071391105652,0.6647058725357056,True
1710807515,fk_qslstm,ema,test,1000383,24,-0.4567016661167145,0.26126471161842346,0.2564505636692047,True
1710807515,fk_qslstm,ema,test,1000383,25,-0.6175501346588135,-0.16151830554008484,-0.16467207670211792,True
1710807515,fk_qslstm,ema,test,1000383,26,-0.7350547313690186,-0.57024747133255,-0.5750767588615417,True
1710807515,fk_qslstm,ema,test,1000383,27,0.5847756266593933,-0.10533259063959122,-0.1067541241645813,True
1710807515,fk_qslstm,ema,test,1000383,28,0.1997736692428589,0.03559813275933266,0.03395149111747742,True
1710807515,fk_qslstm,ema,test,1000383,29,-0.2571524977684021,-0.12581299245357513,-0.12410634756088257,True
1710807515,fk_qslstm,ema,test,1000383,30,0.8165587186813354,0.3892848491668701,0.3880099952220917,True
1710807515,fk_qslstm,ema,test,1000383,31,-0.9796062111854553,-0.27633586525917053,-0.26944398880004883,True
1710807515,fk_qslstm,ema,test,1000384,0,0.7776845693588257,0.46661072969436646,0.46192100644111633,True
1710807515,fk_qslstm,ema,test,1000384,1,-0.4682994484901428,0.09230892360210419,0.10455122590065002,True
1710807515,fk_qslstm,ema,test,1000384,2,-0.4377806782722473,-0.18882127106189728,-0.18381530046463013,True
1710807515,fk_qslstm,ema,test,1000384,3,0.34404081106185913,0.05536747723817825,0.05427098274230957,True
1710807515,fk_qslstm,ema,test,1000384,4,-0.9275938868522644,-0.5122623443603516,-0.5115371346473694,True
1710807515,fk_qslstm,ema,test,1000384,5,-0.7510554790496826,-0.8604431748390198,-0.866645872592926,True
1710807515,fk_qslstm,ema,test,1000384,6,-0.19507673382759094,-0.8054006099700928,-0.8093765377998352,True
1710807515,fk_qslstm,ema,test,1000384,7,-0.2632876932621002,-0.802293062210083,-0.8048592209815979,True
1710807515,fk_qslstm,ema,test,1000384,8,-0.3071414828300476,-0.8261193633079529,-0.8283557295799255,True
1710807515,fk_qslstm,ema,test,1000384,9,0.8189228177070618,-0.16954179108142853,-0.1656091809272766,True
1710807515,fk_qslstm,ema,test,1000384,10,-0.9843656420707703,-0.7262528538703918,-0.7215941548347473,True
1710807515,fk_qslstm,ema,test,1000384,11,0.6004374623298645,-0.22073981165885925,-0.21539223194122314,True
1710807515,fk_qslstm,ema,test,1000384,12,0.5391855835914612,0.14691951870918274,0.14870090782642365,True
1710807515,fk_qslstm,ema,test,1000384,13,0.5805166363716125,0.46584561467170715,0.46576279401779175,True
1710807515,fk_qslstm,ema,test,1000384,14,0.05416121706366539,0.4051732122898102,0.4043557047843933,True
1710807515,fk_qslstm,ema,test,1000384,15,0.9662005305290222,0.9038589000701904,0.9070972800254822,True
1710807515,fk_qslstm,ema,test,1000384,16,0.48386150598526,1.0134040117263794,1.0159953832626343,True
1710807515,fk_qslstm,ema,test,1000384,17,0.1998545080423355,0.930635929107666,0.9319813847541809,True
1710807515,fk_qslstm,ema,test,1000384,18,-0.8604819774627686,0.22821952402591705,0.22694295644760132,True
1710807515,fk_qslstm,ema,test,1000384,19,-0.8970785140991211,-0.3556714951992035,-0.35688143968582153,True
1710807515,fk_qslstm,ema,test,1000384,20,0.2725990116596222,-0.12097778916358948,-0.12037616968154907,True
1710807515,fk_qslstm,ema,test,1000384,21,0.7813974618911743,0.372056245803833,0.372193306684494,True
1710807515,fk_qslstm,ema,test,1000384,22,0.6683917045593262,0.6986799836158752,0.70145183801651,True
1710807515,fk_qslstm,ema,test,1000384,23,-0.9060333371162415,0.015323991887271404,0.02009660005569458,True
1710807515,fk_qslstm,ema,test,1000384,24,0.44580915570259094,0.2797446846961975,0.2798059284687042,True
1710807515,fk_qslstm,ema,test,1000384,25,-0.8701268434524536,-0.29828035831451416,-0.2936859130859375,True
1710807515,fk_qslstm,ema,test,1000384,26,-0.580620527267456,-0.5869966149330139,-0.5858955979347229,True
1710807515,fk_qslstm,ema,test,1000384,27,-0.5820766687393188,-0.8188433051109314,-0.8199377655982971,True
1710807515,fk_qslstm,ema,test,1000384,28,-0.21104344725608826,-0.7817006707191467,-0.7807376980781555,True
1710807515,fk_qslstm,ema,test,1000384,29,0.28350141644477844,-0.4552597105503082,-0.4521017074584961,True
1710807515,fk_qslstm,ema,test,1000384,30,-0.8271726965904236,-0.8605113625526428,-0.8632801175117493,True
1710807515,fk_qslstm,ema,test,1000384,31,-0.5217725038528442,-1.0014725923538208,-1.0083401203155518,True
1710807515,fk_qslstm,ema,test,1000385,0,0.4472135603427887,0.26832813024520874,0.26814135909080505,True
1710807515,fk_qslstm,ema,test,1000385,1,-0.11892883479595184,0.1433052122592926,0.1527753472328186,True
1710807515,fk_qslstm,ema,test,1000385,2,-0.18969941139221191,0.0008245201897807419,0.0051583051681518555,True
1710807515,fk_qslstm,ema,test,1000385,3,-0.5512195229530334,-0.3300721049308777,-0.32601839303970337,True
1710807515,fk_qslstm,ema,test,1000385,4,-0.5776254534721375,-0.6106329560279846,-0.6097254753112793,True
1710807515,fk_qslstm,ema,test,1000385,5,0.39148804545402527,-0.25361356139183044,-0.2521176338195801,True
1710807515,fk_qslstm,ema,test,1000385,6,-0.4771765470504761,-0.48919677734375,-0.4872703552246094,True
1710807515,fk_qslstm,ema,test,1000385,7,-0.36255207657814026,-0.6088886857032776,-0.6082199811935425,True
1710807515,fk_qslstm,ema,test,1000385,8,0.5254111289978027,-0.17186428606510162,-0.17126619815826416,True
1710807515,fk_qslstm,ema,test,1000385,9,0.6917521357536316,0.27755987644195557,0.27426856756210327,True
1710807515,fk_qslstm,ema,test,1000385,10,0.7534202933311462,0.6741000413894653,0.6728971004486084,True
1710807515,fk_qslstm,ema,test,1000385,11,-0.2771042287349701,0.3730175197124481,0.36901021003723145,True
1710807515,fk_qslstm,ema,test,1000385,12,0.9523928165435791,0.869849681854248,0.8696191906929016,True
1710807515,fk_qslstm,ema,test,1000385,13,0.9777006506919861,1.282500147819519,1.2753595113754272,True
1710807515,fk_qslstm,ema,test,1000385,14,-0.7540384531021118,0.5735770463943481,0.5675902366638184,True
1710807515,fk_qslstm,ema,test,1000385,15,-0.4901237189769745,0.1647874265909195,0.15584979951381683,True
1710807515,fk_qslstm,ema,test,1000385,16,0.1299351006746292,0.20979100465774536,0.19995838403701782,True
1710807515,fk_qslstm,ema,test,1000385,17,-0.45623958110809326,-0.10591094195842743,-0.11089777946472168,True
1710807515,fk_qslstm,ema,test,1000385,18,0.004689142573624849,-0.08191526681184769,-0.08559951186180115,True
1710807515,fk_qslstm,ema,test,1000385,19,0.22778360545635223,0.07113794982433319,0.06621858477592468,True
1710807515,fk_qslstm,ema,test,1000385,20,0.9143186807632446,0.6055015921592712,0.600810706615448,True
1710807515,fk_qslstm,ema,test,1000385,21,-0.5462268590927124,0.1566651314496994,0.15003763139247894,True
1710807515,fk_qslstm,ema,test,1000385,22,0.692391037940979,0.540766716003418,0.53339684009552,True
1710807515,fk_qslstm,ema,test,1000385,23,-0.08501401543617249,0.38160496950149536,0.3754733204841614,True
1710807515,fk_qslstm,ema,test,1000385,24,-0.09903863072395325,0.24586080014705658,0.2412794530391693,True
1710807515,fk_qslstm,ema,test,1000385,25,0.9839299321174622,0.7870465517044067,0.7859116792678833,True
1710807515,fk_qslstm,ema,test,1000385,26,0.4950806796550751,0.9266856908798218,0.9259897470474243,True
1710807515,fk_qslstm,ema,test,1000385,27,-0.6132512092590332,0.3733978271484375,0.36613929271698,True
1710807515,fk_qslstm,ema,test,1000385,28,0.8766440749168396,0.8247047066688538,0.8229036331176758,True
1710807515,fk_qslstm,ema,test,1000385,29,0.3775743544101715,0.8863083720207214,0.8849127888679504,True
1710807515,fk_qslstm,ema,test,1000385,30,-0.3794635236263275,0.4813686013221741,0.47460687160491943,True
1710807515,fk_qslstm,ema,test,1000385,31,-0.972247302532196,-0.19825348258018494,-0.19977229833602905,True
1710807515,fk_qslstm,ema,test,1000386,0,0.17568466067314148,0.10541079938411713,0.10569532215595245,True
1710807515,fk_qslstm,ema,test,1000386,1,-0.3313267230987549,-0.11446739733219147,-0.10639992356300354,True
1710807515,fk_qslstm,ema,test,1000386,2,0.18752358853816986,0.02094024047255516,0.019014060497283936,True
1710807515,fk_qslstm,ema,test,1000386,3,0.7830660939216614,0.4865918457508087,0.4838346540927887,True
1710807515,fk_qslstm,ema,test,1000386,4,-0.6784378886222839,-0.017789265140891075,-0.018843412399291992,True
1710807515,fk_qslstm,ema,test,1000386,5,0.1550644487142563,0.07880726456642151,0.07536648213863373,True
1710807515,fk_qslstm,ema,test,1000386,6,0.06181018054485321,0.10013192147016525,0.09922640025615692,True
1710807515,fk_qslstm,ema,test,1000386,7,0.7720440030097961,0.5433319211006165,0.5435100197792053,True
1710807515,fk_qslstm,ema,test,1000386,8,0.18393635749816895,0.5450273752212524,0.5434049367904663,True
1710807515,fk_qslstm,ema,test,1000386,9,0.9890003204345703,1.0294220447540283,1.031445026397705,True
1710807515,fk_qslstm,ema,test,1000386,10,-0.7373047471046448,0.3811548352241516,0.37584540247917175,True
1710807515,fk_qslstm,ema,test,1000386,11,0.24478143453598022,0.45179271697998047,0.44344502687454224,True
1710807515,fk_qslstm,ema,test,1000386,12,0.06786287575960159,0.4021519124507904,0.3957009017467499,True
1710807515,fk_qslstm,ema,test,1000386,13,0.5348111391067505,0.6426082253456116,0.6395279169082642,True
1710807515,fk_qslstm,ema,test,1000386,14,-0.7185719609260559,0.0829434022307396,0.08031940460205078,True
1710807515,fk_qslstm,ema,test,1000386,15,0.21063858270645142,0.192737877368927,0.1888222098350525,True
1710807515,fk_qslstm,ema,test,1000386,16,0.0656132772564888,0.19355826079845428,0.19307482242584229,True
1710807515,fk_qslstm,ema,test,1000386,17,-0.817152202129364,-0.33544471859931946,-0.3343814015388489,True
1710807515,fk_qslstm,ema,test,1000386,18,0.6017583608627319,0.09269925206899643,0.09241504967212677,True
1710807515,fk_qslstm,ema,test,1000386,19,0.1292750984430313,0.1517244577407837,0.1529347002506256,True
1710807515,fk_qslstm,ema,test,1000386,20,-0.16032777726650238,0.025182906538248062,0.02912682294845581,True
1710807515,fk_qslstm,ema,test,1000386,21,0.68067866563797,0.4285535216331482,0.43102559447288513,True
1710807515,fk_qslstm,ema,test,1000386,22,0.6545789241790771,0.7355901598930359,0.7415676116943359,True
1710807515,fk_qslstm,ema,test,1000386,23,-0.2194899618625641,0.4567781388759613,0.4587491750717163,True
1710807515,fk_qslstm,ema,test,1000386,24,0.7866275906562805,0.8373990654945374,0.8443813323974609,True
1710807515,fk_qslstm,ema,test,1000386,25,0.4824073314666748,0.9593636393547058,0.9672138690948486,True
1710807515,fk_qslstm,ema,test,1000386,26,0.274066686630249,0.9319309592247009,0.9382203817367554,True
1710807515,fk_qslstm,ema,test,1000386,27,0.9677278995513916,1.3261815309524536,1.3230950832366943,True
1710807515,fk_qslstm,ema,test,1000386,28,0.7733107209205627,1.5249316692352295,1.495574951171875,True
1710807515,fk_qslstm,ema,test,1000386,29,-0.6101766228675842,0.8538393378257751,0.8583482503890991,True
1710807515,fk_qslstm,ema,test,1000386,30,0.692916750907898,1.0988215208053589,1.1176810264587402,True
1710807515,fk_qslstm,ema,test,1000386,31,0.4362805187702179,1.1408255100250244,1.1556202173233032,True
1710807515,fk_qslstm,ema,test,1000387,0,-0.9657463431358337,-0.5794478058815002,-0.564561665058136,True
1710807515,fk_qslstm,ema,test,1000387,1,-0.17944788932800293,-0.571226954460144,-0.5724266767501831,True
1710807515,fk_qslstm,ema,test,1000387,2,-0.6155896186828613,-0.8263353705406189,-0.8349993824958801,True
1710807515,fk_qslstm,ema,test,1000387,3,0.9228348731994629,-0.1073673665523529,-0.10539638996124268,True
1710807515,fk_qslstm,ema,test,1000387,4,-0.7801295518875122,-0.5539715886116028,-0.5508438944816589,True
1710807515,fk_qslstm,ema,test,1000387,5,0.8099706172943115,0.04280509427189827,0.04612627625465393,True
1710807515,fk_qslstm,ema,test,1000387,6,0.5948601961135864,0.39116019010543823,0.39452043175697327,True
1710807515,fk_qslstm,ema,test,1000387,7,0.9924196004867554,0.9083799123764038,0.913292407989502,True
1710807515,fk_qslstm,ema,test,1000387,8,-0.4878118634223938,0.4340168237686157,0.43078336119651794,True
1710807515,fk_qslstm,ema,test,1000387,9,-0.552203357219696,0.015891458839178085,0.011570066213607788,True
1710807515,fk_qslstm,ema,test,1000387,10,-0.2625473737716675,-0.14481526613235474,-0.14430713653564453,True
1710807515,fk_qslstm,ema,test,1000387,11,-0.3819158673286438,-0.3450017273426056,-0.34058821201324463,True
1710807515,fk_qslstm,ema,test,1000387,12,0.5605131983757019,0.060306526720523834,0.061824262142181396,True
1710807515,fk_qslstm,ema,test,1000387,13,-0.64713454246521,-0.34003549814224243,-0.3373233675956726,True
1710807515,fk_qslstm,ema,test,1000387,14,0.3571830093860626,-0.057718608528375626,-0.059703320264816284,True
1710807515,fk_qslstm,ema,test,1000387,15,-0.1283554583787918,-0.12318816035985947,-0.12170803546905518,True
1710807515,fk_qslstm,ema,test,1000387,16,0.7970268130302429,0.3796655535697937,0.37768492102622986,True
1710807515,fk_qslstm,ema,test,1000387,17,0.7517544031143188,0.7547850608825684,0.7569680213928223,True
1710807515,fk_qslstm,ema,test,1000387,18,0.3264029920101166,0.7996698617935181,0.7996347546577454,True
1710807515,fk_qslstm,ema,test,1000387,19,-0.8596192002296448,0.12396436184644699,0.12226012349128723,True
1710807515,fk_qslstm,ema,test,1000387,20,-0.16956014931201935,-0.0025645997375249863,-0.0017178654670715332,True
1710807515,fk_qslstm,ema,test,1000387,21,-0.18443822860717773,-0.11271461844444275,-0.10637786984443665,True
1710807515,fk_qslstm,ema,test,1000387,22,-0.47242236137390137,-0.37362509965896606,-0.36588865518569946,True
1710807515,fk_qslstm,ema,test,1000387,23,-0.9285368323326111,-0.8560221791267395,-0.8526967167854309,True
1710807515,fk_qslstm,ema,test,1000387,24,-0.8247887492179871,-1.179690957069397,-1.1760632991790771,True
1710807515,fk_qslstm,ema,test,1000387,25,0.9177879095077515,-0.39308005571365356,-0.3845747113227844,True
1710807515,fk_qslstm,ema,test,1000387,26,0.8797705173492432,0.213398277759552,0.21410471200942993,True
1710807515,fk_qslstm,ema,test,1000387,27,0.4567665159702301,0.44477853178977966,0.4428517520427704,True
1710807515,fk_qslstm,ema,test,1000387,28,-0.6645006537437439,-0.04287755861878395,-0.04302743077278137,True
1710807515,fk_qslstm,ema,test,1000387,29,0.45994386076927185,0.24166427552700043,0.23823094367980957,True
1710807515,fk_qslstm,ema,test,1000387,30,-0.8964464664459229,-0.3445364534854889,-0.34261512756347656,True
1710807515,fk_qslstm,ema,test,1000387,31,-0.6888777613639832,-0.6889557838439941,-0.6925407648086548,True
1710807515,fk_qslstm,ema,test,1000388,0,-0.08307018876075745,-0.04984211549162865,-0.04842767119407654,True
1710807515,fk_qslstm,ema,test,1000388,1,0.7181889414787292,0.3910396695137024,0.3845517933368683,True
1710807515,fk_qslstm,ema,test,1000388,2,0.6473979353904724,0.7012705206871033,0.6940381526947021,True
1710807515,fk_qslstm,ema,test,1000388,3,0.534930944442749,0.881974995136261,0.8791274428367615,True
1710807515,fk_qslstm,ema,test,1000388,4,0.40574392676353455,0.949026346206665,0.9485689997673035,True
1710807515,fk_qslstm,ema,test,1000388,5,0.9017987251281738,1.3003003597259521,1.2950918674468994,True
1710807515,fk_qslstm,ema,test,1000388,6,0.1568729430437088,1.1343640089035034,1.1331931352615356,True
1710807515,fk_qslstm,ema,test,1000388,7,-0.22435340285301208,0.7728791832923889,0.7734067440032959,True
1710807515,fk_qslstm,ema,test,1000388,8,-0.01106922049075365,0.6116617918014526,0.6084473729133606,True
1710807515,fk_qslstm,ema,test,1000388,9,0.3091978132724762,0.6748481392860413,0.6711450815200806,True
1710807515,fk_qslstm,ema,test,1000388,10,-0.6991556286811829,0.12038512527942657,0.11440742015838623,True
1710807515,fk_qslstm,ema,test,1000388,11,-0.5396137237548828,-0.22746014595031738,-0.23158210515975952,True
1710807515,fk_qslstm,ema,test,1000388,12,0.052269693464040756,-0.15060630440711975,-0.15135693550109863,True
1710807515,fk_qslstm,ema,test,1000388,13,-0.8807799816131592,-0.6489530205726624,-0.6508080363273621,True
1710807515,fk_qslstm,ema,test,1000388,14,0.6333984136581421,-0.1391233503818512,-0.1388760209083557,True
1710807515,fk_qslstm,ema,test,1000388,15,-0.5066099166870117,-0.41526463627815247,-0.41279107332229614,True
1710807515,fk_qslstm,ema,test,1000388,16,-0.7428343892097473,-0.7779123783111572,-0.7825215458869934,True
1710807515,fk_qslstm,ema,test,1000388,17,-0.35834962129592896,-0.8373396396636963,-0.8420969843864441,True
1710807515,fk_qslstm,ema,test,1000388,18,0.0959077700972557,-0.6123270392417908,-0.6141548752784729,True
1710807515,fk_qslstm,ema,test,1000388,19,0.5898505449295044,-0.13595132529735565,-0.1375766098499298,True
1710807515,fk_qslstm,ema,test,1000388,20,0.23132890462875366,0.030036278069019318,0.025986909866333008,True
1710807515,fk_qslstm,ema,test,1000388,21,0.7280811667442322,0.4608777165412903,0.45538732409477234,True
1710807515,fk_qslstm,ema,test,1000388,22,-0.5203736424446106,0.05647799372673035,0.05333364009857178,True
1710807515,fk_qslstm,ema,test,1000388,23,0.6464770436286926,0.4330686330795288,0.427835077047348,True
1710807515,fk_qslstm,ema,test,1000388,24,-0.6879783868789673,-0.0663321390748024,-0.06829833984375,True
1710807515,fk_qslstm,ema,test,1000388,25,0.6963849663734436,0.3647652864456177,0.3602556884288788,True
1710807515,fk_qslstm,ema,test,1000388,26,0.9328837990760803,0.8515424728393555,0.8531525731086731,True
1710807515,fk_qslstm,ema,test,1000388,27,-0.4934522211551666,0.38516268134117126,0.3795173168182373,True
1710807515,fk_qslstm,ema,test,1000388,28,0.31263604760169983,0.4957117736339569,0.48745158314704895,True
1710807515,fk_qslstm,ema,test,1000388,29,-0.44913020730018616,0.12709128856658936,0.12232285737991333,True
1710807515,fk_qslstm,ema,test,1000388,30,0.3139932155609131,0.29006895422935486,0.28409913182258606,True
1710807515,fk_qslstm,ema,test,1000388,31,0.7272207140922546,0.6683875918388367,0.668074905872345,True
1710807515,fk_qslstm,ema,test,1000389,0,-0.3944058120250702,-0.2366434931755066,-0.23442357778549194,True
1710807515,fk_qslstm,ema,test,1000389,1,0.24496819078922272,-0.042333874851465225,-0.048856645822525024,True
1710807515,fk_qslstm,ema,test,1000389,2,-0.27152886986732483,-0.19678442180156708,-0.20107465982437134,True
1710807515,fk_qslstm,ema,test,1000389,3,0.44556644558906555,0.10991232097148895,0.10397942364215851,True
1710807515,fk_qslstm,ema,test,1000389,4,-0.9348837733268738,-0.4730004072189331,-0.47405606508255005,True
1710807515,fk_qslstm,ema,test,1000389,5,0.4430209994316101,-0.11258773505687714,-0.11363673210144043,True
1710807515,fk_qslstm,ema,test,1000389,6,-0.13330475986003876,-0.17005303502082825,-0.1656382977962494,True
1710807515,fk_qslstm,ema,test,1000389,7,0.9791082739830017,0.4514225423336029,0.449030339717865,True
1710807515,fk_qslstm,ema,test,1000389,8,0.5928685069084167,0.7168591618537903,0.7160059213638306,True
1710807515,fk_qslstm,ema,test,1000389,9,0.5144534111022949,0.8821593523025513,0.8832713961601257,True
1710807515,fk_qslstm,ema,test,1000389,10,-0.4657614529132843,0.42627060413360596,0.42174461483955383,True
1710807515,fk_qslstm,ema,test,1000389,11,0.5763996243476868,0.6868562698364258,0.684990644454956,True
1710807515,fk_qslstm,ema,test,1000389,12,0.027278872206807137,0.5658523440361023,0.5633383989334106,True
1710807515,fk_qslstm,ema,test,1000389,13,-0.06821013242006302,0.4117558002471924,0.4092433452606201,True
1710807515,fk_qslstm,ema,test,1000389,14,0.28511083126068115,0.5004711151123047,0.4987179934978485,True
1710807515,fk_qslstm,ema,test,1000389,15,0.9528465270996094,0.9720848202705383,0.9767407178878784,True
1710807515,fk_qslstm,ema,test,1000389,16,0.4614900052547455,1.0545618534088135,1.0579721927642822,True
1710807515,fk_qslstm,ema,test,1000389,17,-0.4197208881378174,0.5918169617652893,0.5898957848548889,True
1710807515,fk_qslstm,ema,test,1000389,18,-0.7295477390289307,0.0357249416410923,0.031100213527679443,True
1710807515,fk_qslstm,ema,test,1000389,19,-0.1433556228876114,-0.057433415204286575,-0.05796116590499878,True
1710807515,fk_qslstm,ema,test,1000389,20,0.8938155174255371,0.4903425872325897,0.48994794487953186,True
1710807515,fk_qslstm,ema,test,1000389,21,-0.09579352289438248,0.3347979485988617,0.3334793746471405,True
1710807515,fk_qslstm,ema,test,1000389,22,-0.5672736167907715,-0.07252579927444458,-0.0733899176120758,True
1710807515,fk_qslstm,ema,test,1000389,23,-0.3217930197715759,-0.2510964572429657,-0.2487623691558838,True
1710807515,fk_qslstm,ema,test,1000389,24,0.06522180885076523,-0.16174408793449402,-0.1581960916519165,True
1710807515,fk_qslstm,ema,test,1000389,25,-0.5156443119049072,-0.43878182768821716,-0.4348296523094177,True
1710807515,fk_qslstm,ema,test,1000389,26,-0.20823334157466888,-0.4759654700756073,-0.4712976813316345,True
1710807515,fk_qslstm,ema,test,1000389,27,0.11606287956237793,-0.3111346662044525,-0.3071642518043518,True
1710807515,fk_qslstm,ema,test,1000389,28,-0.8960782289505005,-0.7865546345710754,-0.786926805973053,True
1710807515,fk_qslstm,ema,test,1000389,29,0.7375462055206299,-0.1867160052061081,-0.1841713786125183,True
1710807515,fk_qslstm,ema,test,1000389,30,0.1377553641796112,-0.06671958416700363,-0.06577584147453308,True
1710807515,fk_qslstm,ema,test,1000389,31,0.8083640933036804,0.4316428005695343,0.4286695420742035,True
1710807515,fk_qslstm,ema,test,1000390,0,0.17399363219738007,0.10439617931842804,0.10468576848506927,True
1710807515,fk_qslstm,ema,test,1000390,1,0.21844784915447235,0.21458566188812256,0.21364033222198486,True
1710807515,fk_qslstm,ema,test,1000390,2,-0.6955839991569519,-0.24568186700344086,-0.24969452619552612,True
1710807515,fk_qslstm,ema,test,1000390,3,-0.5314733982086182,-0.5154295563697815,-0.5209169983863831,True
1710807515,fk_qslstm,ema,test,1000390,4,-0.531953752040863,-0.7315158843994141,-0.7373915314674377,True
1710807515,fk_qslstm,ema,test,1000390,5,0.0862860307097435,-0.5334410667419434,-0.5352826118469238,True
1710807515,fk_qslstm,ema,test,1000390,6,-0.32355061173439026,-0.6208832263946533,-0.6214529871940613,True
1710807515,fk_qslstm,ema,test,1000390,7,0.8774343729019165,0.02975403517484665,0.028548061847686768,True
1710807515,fk_qslstm,ema,test,1000390,8,-0.6621797680854797,-0.373504638671875,-0.37320661544799805,True
1710807515,fk_qslstm,ema,test,1000390,9,-0.9578627347946167,-0.8735213279724121,-0.8782497048377991,True
1710807515,fk_qslstm,ema,test,1000390,10,0.39629822969436646,-0.46103814244270325,-0.46161335706710815,True
1710807515,fk_qslstm,ema,test,1000390,11,-0.4221770763397217,-0.6221367716789246,-0.6232234835624695,True
1710807515,fk_qslstm,ema,test,1000390,12,0.5168522596359253,-0.18759803473949432,-0.18856757879257202,True
1710807515,fk_qslstm,ema,test,1000390,13,0.8876710534095764,0.38252419233322144,0.37749770283699036,True
1710807515,fk_qslstm,ema,test,1000390,14,0.4829897880554199,0.5958132147789001,0.5900439620018005,True
1710807515,fk_qslstm,ema,test,1000390,15,-0.6825176477432251,0.06713999807834625,0.060998350381851196,True
1710807515,fk_qslstm,ema,test,1000390,16,-0.5286604762077332,-0.26348429918289185,-0.26837700605392456,True
1710807515,fk_qslstm,ema,test,1000390,17,-0.5610073208808899,-0.5473918318748474,-0.5513990521430969,True
1710807515,fk_qslstm,ema,test,1000390,18,-0.7185338139533997,-0.8690337538719177,-0.8762958645820618,True
1710807515,fk_qslstm,ema,test,1000390,19,-0.13698183000087738,-0.7774161100387573,-0.7820606827735901,True
1710807515,fk_qslstm,ema,test,1000390,20,0.11259735375642776,-0.5543744564056396,-0.5565800070762634,True
1710807515,fk_qslstm,ema,test,1000390,21,-0.24138614535331726,-0.5883312821388245,-0.5895458459854126,True
1710807515,fk_qslstm,ema,test,1000390,22,-0.6419016122817993,-0.8558059334754944,-0.8616369366645813,True
1710807515,fk_qslstm,ema,test,1000390,23,0.8811277151107788,-0.15596812963485718,-0.15653324127197266,True
1710807515,fk_qslstm,ema,test,1000390,24,0.3973225951194763,0.11361905932426453,0.1092429906129837,True
1710807515,fk_qslstm,ema,test,1000390,25,-0.8797694444656372,-0.4369664490222931,-0.44039636850357056,True
1710807515,fk_qslstm,ema,test,1000390,26,-0.46533939242362976,-0.6287767887115479,-0.6339269280433655,True
1710807515,fk_qslstm,ema,test,1000390,27,-0.7095330953598022,-0.9287412762641907,-0.9365442395210266,True
1710807515,fk_qslstm,ema,test,1000390,28,-0.2077062726020813,-0.8676167726516724,-0.8739185929298401,True
1710807515,fk_qslstm,ema,test,1000390,29,0.1590757668018341,-0.598647952079773,-0.6018303036689758,True
1710807515,fk_qslstm,ema,test,1000390,30,0.5277659893035889,-0.1622587889432907,-0.16513103246688843,True
1710807515,fk_qslstm,ema,test,1000390,31,0.947090208530426,0.43844708800315857,0.43038108944892883,True
1710807515,fk_qslstm,ema,test,1000391,0,-0.2537273168563843,-0.15223638713359833,-0.1502038538455963,True
1710807515,fk_qslstm,ema,test,1000391,1,-0.3231754004955292,-0.3156943619251251,-0.3138955235481262,True
1710807515,fk_qslstm,ema,test,1000391,2,0.2502223551273346,-0.10242205858230591,-0.10748153924942017,True
1710807515,fk_qslstm,ema,test,1000391,3,-0.07204103469848633,-0.125162273645401,-0.125707745552063,True
1710807515,fk_qslstm,ema,test,1000391,4,0.9778680801391602,0.48659101128578186,0.4808211028575897,True
1710807515,fk_qslstm,ema,test,1000391,5,0.6081050634384155,0.7541358470916748,0.7512794137001038,True
1710807515,fk_qslstm,ema,test,1000391,6,0.8464289307594299,1.111166000366211,1.112321376800537,True
1710807515,fk_qslstm,ema,test,1000391,7,0.7330820560455322,1.328782081604004,1.3225369453430176,True
1710807515,fk_qslstm,ema,test,1000391,8,0.9987480640411377,1.6622744798660278,1.601229190826416,True
1710807515,fk_qslstm,ema,test,1000391,9,-0.9304648041725159,0.7715407013893127,0.7845745086669922,True
1710807515,fk_qslstm,ema,test,1000391,10,0.5480435490608215,0.9460586905479431,0.976601243019104,True
1710807515,fk_qslstm,ema,test,1000391,11,0.9417181611061096,1.3218778371810913,1.3387646675109863,True
1710807515,fk_qslstm,ema,test,1000391,12,0.2347685843706131,1.1983634233474731,1.2110002040863037,True
1710807515,fk_qslstm,ema,test,1000391,13,-0.3695974051952362,0.7369323372840881,0.7435271739959717,True
1710807515,fk_qslstm,ema,test,1000391,14,-0.6142882704734802,0.22097288072109222,0.21358096599578857,True
1710807515,fk_qslstm,ema,test,1000391,15,-0.6669392585754395,-0.2233852744102478,-0.23400378227233887,True
1710807515,fk_qslstm,ema,test,1000391,16,-0.16355788707733154,-0.27684295177459717,-0.2846711277961731,True
1710807515,fk_qslstm,ema,test,1000391,17,0.9518585801124573,0.34964078664779663,0.3371296525001526,True
1710807515,fk_qslstm,ema,test,1000391,18,0.6677666902542114,0.6803726553916931,0.6705397367477417,True
1710807515,fk_qslstm,ema,test,1000391,19,-0.7369544506072998,0.10212542861700058,0.09009799361228943,True
1710807515,fk_qslstm,ema,test,1000391,20,-0.8618248701095581,-0.4353945851325989,-0.4487256407737732,True
1710807515,fk_qslstm,ema,test,1000391,21,-0.6589306592941284,-0.7436740398406982,-0.7582520842552185,True
1710807515,fk_qslstm,ema,test,1000391,22,0.7393741607666016,-0.15131473541259766,-0.15766993165016174,True
1710807515,fk_qslstm,ema,test,1000391,23,0.08517754822969437,-0.06994526088237762,-0.0745173990726471,True
1710807515,fk_qslstm,ema,test,1000391,24,0.8538340926170349,0.45634424686431885,0.448930025100708,True
1710807515,fk_qslstm,ema,test,1000391,25,-0.6787317991256714,-0.0421636626124382,-0.04745280742645264,True
1710807515,fk_qslstm,ema,test,1000391,26,0.22457636892795563,0.1010148897767067,0.09235377609729767,True
1710807515,fk_qslstm,ema,test,1000391,27,0.10263799875974655,0.14239470660686493,0.1360287368297577,True
1710807515,fk_qslstm,ema,test,1000391,28,-0.9979028701782227,-0.4848259687423706,-0.48535454273223877,True
1710807515,fk_qslstm,ema,test,1000391,29,-0.7659688591957092,-0.847442090511322,-0.8535767197608948,True
1710807515,fk_qslstm,ema,test,1000391,30,-0.7143844962120056,-1.1065844297409058,-1.1129696369171143,True
1710807515,fk_qslstm,ema,test,1000391,31,-0.07584760338068008,-0.930776059627533,-0.9373734593391418,True
1710807515,fk_qslstm,ema,test,1000392,0,-0.06054381653666496,-0.03632628917694092,-0.03501850366592407,True
1710807515,fk_qslstm,ema,test,1000392,1,0.40215709805488586,0.21223323047161102,0.2064097821712494,True
1710807515,fk_qslstm,ema,test,1000392,2,0.8790324926376343,0.6972060799598694,0.6881128549575806,True
1710807515,fk_qslstm,ema,test,1000392,3,0.5364198684692383,0.8796167969703674,0.8744433522224426,True
1710807515,fk_qslstm,ema,test,1000392,4,-0.6501908898353577,0.31357887387275696,0.3053605556488037,True
1710807515,fk_qslstm,ema,test,1000392,5,-0.462335467338562,-0.02653818391263485,-0.03191173076629639,True
1710807515,fk_qslstm,ema,test,1000392,6,-0.5532458424568176,-0.3531780540943146,-0.35512775182724,True
1710807515,fk_qslstm,ema,test,1000392,7,-0.44119763374328613,-0.5472609996795654,-0.5471185445785522,True
1710807515,fk_qslstm,ema,test,1000392,8,0.8692649006843567,0.08375014364719391,0.08371543884277344,True
1710807515,fk_qslstm,ema,test,1000392,9,-0.14106334745883942,-0.017637893557548523,-0.014298170804977417,True
1710807515,fk_qslstm,ema,test,1000392,10,0.6779477000236511,0.3926583230495453,0.39187756180763245,True
1710807515,fk_qslstm,ema,test,1000392,11,-0.5304530262947083,-0.004145182203501463,-0.002820432186126709,True
1710807515,fk_qslstm,ema,test,1000392,12,-0.3541446328163147,-0.21580292284488678,-0.21326041221618652,True
1710807515,fk_qslstm,ema,test,1000392,13,0.12336613237857819,-0.09862265735864639,-0.09633350372314453,True
1710807515,fk_qslstm,ema,test,1000392,14,-0.7755131721496582,-0.5442060232162476,-0.5440329909324646,True
1710807515,fk_qslstm,ema,test,1000392,15,0.5038867592811584,-0.13303275406360626,-0.1341349184513092,True
1710807515,fk_qslstm,ema,test,1000392,16,-0.7278926968574524,-0.5431618094444275,-0.54527348279953,True
1710807515,fk_qslstm,ema,test,1000392,17,-0.06660183519124985,-0.47449058294296265,-0.4762622117996216,True
1710807515,fk_qslstm,ema,test,1000392,18,0.4881627857685089,-0.08669478446245193,-0.08970978856086731,True
1710807515,fk_qslstm,ema,test,1000392,19,0.8723924160003662,0.45407959818840027,0.4481890797615051,True
1710807515,fk_qslstm,ema,test,1000392,20,-0.8718701004981995,-0.15985837578773499,-0.16212311387062073,True
1710807515,fk_qslstm,ema,test,1000392,21,0.7301223874092102,0.3101867139339447,0.30362552404403687,True
1710807515,fk_qslstm,ema,test,1000392,22,-0.02072302997112274,0.23571555316448212,0.23243728280067444,True
1710807515,fk_qslstm,ema,test,1000392,23,0.28609025478363037,0.3602266013622284,0.35509809851646423,True
1710807515,fk_qslstm,ema,test,1000392,24,-0.6149455904960632,-0.0807860717177391,-0.082699716091156,True
1710807515,fk_qslstm,ema,test,1000392,25,0.5556511878967285,0.26876184344291687,0.26459652185440063,True
1710807515,fk_qslstm,ema,test,1000392,26,-0.5066760182380676,-0.08899611979722977,-0.08764097094535828,True
1710807515,fk_qslstm,ema,test,1000392,27,-0.9933094382286072,-0.6671825647354126,-0.666607141494751,True
1710807515,fk_qslstm,ema,test,1000392,28,-0.5462339520454407,-0.8614863753318787,-0.8631545901298523,True
1710807515,fk_qslstm,ema,test,1000392,29,-0.49508458375930786,-0.9862398505210876,-0.9886742234230042,True
1710807515,fk_qslstm,ema,test,1000392,30,0.04833747819066048,-0.7599894404411316,-0.7604514956474304,True
1710807515,fk_qslstm,ema,test,1000392,31,-0.20549125969409943,-0.7312862873077393,-0.7312131524085999,True
1710807515,fk_qslstm,ema,test,1000393,0,-0.6518527269363403,-0.3911116421222687,-0.38788866996765137,True
1710807515,fk_qslstm,ema,test,1000393,1,-0.6392205953598022,-0.6964216828346252,-0.7054420113563538,True
1710807515,fk_qslstm,ema,test,1000393,2,-0.32412001490592957,-0.7516093850135803,-0.7665808796882629,True
1710807515,fk_qslstm,ema,test,1000393,3,-0.1782250702381134,-0.708222508430481,-0.7172911763191223,True
1710807515,fk_qslstm,ema,test,1000393,4,-0.6609728932380676,-0.9631617665290833,-0.9735496640205383,True
1710807515,fk_qslstm,ema,test,1000393,5,-0.6150330901145935,-1.1395492553710938,-1.149437665939331,True
1710807515,fk_qslstm,ema,test,1000393,6,0.008649595081806183,-0.9064496755599976,-0.9158921837806702,True
1710807515,fk_qslstm,ema,test,1000393,7,-0.43380972743034363,-0.9854455590248108,-0.9962701201438904,True
1710807515,fk_qslstm,ema,test,1000393,8,-0.19842031598091125,-0.9074086546897888,-0.9159947037696838,True
1710807515,fk_qslstm,ema,test,1000393,9,0.6919419765472412,-0.3107617199420929,-0.3072046637535095,True
1710807515,fk_qslstm,ema,test,1000393,10,0.3236095905303955,-0.054443616420030594,-0.05145835876464844,True
1710807515,fk_qslstm,ema,test,1000393,11,0.16235004365444183,0.053855136036872864,0.055885449051856995,True
1710807515,fk_qslstm,ema,test,1000393,12,0.8570799231529236,0.5573320984840393,0.5588046312332153,True
1710807515,fk_qslstm,ema,test,1000393,13,0.45962339639663696,0.7216396927833557,0.7234170436859131,True
1710807515,fk_qslstm,ema,test,1000393,14,0.6415970325469971,0.9622699618339539,0.9681301712989807,True
1710807515,fk_qslstm,ema,test,1000393,15,0.53105229139328,1.0884473323822021,1.0952305793762207,True
1710807515,fk_qslstm,ema,test,1000393,16,-0.589069128036499,0.5173164010047913,0.5184415578842163,True
1710807515,fk_qslstm,ema,test,1000393,17,-0.6947789788246155,-0.0030142622999846935,-0.004510253667831421,True
1710807515,fk_qslstm,ema,test,1000393,18,-0.16172531247138977,-0.099446602165699,-0.0969056487083435,True
1710807515,fk_qslstm,ema,test,1000393,19,0.6748821139335632,0.32537198066711426,0.32721400260925293,True
1710807515,fk_qslstm,ema,test,1000393,20,-0.02299732342362404,0.2464991807937622,0.24896091222763062,True
1710807515,fk_qslstm,ema,test,1000393,21,-0.7639122605323792,-0.26114800572395325,-0.25911247730255127,True
1710807515,fk_qslstm,ema,test,1000393,22,0.45822736620903015,0.0660180076956749,0.06498488783836365,True
1710807515,fk_qslstm,ema,test,1000393,23,-0.622083306312561,-0.3204355537891388,-0.3184657096862793,True
1710807515,fk_qslstm,ema,test,1000393,24,-0.9551529288291931,-0.8294402360916138,-0.8316095471382141,True
1710807515,fk_qslstm,ema,test,1000393,25,0.14939019083976746,-0.5739180445671082,-0.5728190541267395,True
1710807515,fk_qslstm,ema,test,1000393,26,0.581487774848938,-0.11024177074432373,-0.10926732420921326,True
1710807515,fk_qslstm,ema,test,1000393,27,-0.10386686027050018,-0.15051352977752686,-0.14717251062393188,True
1710807515,fk_qslstm,ema,test,1000393,28,0.30160802602767944,0.06055399775505066,0.05936558544635773,True
1710807515,fk_qslstm,ema,test,1000393,29,0.8774480223655701,0.5749120116233826,0.573406457901001,True
1710807515,fk_qslstm,ema,test,1000393,30,-0.17830632627010345,0.35294580459594727,0.3497193157672882,True
1710807515,fk_qslstm,ema,test,1000393,31,-0.40548455715179443,0.03906591236591339,0.03725630044937134,True
1710807515,fk_qslstm,ema,test,1000394,0,0.32073044776916504,0.1924382746219635,0.1924332082271576,True
1710807515,fk_qslstm,ema,test,1000394,1,0.06735672801733017,0.19436465203762054,0.19840222597122192,True
1710807515,fk_qslstm,ema,test,1000394,2,0.8275987505912781,0.6520509719848633,0.6501920223236084,True
1710807515,fk_qslstm,ema,test,1000394,3,-0.46153298020362854,0.24472099542617798,0.2419266402721405,True
1710807515,fk_qslstm,ema,test,1000394,4,0.5929890275001526,0.5515702366828918,0.54817134141922,True
1710807515,fk_qslstm,ema,test,1000394,5,-0.9229102730751038,-0.11248999089002609,-0.10948848724365234,True
1710807515,fk_qslstm,ema,test,1000394,6,0.15589512884616852,0.003545081941410899,0.005191415548324585,True
1710807515,fk_qslstm,ema,test,1000394,7,0.345683753490448,0.21024630963802338,0.21123260259628296,True
1710807515,fk_qslstm,ema,test,1000394,8,0.09653356671333313,0.22611717879772186,0.22746628522872925,True
1710807515,fk_qslstm,ema,test,1000394,9,-0.7708835601806641,-0.28163638710975647,-0.27937519550323486,True
1710807515,fk_qslstm,ema,test,1000394,10,-0.13614331185817719,-0.30699509382247925,-0.30222219228744507,True
1710807515,fk_qslstm,ema,test,1000394,11,0.44419893622398376,0.02092329040169716,0.0236547589302063,True
1710807515,fk_qslstm,ema,test,1000394,12,-0.9146164655685425,-0.532031238079071,-0.5284804105758667,True
1710807515,fk_qslstm,ema,test,1000394,13,0.5929420590400696,-0.06985975801944733,-0.06775352358818054,True
1710807515,fk_qslstm,ema,test,1000394,14,0.4747772216796875,0.22897852957248688,0.22839313745498657,True
1710807515,fk_qslstm,ema,test,1000394,15,-0.5846485495567322,-0.16760630905628204,-0.1661159098148346,True
1710807515,fk_qslstm,ema,test,1000394,16,-0.2510300278663635,-0.2847030460834503,-0.2814767360687256,True
1710807515,fk_qslstm,ema,test,1000394,17,0.8416820168495178,0.27724674344062805,0.27766215801239014,True
1710807515,fk_qslstm,ema,test,1000394,18,-0.9689217209815979,-0.3595556318759918,-0.35236555337905884,True
1710807515,fk_qslstm,ema,test,1000394,19,-0.9980155825614929,-0.8864538669586182,-0.8841491341590881,True
1710807515,fk_qslstm,ema,test,1000394,20,0.3329291343688965,-0.5094056129455566,-0.5030996799468994,True
1710807515,fk_qslstm,ema,test,1000394,21,0.7708052396774292,0.054958656430244446,0.05926212668418884,True
1710807515,fk_qslstm,ema,test,1000394,22,-0.13892985880374908,-0.03939099237322807,-0.03220263123512268,True
1710807515,fk_qslstm,ema,test,1000394,23,-0.8688477277755737,-0.5528214573860168,-0.5493854880332947,True
1710807515,fk_qslstm,ema,test,1000394,24,0.45939648151397705,-0.16661927103996277,-0.16378694772720337,True
1710807515,fk_qslstm,ema,test,1000394,25,-0.0395730659365654,-0.15703925490379333,-0.15177395939826965,True
1710807515,fk_qslstm,ema,test,1000394,26,-0.48520994186401367,-0.41675737500190735,-0.4119883179664612,True
1710807515,fk_qslstm,ema,test,1000394,27,-0.41531601548194885,-0.5825955271720886,-0.578863799571991,True
1710807515,fk_qslstm,ema,test,1000394,28,0.1187044307589531,-0.39485374093055725,-0.39072632789611816,True
1710807515,fk_qslstm,ema,test,1000394,29,0.9661030173301697,0.26377883553504944,0.260016530752182,True
1710807515,fk_qslstm,ema,test,1000394,30,0.13849814236164093,0.29412195086479187,0.2879297435283661,True
1710807515,fk_qslstm,ema,test,1000394,31,-0.6563502550125122,-0.15851259231567383,-0.16395676136016846,True
1710807515,fk_qslstm,ema,test,1000395,0,0.32741039991378784,0.1964462399482727,0.1964331567287445,True
1710807515,fk_qslstm,ema,test,1000395,1,-0.7057324647903442,-0.26628249883651733,-0.25612932443618774,True
1710807515,fk_qslstm,ema,test,1000395,2,0.8585955500602722,0.302131325006485,0.29802221059799194,True
1710807515,fk_qslstm,ema,test,1000395,3,0.3061097264289856,0.4253709018230438,0.42045125365257263,True
1710807515,fk_qslstm,ema,test,1000395,4,-0.5757821798324585,-0.005172596778720617,-0.008449703454971313,True
1710807515,fk_qslstm,ema,test,1000395,5,0.6335942149162292,0.3760184347629547,0.3711792826652527,True
1710807515,fk_qslstm,ema,test,1000395,6,0.4911350607872009,0.5954957604408264,0.5933200716972351,True
1710807515,fk_qslstm,ema,test,1000395,7,0.5404798984527588,0.8006845712661743,0.801796555519104,True
1710807515,fk_qslstm,ema,test,1000395,8,0.8364455103874207,1.142414927482605,1.1465201377868652,True
1710807515,fk_qslstm,ema,test,1000395,9,0.003505173372104764,0.9160350561141968,0.9184878468513489,True
1710807515,fk_qslstm,ema,test,1000395,10,-0.21837623417377472,0.6018022894859314,0.6003519296646118,True
1710807515,fk_qslstm,ema,test,1000395,11,-0.30013108253479004,0.3013631999492645,0.29840517044067383,True
1710807515,fk_qslstm,ema,test,1000395,12,0.6591677665710449,0.6365911960601807,0.6376731991767883,True
1710807515,fk_qslstm,ema,test,1000395,13,0.8962585926055908,1.0470280647277832,1.053880214691162,True
1710807515,fk_qslstm,ema,test,1000395,14,-0.910422682762146,0.29136887192726135,0.2974901497364044,True
1710807515,fk_qslstm,ema,test,1000395,15,-0.29554077982902527,0.055770643055438995,0.06136429309844971,True
1710807515,fk_qslstm,ema,test,1000395,16,0.9597247242927551,0.6204513311386108,0.62534099817276,True
1710807515,fk_qslstm,ema,test,1000395,17,0.5376353859901428,0.8189423084259033,0.8240595459938049,True
1710807515,fk_qslstm,ema,test,1000395,18,0.7366050481796265,1.0971168279647827,1.1046210527420044,True
1710807515,fk_qslstm,ema,test,1000395,19,0.7579944729804993,1.3324902057647705,1.3312220573425293,True
1710807515,fk_qslstm,ema,test,1000395,20,-0.6062337756156921,0.7022518515586853,0.7068357467651367,True
1710807515,fk_qslstm,ema,test,1000395,21,-0.048056188970804214,0.5329678058624268,0.5340200662612915,True
1710807515,fk_qslstm,ema,test,1000395,22,0.24488680064678192,0.5733063220977783,0.5716074109077454,True
1710807515,fk_qslstm,ema,test,1000395,23,-0.7548829913139343,0.005715236533433199,0.0025094449520111084,True
1710807515,fk_qslstm,ema,test,1000395,24,0.4999259412288666,0.30452775955200195,0.2988099455833435,True
1710807515,fk_qslstm,ema,test,1000395,25,0.13610191643238068,0.32528334856033325,0.32140880823135376,True
1710807515,fk_qslstm,ema,test,1000395,26,0.33516553044319153,0.461326003074646,0.45695385336875916,True
1710807515,fk_qslstm,ema,test,1000395,27,-0.2408975064754486,0.22452230751514435,0.22337821125984192,True
1710807515,fk_qslstm,ema,test,1000395,28,-0.6075355410575867,-0.18490347266197205,-0.18409126996994019,True
1710807515,fk_qslstm,ema,test,1000395,29,0.8298794627189636,0.3500048816204071,0.34932059049606323,True
1710807515,fk_qslstm,ema,test,1000395,30,0.646747887134552,0.6680526733398438,0.6708799004554749,True
1710807515,fk_qslstm,ema,test,1000395,31,0.44089916348457336,0.7989816069602966,0.8019670248031616,True
1710807515,fk_qslstm,ema,test,1000396,0,-0.10768338292837143,-0.06461002677679062,-0.06308335065841675,True
1710807515,fk_qslstm,ema,test,1000396,1,-0.8416751027107239,-0.5566930770874023,-0.5549511909484863,True
1710807515,fk_qslstm,ema,test,1000396,2,0.34412670135498047,-0.23887842893600464,-0.24548333883285522,True
1710807515,fk_qslstm,ema,test,1000396,3,0.08278817683458328,-0.1414298415184021,-0.14502638578414917,True
1710807515,fk_qslstm,ema,test,1000396,4,0.5856936573982239,0.23827232420444489,0.23258095979690552,True
1710807515,fk_qslstm,ema,test,1000396,5,-0.8341730237007141,-0.30988597869873047,-0.3114592432975769,True
1710807515,fk_qslstm,ema,test,1000396,6,-0.3004246950149536,-0.4281635880470276,-0.4281121492385864,True
1710807515,fk_qslstm,ema,test,1000396,7,0.3012380599975586,-0.16178804636001587,-0.16107910871505737,True
1710807515,fk_qslstm,ema,test,1000396,8,0.7998254895210266,0.3504648506641388,0.34858763217926025,True
1710807515,fk_qslstm,ema,test,1000396,9,0.3485899567604065,0.48952585458755493,0.48576706647872925,True
1710807515,fk_qslstm,ema,test,1000396,10,0.6137176752090454,0.7598512768745422,0.7594879865646362,True
1710807515,fk_qslstm,ema,test,1000396,11,-0.4899296462535858,0.3139232397079468,0.3104802966117859,True
1710807515,fk_qslstm,ema,test,1000396,12,-0.7072722911834717,-0.1732247918844223,-0.17683163285255432,True
1710807515,fk_qslstm,ema,test,1000396,13,-0.39583519101142883,-0.3760809600353241,-0.37576520442962646,True
1710807515,fk_qslstm,ema,test,1000396,14,0.7055202722549438,0.12244739383459091,0.1228938102722168,True
1710807515,fk_qslstm,ema,test,1000396,15,-0.38755616545677185,-0.1345757693052292,-0.12926837801933289,True
1710807515,fk_qslstm,ema,test,1000396,16,0.8275098204612732,0.3888452649116516,0.38938313722610474,True
1710807515,fk_qslstm,ema,test,1000396,17,-0.9884108304977417,-0.2819702923297882,-0.27305614948272705,True
1710807515,fk_qslstm,ema,test,1000396,18,0.12922681868076324,-0.14804013073444366,-0.14239197969436646,True
1710807515,fk_qslstm,ema,test,1000396,19,-0.6251182556152344,-0.49350306391716003,-0.4886254668235779,True
1710807515,fk_qslstm,ema,test,1000396,20,0.44350215792655945,-0.12870115041732788,-0.12624475359916687,True
1710807515,fk_qslstm,ema,test,1000396,21,-0.5245016813278198,-0.4176619350910187,-0.4140210747718811,True
1710807515,fk_qslstm,ema,test,1000396,22,0.21184071898460388,-0.20702511072158813,-0.20631110668182373,True
1710807515,fk_qslstm,ema,test,1000396,23,-0.8233051300048828,-0.6596031785011292,-0.6620599627494812,True
1710807515,fk_qslstm,ema,test,1000396,24,0.6698967218399048,-0.1257445216178894,-0.1269931197166443,True
1710807515,fk_qslstm,ema,test,1000396,25,-0.862896203994751,-0.6183333396911621,-0.6202088594436646,True
1710807515,fk_qslstm,ema,test,1000396,26,-0.07497702538967133,-0.5396528840065002,-0.5417521595954895,True
1710807515,fk_qslstm,ema,test,1000396,27,0.9392102956771851,0.13180387020111084,0.126905620098114,True
1710807515,fk_qslstm,ema,test,1000396,28,0.5037899613380432,0.4077170789241791,0.4010263681411743,True
1710807515,fk_qslstm,ema,test,1000396,29,0.4115822911262512,0.573123037815094,0.5658586025238037,True
1710807515,fk_qslstm,ema,test,1000396,30,-0.9577533006668091,-0.1161535456776619,-0.11620056629180908,True
1710807515,fk_qslstm,ema,test,1000396,31,0.8376936912536621,0.4096933603286743,0.40751156210899353,True
1710807515,fk_qslstm,ema,test,1000397,0,0.9323907494544983,0.5594344735145569,0.5474051833152771,True
1710807515,fk_qslstm,ema,test,1000397,1,-0.4365611970424652,0.1856108456850052,0.19050532579421997,True
1710807515,fk_qslstm,ema,test,1000397,2,0.6172687411308289,0.5188499093055725,0.5149173736572266,True
1710807515,fk_qslstm,ema,test,1000397,3,-0.7763100266456604,-0.050706084817647934,-0.05421966314315796,True
1710807515,fk_qslstm,ema,test,1000397,4,0.15427368879318237,0.05199934542179108,0.045513927936553955,True
1710807515,fk_qslstm,ema,test,1000397,5,-0.8043975830078125,-0.4410390555858612,-0.4458218216896057,True
1710807515,fk_qslstm,ema,test,1000397,6,-0.7808725237846375,-0.8213547468185425,-0.831441342830658,True
1710807515,fk_qslstm,ema,test,1000397,7,0.9908156394958496,-0.06259442865848541,-0.06960642337799072,True
1710807515,fk_qslstm,ema,test,1000397,8,-0.9386408925056458,-0.6132600903511047,-0.6173602938652039,True
1710807515,fk_qslstm,ema,test,1000397,9,0.008097573183476925,-0.4857495129108429,-0.4898776412010193,True
1710807515,fk_qslstm,ema,test,1000397,10,-0.16586995124816895,-0.48812156915664673,-0.48861104249954224,True
1710807515,fk_qslstm,ema,test,1000397,11,0.5888370275497437,-0.03719504922628403,-0.03878262639045715,True
1710807515,fk_qslstm,ema,test,1000397,12,0.7065154314041138,0.3941532373428345,0.3907333016395569,True
1710807515,fk_qslstm,ema,test,1000397,13,0.7613399028778076,0.7721265554428101,0.7727321982383728,True
1710807515,fk_qslstm,ema,test,1000397,14,0.6227243542671204,0.9913358688354492,0.9949790835380554,True
1710807515,fk_qslstm,ema,test,1000397,15,-0.09209761768579483,0.7378101348876953,0.7369710803031921,True
1710807515,fk_qslstm,ema,test,1000397,16,-0.804765522480011,0.10738878697156906,0.10353162884712219,True
1710807515,fk_qslstm,ema,test,1000397,17,0.4970555305480957,0.3841443359851837,0.379416823387146,True
1710807515,fk_qslstm,ema,test,1000397,18,-0.7798275351524353,-0.16058103740215302,-0.1609022319316864,True
1710807515,fk_qslstm,ema,test,1000397,19,0.7382729649543762,0.3144989609718323,0.31200045347213745,True
1710807515,fk_qslstm,ema,test,1000397,20,0.9066101908683777,0.7955652475357056,0.7986541986465454,True
1710807515,fk_qslstm,ema,test,1000397,21,-0.27681952714920044,0.47036048769950867,0.4676244854927063,True
1710807515,fk_qslstm,ema,test,1000397,22,-0.40194132924079895,0.1351235955953598,0.1321437954902649,True
1710807515,fk_qslstm,ema,test,1000397,23,0.041849322617053986,0.1332084685564041,0.13169965147972107,True
1710807515,fk_qslstm,ema,test,1000397,24,-0.2655111253261566,-0.05273989588022232,-0.04883366823196411,True
1710807515,fk_qslstm,ema,test,1000397,25,-0.24388882517814636,-0.1885252147912979,-0.18135040998458862,True
1710807515,fk_qslstm,ema,test,1000397,26,-0.34838324785232544,-0.35985010862350464,-0.3507809638977051,True
1710807515,fk_qslstm,ema,test,1000397,27,0.43508559465408325,-0.026828734204173088,-0.022086113691329956,True
1710807515,fk_qslstm,ema,test,1000397,28,-0.22447600960731506,-0.15614858269691467,-0.1488584578037262,True
1710807515,fk_qslstm,ema,test,1000397,29,-0.9016909599304199,-0.6659334301948547,-0.6631622910499573,True
1710807515,fk_qslstm,ema,test,1000397,30,-0.568169116973877,-0.8736482262611389,-0.875467836856842,True
1710807515,fk_qslstm,ema,test,1000397,31,0.564819872379303,-0.36002665758132935,-0.3562133312225342,True
1710807515,fk_qslstm,ema,test,1000398,0,-0.9838125705718994,-0.5902875065803528,-0.5740199685096741,True
1710807515,fk_qslstm,ema,test,1000398,1,-0.15362204611301422,-0.564403235912323,-0.5646815896034241,True
1710807515,fk_qslstm,ema,test,1000398,2,0.43086910247802734,-0.1930011361837387,-0.19149506092071533,True
1710807515,fk_qslstm,ema,test,1000398,3,-0.09649671614170074,-0.2122989445924759,-0.2044176459312439,True
1710807515,fk_qslstm,ema,test,1000398,4,0.22253811359405518,-0.03631628304719925,-0.029228121042251587,True
1710807515,fk_qslstm,ema,test,1000398,5,0.4045669436454773,0.21368715167045593,0.21839281916618347,True
1710807515,fk_qslstm,ema,test,1000398,6,0.9569011926651001,0.7450904250144958,0.7506523132324219,True
1710807515,fk_qslstm,ema,test,1000398,7,0.21016348898410797,0.7221704125404358,0.7231285572052002,True
1710807515,fk_qslstm,ema,test,1000398,8,0.3462854027748108,0.7855075597763062,0.7859635353088379,True
1710807515,fk_qslstm,ema,test,1000398,9,-0.49024075269699097,0.33426162600517273,0.33120638132095337,True
1710807515,fk_qslstm,ema,test,1000398,10,0.26242291927337646,0.4248630404472351,0.4210488796234131,True
1710807515,fk_qslstm,ema,test,1000398,11,-0.7647958993911743,-0.11898712068796158,-0.11919468641281128,True
1710807515,fk_qslstm,ema,test,1000398,12,0.9776562452316284,0.4914040267467499,0.486919641494751,True
1710807515,fk_qslstm,ema,test,1000398,13,0.9541550278663635,0.9656162261962891,0.9663909673690796,True
1710807515,fk_qslstm,ema,test,1000398,14,-0.24168574810028076,0.6274815797805786,0.620923638343811,True
1710807515,fk_qslstm,ema,test,1000398,15,0.7727658152580261,0.9656447172164917,0.9659618139266968,True
1710807515,fk_qslstm,ema,test,1000398,16,-0.6220988035202026,0.39925649762153625,0.39247775077819824,True
1710807515,fk_qslstm,ema,test,1000398,17,0.5870757699012756,0.6716506481170654,0.6667855978012085,True
1710807515,fk_qslstm,ema,test,1000398,18,-0.8419891595840454,0.032127026468515396,0.029341965913772583,True
1710807515,fk_qslstm,ema,test,1000398,19,-0.2449653595685959,-0.1212775930762291,-0.12095940113067627,True
1710807515,fk_qslstm,ema,test,1000398,20,-0.997757077217102,-0.695676326751709,-0.6933157444000244,True
1710807515,fk_qslstm,ema,test,1000398,21,-0.8360950350761414,-1.058198094367981,-1.058769702911377,True
1710807515,fk_qslstm,ema,test,1000398,22,0.7869275808334351,-0.37440192699432373,-0.3652632236480713,True
1710807515,fk_qslstm,ema,test,1000398,23,0.49513009190559387,-0.0024434872902929783,0.0021792352199554443,True
1710807515,fk_qslstm,ema,test,1000398,24,-0.27589452266693115,-0.16749149560928345,-0.1599840521812439,True
1710807515,fk_qslstm,ema,test,1000398,25,0.10862361639738083,-0.06881903111934662,-0.06334471702575684,True
1710807515,fk_qslstm,ema,test,1000398,26,-0.9515372514724731,-0.6259775757789612,-0.6209540367126465,True
1710807515,fk_qslstm,ema,test,1000398,27,-0.6401487588882446,-0.8848713040351868,-0.8859363198280334,True
1710807515,fk_qslstm,ema,test,1000398,28,0.38019105792045593,-0.4797824025154114,-0.47646552324295044,True
1710807515,fk_qslstm,ema,test,1000398,29,0.6795074939727783,0.023878568783402443,0.024888306856155396,True
1710807515,fk_qslstm,ema,test,1000398,30,-0.030377518385648727,0.0008763434598222375,0.003332376480102539,True
1710807515,fk_qslstm,ema,test,1000398,31,0.5762352347373962,0.34644222259521484,0.3451283872127533,True
1710807515,fk_qslstm,ema,test,1000399,0,0.7421028017997742,0.445261687040329,0.44164007902145386,True
1710807515,fk_qslstm,ema,test,1000399,1,0.823079526424408,0.850057065486908,0.8600752949714661,True
1710807515,fk_qslstm,ema,test,1000399,2,0.8208834528923035,1.1725757122039795,1.1793746948242188,True
1710807515,fk_qslstm,ema,test,1000399,3,-0.5155274868011475,0.6287441253662109,0.6285039782524109,True
1710807515,fk_qslstm,ema,test,1000399,4,0.8234614729881287,0.997072160243988,1.0034657716751099,True
1710807515,fk_qslstm,ema,test,1000399,5,-0.762863039970398,0.3399398922920227,0.3371211886405945,True
1710807515,fk_qslstm,ema,test,1000399,6,-0.6405370831489563,-0.1123703196644783,-0.11830341815948486,True
1710807515,fk_qslstm,ema,test,1000399,7,0.13352009654045105,-0.009784197434782982,-0.01552322506904602,True
1710807515,fk_qslstm,ema,test,1000399,8,0.7152279615402222,0.4213094413280487,0.41610315442085266,True
1710807515,fk_qslstm,ema,test,1000399,9,-0.6293021440505981,-0.040533747524023056,-0.04391038417816162,True
1710807515,fk_qslstm,ema,test,1000399,10,-0.9870430827140808,-0.6246528625488281,-0.6286956667900085,True
1710807515,fk_qslstm,ema,test,1000399,11,-0.9270943403244019,-1.0559788942337036,-1.06001877784729,True
1710807515,fk_qslstm,ema,test,1000399,12,-0.7663732767105103,-1.3046070337295532,-1.3017377853393555,True
1710807515,fk_qslstm,ema,test,1000399,13,0.8429160118103027,-0.5379360318183899,-0.5329355597496033,True
1710807515,fk_qslstm,ema,test,1000399,14,-0.7317372560501099,-0.869391143321991,-0.8744109272956848,True
1710807515,fk_qslstm,ema,test,1000399,15,0.8615338206291199,-0.17859265208244324,-0.1765260100364685,True
1710807515,fk_qslstm,ema,test,1000399,16,0.3209380507469177,0.04968871921300888,0.05098241567611694,True
1710807515,fk_qslstm,ema,test,1000399,17,-0.7178864479064941,-0.39098089933395386,-0.39006710052490234,True
1710807515,fk_qslstm,ema,test,1000399,18,0.8948696851730347,0.2241370975971222,0.221427321434021,True
1710807515,fk_qslstm,ema,test,1000399,19,0.5916690826416016,0.5343111753463745,0.5331436395645142,True
1710807515,fk_qslstm,ema,test,1000399,20,-0.20909088850021362,0.3019943833351135,0.30111539363861084,True
1710807515,fk_qslstm,ema,test,1000399,21,0.15175001323223114,0.3326455056667328,0.3305937349796295,True
1710807515,fk_qslstm,ema,test,1000399,22,0.6660292148590088,0.6657339334487915,0.6681672930717468,True
1710807515,fk_qslstm,ema,test,1000399,23,-0.29415616393089294,0.35609346628189087,0.3575434684753418,True
1710807515,fk_qslstm,ema,test,1000399,24,0.5370643138885498,0.6071133613586426,0.6092461347579956,True
1710807515,fk_qslstm,ema,test,1000399,25,0.3439309000968933,0.6920492053031921,0.6949648261070251,True
1710807515,fk_qslstm,ema,test,1000399,26,0.626785933971405,0.9297109246253967,0.9372542500495911,True
1710807515,fk_qslstm,ema,test,1000399,27,0.8535804748535156,1.2559170722961426,1.2596678733825684,True
1710807515,fk_qslstm,ema,test,1000399,28,-0.2566372752189636,0.8507512807846069,0.8557398319244385,True
1710807515,fk_qslstm,ema,test,1000399,29,0.7704938054084778,1.142897367477417,1.1540923118591309,True
1710807515,fk_qslstm,ema,test,1000399,30,-0.7765342593193054,0.44839730858802795,0.4535865783691406,True
1710807515,fk_qslstm,ema,test,1000399,31,0.9161211252212524,0.9083905220031738,0.9181012511253357,True
